0 0 disc 0.0 0.8019607843137255 1.0
0 1 inner 0.0 0.34705882352941175 1.0
0 1 outer 0.0 0.0 1.0
1 1 disc 0.21189120809614148 1.0 0.7558507273877295
1 2 inner 0.04743833017077798 0.9588235294117647 0.920303605313093
1 2 outer 0.0 0.8960784313725491 0.9709044908285895
2 2 disc 0.3257432005060088 1.0 0.6419987349778622
2 3 inner 0.06008855154965211 0.9745098039215686 0.9076533839342189
2 3 outer 0.04743833017077798 0.9588235294117647 0.920303605313093
3 3 disc 0.2371916508538899 1.0 0.7305502846299811
3 4 inner 0.0980392156862745 1.0 0.8697027197975965
3 4 outer 0.148640101201771 1.0 0.8191018342820999
4 4 disc 0.11068943706514844 1.0 0.8570524984187226
4 5 inner 0.13598987982289687 1.0 0.8317520556609741
4 5 outer 0.19924098671726753 1.0 0.7685009487666035
5 5 disc 0.3636938646426312 1.0 0.6040480708412397
5 6 inner 0.0 0.26862745098039204 1.0
5 6 outer 0.0 0.12745098039215685 1.0
6 6 disc 0.6293485135989879 1.0 0.338393421884883
6 7 inner 0.3636938646426312 1.0 0.6040480708412397
6 7 outer 0.4016445287792536 1.0 0.5660974067046174
7 7 disc 0.3257432005060088 1.0 0.6419987349778622
7 8 inner 0.5913978494623655 1.0 0.3763440860215054
7 8 outer 0.5660974067046173 1.0 0.4016445287792536
8 8 disc 0.9456040480708408 0.9883805374001459 0.022137887413030133
8 9 inner 0.45224541429475007 1.0 0.5154965211891208
8 9 outer 0.5407969639468686 1.0 0.4269449715370023
9 9 disc 0.42694497153700184 1.0 0.540796963946869
9 10 inner 0.7052498418722326 1.0 0.26249209361163817
9 10 outer 0.6546489563567361 1.0 0.31309297912713474
10 10 disc 0.9456040480708408 0.9883805374001459 0.022137887413030133
10 11 inner 0.5660974067046173 1.0 0.4016445287792536
10 11 outer 0.5913978494623655 1.0 0.3763440860215054
11 11 disc 0.7558507273877292 1.0 0.2118912080961417
11 12 inner 0.7558507273877292 1.0 0.2118912080961417
11 12 outer 0.6040480708412397 1.0 0.3636938646426312
12 12 disc 0.7685009487666034 1.0 0.19924098671726753
12 13 inner 0.45224541429475007 1.0 0.5154965211891208
12 13 outer 0.4901960784313725 1.0 0.4775458570524984
13 13 disc 0.42694497153700184 1.0 0.540796963946869
13 14 inner 0.5534471853257431 1.0 0.4142947501581278
13 14 outer 0.5787476280834913 1.0 0.38899430740037955
14 14 disc 0.5281467425679949 1.0 0.439595192915876
14 15 inner 0.5913978494623655 1.0 0.3763440860215054
14 15 outer 0.5913978494623655 1.0 0.3763440860215054
15 15 disc 0.6672991777356103 1.0 0.30044275774826057
15 16 inner 0.4901960784313725 1.0 0.4775458570524984
15 16 outer 0.5028462998102466 1.0 0.46489563567362435
16 16 disc 0.3763440860215053 1.0 0.5913978494623656
16 17 inner 0.4901960784313725 1.0 0.4775458570524984
16 17 outer 0.5028462998102466 1.0 0.46489563567362435
17 17 disc 0.47754585705249836 1.0 0.4901960784313726
17 18 inner 0.3383934218848829 1.0 0.629348513598988
17 18 outer 0.43959519291587595 1.0 0.5281467425679949
18 18 disc 0.3383934218848829 1.0 0.629348513598988
18 19 inner 0.0 0.6294117647058823 1.0
18 19 outer 0.0 0.0 0.820855614973262
19 19 disc 1.0 0.9012345679012348 0.0
19 20 inner 1.0 0.8576615831517794 0.0
19 20 outer 1.0 0.872185911401598 0.0
20 20 disc 0.8191018342820998 1.0 0.14864010120177107
20 21 inner 1.0 0.8140885984023241 0.0
20 21 outer 1.0 0.7705156136528688 0.0
21 21 disc 1.0 0.7850399419026872 0.0
21 22 inner 1.0 0.8140885984023241 0.0
21 22 outer 1.0 0.7705156136528688 0.0
22 22 disc 0.9203036053130929 1.0 0.04743833017077803
22 23 inner 1.0 0.7850399419026872 0.0
22 23 outer 1.0 0.7559912854030507 0.0
23 23 disc 1.0 0.8286129266521426 0.0
23 24 inner 0.8191018342820998 1.0 0.14864010120177107
23 24 outer 0.6925996204933585 1.0 0.27514231499051234
24 24 disc 0.6546489563567361 1.0 0.31309297912713474
24 25 inner 1.0 0.7850399419026872 0.0
24 25 outer 1.0 0.7705156136528688 0.0
25 25 disc 0.7811511701454774 1.0 0.18659076533839347
25 26 inner 1.0 0.872185911401598 0.0
25 26 outer 1.0 0.6688453159041396 0.0
26 26 disc 1.0 0.8140885984023241 0.0
26 27 inner 1.0 0.872185911401598 0.0
26 27 outer 1.0 0.7559912854030507 0.0
27 27 disc 1.0 0.8576615831517794 0.0
27 28 inner 0.9076533839342187 1.0 0.06008855154965209
27 28 outer 1.0 0.6833696441539581 0.0
28 28 disc 0.8823529411764705 1.0 0.08538899430740043
28 29 inner 0.8064516129032256 1.0 0.16129032258064513
28 29 outer 0.2877925363693864 1.0 0.6799493991144845
29 29 disc 1.0 0.5090777051561368 0.0
29 30 inner 0.0 0.0 0.5
