0 0 11.250298417906333
1 0.02400830559999024 14.836592842132669
1 0.02400830559999024 10.533329732305834
2 0.04917085104540901 14.401212860915827
2 0.04917085104540901 10.220378327695228
3 0.07413470935664161 14.203271522207837
3 0.07413470935664161 9.939579214314692
4 0.10002547652143295 13.941231050303049
4 0.10002547652143295 9.642051692927977
5 0.12530882411104502 13.753425699145414
5 0.12530882411104502 9.517669388133811
6 0.15171700957817852 13.540006920751287
6 0.15171700957817852 9.417852514885897
7 0.18023978919958167 13.561168590869755
7 0.18023978919958167 9.459431618637296
8 0.2151506289987521 13.634924465135095
8 0.2151506289987521 9.405141463136344
9 0.2394807219163107 14.227239879225015
9 0.2394807219163107 5.20945336562895
10 0.2925911135133722 8.285402218862249
10 0.2925911135133722 3.584962500721156
11 0.37538716582316983 6.768184324776926
11 0.37538716582316983 2.321928094887362
12 0.48696624861420107 5.977279923499917
12 0.48696624861420107 2.321928094887362
13 0.6928277582060984 4.807354922057604
689646.0
