0 0 4.906890595608519
1 0.05533047877692835 4.0
1 0.05533047877692835 3.169925001442312
2 0.13297115781725097 3.0
2 0.13297115781725097 2.321928094887362
3 0.27005976399961945 2.321928094887362
3 0.27005976399961945 2.321928094887362
4 0.4071483701819879 2.321928094887362
4 0.4071483701819879 2.321928094887362
5 0.5651280934974804 2.0
5 0.5651280934974804 2.0
6 0.7242830365893758 2.0
6 0.7242830365893758 2.0
7 0.8504103448919076 2.0
7 0.8504103448919076 1.584962500721156
8 1.0512415229412053 1.584962500721156
8 1.0512415229412053 1.584962500721156
9 1.252072700990503 1.584962500721156
9 1.252072700990503 1.584962500721156
10 1.6322037980188298 0.0
60.0
