0 0 13.820877000464833
1 0.021368537609475335 16.831270126787793
1 0.021368537609475335 13.110809526898654
2 0.044305849445607004 16.44464286927392
2 0.044305849445607004 12.722594098956584
3 0.06772704352392911 16.206938033524374
3 0.06772704352392911 12.493104892539135
4 0.09149984683167875 15.844656732344339
4 0.09149984683167875 12.193525360501216
5 0.11901343705458937 15.587572440323719
5 0.11901343705458937 11.972620862058745
6 0.1414813224408887 15.616692416953303
6 0.1414813224408887 8.45532722030456
7 0.1762363508209867 11.471675214392045
7 0.1762363508209867 7.285402218862249
8 0.21277044816492183 10.471675214392045
8 0.21277044816492183 6.6293566200796095
9 0.2478287474812744 9.893301530860564
9 0.2478287474812744 6.169925001442312
10 0.293547533591531 9.426264754702098
10 0.293547533591531 6.0
11 0.3454588650875493 9.845490050944376
11 0.3454588650875493 6.0
12 0.3906287462017972 9.377210530388552
12 0.3906287462017972 5.700439718141092
13 0.44241343908572867 8.59245703726808
13 0.44241343908572867 5.044394119358453
14 0.5003494554760832 7.894817763307944
14 0.5003494554760832 4.584962500721156
15 0.5574949188953258 7.491853096329675
15 0.5574949188953258 3.321928094887362
16 0.5855877960332684 6.066089190457772
16 0.5855877960332684 1.584962500721156
17 0.6227475794233478 4.087462841250339
17 0.6227475794233478 1.0
18 0.8110964589228667 3.807354922057604
18 0.8110964589228667 2.584962500721156
19 1.032893206053657 3.700439718141092
1817211.0
