0 0 disc 0.0 0.0 0.5
0 1 inner 0.0 0.0 0.5
0 1 outer 0.0 0.0 0.5
1 1 disc 0.0 0.0 0.5
1 2 inner 0.0 0.0 0.5
1 2 outer 0.0 0.0 0.5
2 2 disc 0.0 0.0 0.5
2 3 inner 0.0 0.0 0.5
2 3 outer 0.0 0.0 0.5
3 3 disc 0.0 0.0 0.517825311942959
3 4 inner 0.0 0.0 0.517825311942959
3 4 outer 0.0 0.0 0.5
4 4 disc 0.0 0.0 0.535650623885918
4 5 inner 0.0 0.0 0.535650623885918
4 5 outer 0.0 0.0 0.535650623885918
5 5 disc 0.0 0.0 0.571301247771836
5 6 inner 0.0 0.0 0.571301247771836
5 6 outer 0.0 0.0 0.553475935828877
6 6 disc 0.0 0.0 0.606951871657754
6 7 inner 0.0 0.0 0.606951871657754
6 7 outer 0.0 0.0 0.589126559714795
7 7 disc 0.0 0.0 0.660427807486631
7 8 inner 0.0 0.0 0.660427807486631
7 8 outer 0.0 0.0 0.624777183600713
8 8 disc 0.0 0.0 0.785204991087344
8 9 inner 0.0 0.0 0.731729055258467
8 9 outer 0.0 0.0 0.642602495543672
9 9 disc 0.0 0.0 1.0
9 10 inner 0.0 0.0 0.981283422459893
9 10 outer 0.0 0.0 0.927807486631016
10 10 disc 0.0 0.11176470588235295 1.0
10 11 inner 0.0 0.08039215686274499 1.0
10 11 outer 0.0 0.03333333333333333 1.0
11 11 disc 0.0 0.26862745098039204 1.0
11 12 inner 0.0 0.2372549019607843 1.0
11 12 outer 0.0 0.19019607843137254 1.0
12 12 disc 0.0 0.42549019607843136 1.0
12 13 inner 0.0 0.3627450980392157 1.0
12 13 outer 0.0 0.28431372549019607 1.0
13 13 disc 0.0 0.5980392156862745 1.0
13 14 inner 0.0 0.503921568627451 1.0
13 14 outer 0.0 0.4411764705882353 1.0
14 14 disc 0.0 0.8176470588235294 1.0
14 15 inner 0.0 0.707843137254902 1.0
14 15 outer 0.0 0.6294117647058823 1.0
15 15 disc 0.13598987982289687 1.0 0.8317520556609741
15 16 inner 0.009487666034155417 0.9117647058823527 0.9582542694497156
15 16 outer 0.0 0.7862745098039213 1.0
16 16 disc 0.3510436432637571 1.0 0.6166982922201139
16 17 inner 0.2245414294750158 1.0 0.7432005060088551
16 17 outer 0.11068943706514844 1.0 0.8570524984187226
17 17 disc 0.5913978494623655 1.0 0.3763440860215054
17 18 inner 0.5028462998102466 1.0 0.46489563567362435
17 18 outer 0.43959519291587595 1.0 0.5281467425679949
18 18 disc 0.7685009487666034 1.0 0.19924098671726753
18 19 inner 0.6546489563567361 1.0 0.31309297912713474
18 19 outer 0.5407969639468686 1.0 0.4269449715370023
19 19 disc 0.9076533839342187 1.0 0.06008855154965209
19 20 inner 0.8697027197975963 1.0 0.0980392156862745
19 20 outer 0.8823529411764705 1.0 0.08538899430740043
20 20 disc 1.0 0.9157588961510532 0.0
20 21 inner 0.9203036053130929 1.0 0.04743833017077803
20 21 outer 0.7938013915243516 1.0 0.1739405439595193
21 21 disc 1.0 0.6543209876543212 0.0
21 22 inner 1.0 0.8576615831517794 0.0
21 22 outer 0.9835547122074635 0.9448075526506902 0.0
22 22 disc 1.0 0.5671750181554105 0.0
22 23 inner 1.0 0.6978939724037765 0.0
22 23 outer 1.0 0.9157588961510532 0.0
23 23 disc 1.0 0.1023965141612202 0.0
23 24 inner 1.0 0.3783587509077707 0.0
23 24 outer 1.0 0.7850399419026872 0.0
24 24 disc 0.0 0.0 0.5
24 25 inner 0.5 0.0 0.0
24 25 outer 0.5 0.0 0.0
25 25 disc 0.6960784313725497 0.0 0.0
25 26 inner 0.606951871657754 0.0 0.0
25 26 outer 0.6960784313725497 0.0 0.0
26 26 disc 0.535650623885918 0.0 0.0
26 27 inner 0.0 0.0 0.5
