0 0 disc 0.0 0.40980392156862744 1.0
0 1 inner 0.0 0.2529411764705882 1.0
0 1 outer 0.0 0.0 1.0
1 1 disc 0.03478810879190385 0.9431372549019608 0.9329538266919671
1 2 inner 0.0 0.7549019607843137 1.0
1 2 outer 0.0 0.66078431372549 1.0
2 2 disc 0.19924098671726753 1.0 0.7685009487666035
2 3 inner 0.0 0.692156862745098 1.0
2 3 outer 0.0 0.503921568627451 1.0
3 3 disc 0.21189120809614148 1.0 0.7558507273877295
3 4 inner 0.21189120809614148 1.0 0.7558507273877295
3 4 outer 0.13598987982289687 1.0 0.8317520556609741
4 4 disc 0.5028462998102466 1.0 0.46489563567362435
4 5 inner 0.0 0.8333333333333334 1.0
4 5 outer 0.0 0.8490196078431372 1.0
5 5 disc 0.3763440860215053 1.0 0.5913978494623656
5 6 inner 0.19924098671726753 1.0 0.7685009487666035
5 6 outer 0.2751423149905123 1.0 0.6925996204933587
6 6 disc 0.2877925363693864 1.0 0.6799493991144845
6 7 inner 0.022137887413029723 0.9274509803921569 0.9456040480708413
6 7 outer 0.0 0.03333333333333333 1.0
7 7 disc 0.831752055660974 1.0 0.1359898798228969
7 8 inner 0.47754585705249836 1.0 0.4901960784313726
7 8 outer 0.6546489563567361 1.0 0.31309297912713474
8 8 disc 0.5028462998102466 1.0 0.46489563567362435
8 9 inner 0.0980392156862745 1.0 0.8697027197975965
8 9 outer 0.0 0.0176470588235293 1.0
9 9 disc 1.0 0.1023965141612202 0.0
9 10 inner 1.0 0.741466957153232 0.0
9 10 outer 1.0 0.9157588961510532 0.0
10 10 disc 1.0 0.1023965141612202 0.0
10 11 inner 0.0 0.0 0.5
