0 0 13.407400554068646
1 0.020788151195249172 16.30279954745856
1 0.020788151195249172 12.507299124122765
2 0.041144102709750455 15.746488078629692
2 0.041144102709750455 11.923698883295073
3 0.06192428298293352 15.261139977553759
3 0.06192428298293352 11.565578136784328
4 0.08316273588897488 14.95673914505908
4 0.08316273588897488 11.319107575824983
5 0.104699734213651 14.753007768945245
5 0.104699734213651 11.127994320976393
6 0.12664389338613147 14.564863990226941
6 0.12664389338613147 11.046441948007311
7 0.1488084754465183 14.524419281544802
7 0.1488084754465183 11.034111146096592
8 0.17135295995386415 14.494980552661477
8 0.17135295995386415 11.084144010615145
9 0.19441538119947452 14.56057167123656
9 0.19441538119947452 11.23661220021575
10 0.22288660816355138 14.794821973331223
10 0.22288660816355138 11.57790083688697
11 0.23910127592424082 16.026242449260433
11 0.23910127592424082 5.129283016944966
12 0.27108326876838035 8.562242424221072
12 0.27108326876838035 4.169925001442312
13 0.31714223698940086 7.434628227636725
13 0.31714223698940086 4.392317422778761
14 0.35784165085646885 7.592457037268081
14 0.35784165085646885 4.247927513443585
15 0.41952119867628745 7.417852514885898
15 0.41952119867628745 4.0
16 0.45275617310509964 7.348728154231077
16 0.45275617310509964 2.807354922057604
17 0.5486184876546158 6.321928094887363
17 0.5486184876546158 3.321928094887362
18 0.5964060794425531 7.400879436282184
18 0.5964060794425531 3.584962500721156
19 0.6873755404373367 6.247927513443585
19 0.6873755404373367 3.9068905956085187
20 0.8044850363762694 6.087462841250339
1271429.0
