0 0 disc 0.5534471853257431 1.0 0.4142947501581278
0 1 inner 0.5028462998102466 1.0 0.46489563567362435
0 1 outer 0.43959519291587595 1.0 0.5281467425679949
1 1 disc 0.6040480708412397 1.0 0.3636938646426312
1 2 inner 0.0 0.6450980392156863 1.0
1 2 outer 0.0 0.0 0.785204991087344
2 2 disc 0.932953826691967 1.0 0.03478810879190386
2 3 inner 1.0 0.1023965141612202 0.0
2 3 outer 1.0 0.11692084241103862 0.0
3 3 disc 0.8743315508021392 0.0 0.0
3 4 inner 1.0 0.7705156136528688 0.0
3 4 outer 1.0 0.6688453159041396 0.0
4 4 disc 1.0 0.16049382716049398 0.0
4 5 inner 0.8191018342820998 1.0 0.14864010120177107
4 5 outer 0.3257432005060088 1.0 0.6419987349778622
5 5 disc 0.517825311942959 0.0 0.0
5 6 inner 0.0 0.0 0.5
