0 0 20.15151953478705
1 0.013784986279562513 22.98167702001193
1 0.013784986279562513 19.18522146995496
2 0.028482214445713507 22.334148051990216
2 0.028482214445713507 18.636136031037964
3 0.043247025676724 22.07149084106811
3 0.043247025676724 18.384943913263317
4 0.058064983195127595 21.670729284397652
4 0.058064983195127595 18.100087380115397
5 0.07310951814310251 21.429394992269927
5 0.07310951814310251 17.909049265363013
6 0.08844641564593136 21.27913615304147
6 0.08844641564593136 17.810565359084396
7 0.10390912603020935 21.235581298821447
7 0.10390912603020935 17.81476394288445
8 0.11941581907591882 21.19809007946048
8 0.11941581907591882 17.829871356727338
9 0.13509356532849318 21.23526341067182
9 0.13509356532849318 17.91562266530355
10 0.1529425246494021 21.367157162035
10 0.1529425246494021 18.08809462785283
11 0.16782217009347952 22.820421678006127
11 0.16782217009347952 15.81985475847893
12 0.18610734431219947 19.5129738110864
12 0.18610734431219947 15.372627039317388
13 0.20409276108815652 18.524423107748675
13 0.20409276108815652 15.041787469137489
14 0.22233283743008683 18.280086552719304
14 0.22233283743008683 14.870750003346114
15 0.24134751725745987 18.16954337879851
15 0.24134751725745987 14.871038898659474
16 0.26324506955106547 18.36757258857584
16 0.26324506955106547 15.134225753699786
17 0.27614818162794147 18.884772709049958
17 0.27614818162794147 7.159871336778389
18 0.30865872473529216 9.896332403909941
18 0.30865872473529216 6.087462841250339
19 0.3449240111676625 9.303780748177102
19 0.3449240111676625 6.022367813028454
20 0.37930510713930365 9.250298417906333
20 0.37930510713930365 5.727920454563199
21 0.41549118462382323 8.823367240046235
21 0.41549118462382323 5.392317422778761
22 0.4532988344552125 8.813781191217037
22 0.4532988344552125 5.357552004618084
23 0.4971398858695494 8.640244936222345
23 0.4971398858695494 5.643856189774724
24 0.5346487846427807 8.845490050944376
24 0.5346487846427807 5.426264754702098
25 0.5878630719140899 8.640244936222345
25 0.5878630719140899 5.357552004618084
26 0.6345686528869547 8.991521846075695
26 0.6345686528869547 5.426264754702098
27 0.6850608379522932 8.519636252843213
27 0.6850608379522932 4.523561956057013
28 0.7246347927751398 7.499845887083206
28 0.7246347927751398 4.169925001442312
29 0.7642583077402961 7.159871336778389
29 0.7642583077402961 3.584962500721156
30 0.8015309820985941 6.894817763307944
30 0.8015309820985941 3.0
31 0.8474766272690527 6.189824558880018
31 0.8474766272690527 2.807354922057604
32 0.893534866647244 7.011227255423254
32 0.893534866647244 3.700439718141092
33 0.9352181091192473 6.78135971352466
33 0.9352181091192473 3.700439718141092
34 0.983502686892037 6.977279923499917
34 0.983502686892037 3.584962500721156
35 1.0274478998591015 6.882643049361842
35 1.0274478998591015 3.321928094887362
36 1.0873167919141893 6.392317422778761
36 1.0873167919141893 3.584962500721156
37 1.1522112390659327 6.870364719583405
37 1.1522112390659327 3.700439718141092
38 1.1781364402398518 7.366322214245816
38 1.1781364402398518 2.584962500721156
39 1.218688790485949 5.754887502163468
39 1.218688790485949 2.0
40 1.2569723158266917 5.044394119358453
40 1.2569723158266917 1.584962500721156
41 1.3305275490669186 4.523561956057013
41 1.3305275490669186 2.321928094887362
42 1.3719818827557975 5.321928094887363
42 1.3719818827557975 2.0
43 1.427334673017659 5.087462841250339
43 1.427334673017659 2.321928094887362
44 1.4759600963811732 5.285402218862249
44 1.4759600963811732 2.0
45 1.5001143115902547 5.044394119358453
45 1.5001143115902547 1.0
46 1.5869144929495291 3.584962500721156
46 1.5869144929495291 1.584962500721156
47 1.653306932568384 4.392317422778761
47 1.653306932568384 2.0
48 1.7118236553026285 4.906890595608519
48 1.7118236553026285 2.0
49 1.7595019536821024 5.087462841250339
49 1.7595019536821024 2.0
50 1.7843359906966556 4.954196310386875
50 1.7843359906966556 1.0
51 1.8391008077316204 3.584962500721156
51 1.8391008077316204 1.0
52 1.8938656247665853 3.584962500721156
52 1.8938656247665853 1.0
53 1.9806658061258597 3.584962500721156
53 1.9806658061258597 1.584962500721156
54 2.055912792796796 4.459431618637297
54 2.055912792796796 2.321928094887362
55 2.1369401085731123 5.129283016944966
55 2.1369401085731123 2.584962500721156
56 2.201418926259301 5.977279923499917
56 2.201418926259301 3.169925001442312
57 2.2853013949021674 6.087462841250339
57 2.2853013949021674 3.807354922057604
58 2.367641399801345 7.219168520462161
58 2.367641399801345 3.807354922057604
59 2.4235311928928702 6.857980995127572
59 2.4235311928928702 3.321928094887362
60 2.505416558815358 6.087462841250339
60 2.505416558815358 3.0
61 2.5221853929226503 5.584962500721156
61 2.5221853929226503 1.0
62 2.63171502699258 3.584962500721156
62 2.63171502699258 1.584962500721156
63 2.706034593772739 4.087462841250339
63 2.706034593772739 1.584962500721156
64 2.743194377162818 4.087462841250339
64 2.743194377162818 1.0
65 2.8299945585220927 3.584962500721156
65 2.8299945585220927 1.584962500721156
66 2.893141947839711 3.9068905956085187
66 2.893141947839711 1.584962500721156
67 3.0631333041508273 4.247927513443585
67 3.0631333041508273 2.584962500721156
68 3.1305714374197433 5.700439718141092
68 3.1305714374197433 3.0
69 3.2240927767041065 6.0
69 3.2240927767041065 3.321928094887362
70 3.2884753103179727 6.22881869049588
70 3.2884753103179727 2.584962500721156
71 3.3265559157591587 5.426264754702098
71 3.3265559157591587 2.0
72 3.4072655348049485 4.700439718141092
72 3.4072655348049485 2.584962500721156
73 3.5097610628077787 5.247927513443585
73 3.5097610628077787 2.584962500721156
74 3.6496380580232115 5.247927513443585
74 3.6496380580232115 2.807354922057604
75 3.8295540083946307 4.392317422778761
131376486.0
