0 0 disc 0.0 0.3941176470588234 1.0
0 1 inner 0.0 0.503921568627451 1.0
0 1 outer 0.0 0.503921568627451 1.0
1 1 disc 0.0 0.4725490196078431 1.0
1 2 inner 0.0 0.5666666666666667 1.0
1 2 outer 0.0 0.5666666666666667 1.0
2 2 disc 0.0 0.5352941176470586 1.0
2 3 inner 0.0 0.6294117647058823 1.0
2 3 outer 0.0 0.5823529411764706 1.0
3 3 disc 0.0 0.5980392156862745 1.0
3 4 inner 0.0 0.6294117647058823 1.0
3 4 outer 0.0 0.6137254901960785 1.0
4 4 disc 0.0 0.5509803921568628 1.0
4 5 inner 0.0 0.6294117647058823 1.0
4 5 outer 0.0 0.6450980392156863 1.0
5 5 disc 0.0 0.6137254901960785 1.0
5 6 inner 0.0 0.5196078431372549 1.0
5 6 outer 0.0 0.66078431372549 1.0
6 6 disc 0.0 0.503921568627451 1.0
6 7 inner 0.0 0.0 0.5
