0 0 15.497321703779804
1 0.0183447905632688 19.062180561720957
1 0.0183447905632688 14.795532385591804
2 0.037004565352824315 18.58776286900888
2 0.037004565352824315 14.429733638631118
3 0.05796974575340259 18.27671056283369
3 0.05796974575340259 14.187352073200497
4 0.07873912579313705 18.57485218410028
4 0.07873912579313705 14.083977868501655
5 0.099217075368927 18.180894970395588
5 0.099217075368927 13.993911366979226
6 0.11925476061063961 17.829121899914806
6 0.11925476061063961 13.77869318322384
7 0.13967868077958517 17.6638846637939
7 0.13967868077958517 13.647795675462781
8 0.16385429389355163 17.577458333113636
8 0.16385429389355163 13.59549060660764
9 0.17889057002633846 17.870858345868083
9 0.17889057002633846 5.614709844115208
10 0.21414770453090393 9.076815597050832
10 0.21414770453090393 4.392317422778761
11 0.26935573143140956 7.977279923499917
11 0.26935573143140956 4.169925001442312
12 0.31191575450858583 8.016808287686555
12 0.31191575450858583 3.321928094887362
13 0.40057535714537396 7.569855608330948
13 0.40057535714537396 4.247927513443585
14 0.44392150559154314 7.22881869049588
14 0.44392150559154314 3.169925001442312
15 0.4895597549639809 6.6293566200796095
15 0.4895597549639809 3.4594316186372973
16 0.5409487174521529 7.1799090900149345
16 0.5409487174521529 4.169925001442312
17 0.6173666652767272 7.442943495848728
17 0.6173666652767272 4.643856189774724
18 0.7131375847684123 7.499845887083206
11261744.0
