0 0 disc 0.6166982922201137 1.0 0.35104364326375714
0 1 inner 0.6925996204933585 1.0 0.27514231499051234
0 1 outer 0.8191018342820998 1.0 0.14864010120177107
1 1 disc 0.6546489563567361 1.0 0.31309297912713474
1 2 inner 0.6925996204933585 1.0 0.27514231499051234
1 2 outer 0.844402277039848 1.0 0.12333965844402273
2 2 disc 0.6546489563567361 1.0 0.31309297912713474
2 3 inner 0.7432005060088547 1.0 0.2245414294750162
2 3 outer 0.9076533839342187 1.0 0.06008855154965209
3 3 disc 0.6293485135989879 1.0 0.338393421884883
3 4 inner 0.730550284629981 1.0 0.23719165085388993
3 4 outer 0.8191018342820998 1.0 0.14864010120177107
4 4 disc 0.5660974067046173 1.0 0.4016445287792536
4 5 inner 0.730550284629981 1.0 0.23719165085388993
4 5 outer 0.8191018342820998 1.0 0.14864010120177107
5 5 disc 0.6040480708412397 1.0 0.3636938646426312
5 6 inner 0.831752055660974 1.0 0.1359898798228969
5 6 outer 0.831752055660974 1.0 0.1359898798228969
6 6 disc 0.7685009487666034 1.0 0.19924098671726753
6 7 inner 0.0 0.0 0.5
