0 0 23.54371390909223
1 0.012918798516020768 22.804059511564212
1 0.012918798516020768 20.783097354975858
2 0.026383541936476573 19.55924637323145
2 0.026383541936476573 16.709258860132344
3 0.043189536196482255 14.974817871387454
3 0.043189536196482255 12.975847968006784
4 0.0641064731867809 11.32023644524165
4 0.0641064731867809 9.527477006060396
5 0.09085281055648796 8.581200581924957
5 0.09085281055648796 6.700439718141092
6 0.12130567635096974 5.523561956057013
6 0.12130567635096974 3.321928094887362
7 0.1748965247922742 2.807354922057604
7 0.1748965247922742 1.584962500721156
8 0.5024380685176808 1.584962500721156
25929097.0
