0 0 disc 0.0 0.503921568627451 1.0
0 1 inner 0.0 0.5980392156862745 1.0
0 1 outer 0.0 0.7549019607843137 1.0
1 1 disc 0.0 0.5666666666666667 1.0
1 2 inner 0.0 0.6764705882352942 1.0
1 2 outer 0.0 0.8019607843137255 1.0
2 2 disc 0.0 0.6137254901960785 1.0
2 3 inner 0.0 0.7392156862745098 1.0
2 3 outer 0.0 0.8647058823529412 0.9962049335863378
3 3 disc 0.0 0.6137254901960785 1.0
3 4 inner 0.0 0.7705882352941177 1.0
3 4 outer 0.009487666034155417 0.9117647058823527 0.9582542694497156
4 4 disc 0.0 0.6450980392156863 1.0
4 5 inner 0.0 0.8019607843137255 1.0
4 5 outer 0.022137887413029723 0.9274509803921569 0.9456040480708413
5 5 disc 0.0 0.6450980392156863 1.0
5 6 inner 0.0 0.8176470588235294 1.0
5 6 outer 0.03478810879190385 0.9431372549019608 0.9329538266919671
6 6 disc 0.0 0.6764705882352942 1.0
6 7 inner 0.0 0.8490196078431372 1.0
6 7 outer 0.06008855154965211 0.9745098039215686 0.9076533839342189
7 7 disc 0.0 0.6450980392156863 1.0
7 8 inner 0.0 0.8803921568627451 0.9835547122074637
7 8 outer 0.08538899430740036 1.0 0.8823529411764706
8 8 disc 0.0 0.707843137254902 1.0
8 9 inner 0.0 0.8803921568627451 0.9835547122074637
8 9 outer 0.07273877292852624 0.9901960784313726 0.8950031625553447
9 9 disc 0.0 0.6764705882352942 1.0
9 10 inner 0.0 0.8803921568627451 0.9835547122074637
9 10 outer 0.07273877292852624 0.9901960784313726 0.8950031625553447
10 10 disc 0.0 0.7392156862745098 1.0
10 11 inner 0.009487666034155417 0.9117647058823527 0.9582542694497156
10 11 outer 0.08538899430740036 1.0 0.8823529411764706
11 11 disc 0.0 0.6764705882352942 1.0
11 12 inner 0.022137887413029723 0.9274509803921569 0.9456040480708413
11 12 outer 0.12333965844402275 1.0 0.8444022770398483
12 12 disc 0.0 0.707843137254902 1.0
12 13 inner 0.06008855154965211 0.9745098039215686 0.9076533839342189
12 13 outer 0.13598987982289687 1.0 0.8317520556609741
13 13 disc 0.0 0.6450980392156863 1.0
13 14 inner 0.07273877292852624 0.9901960784313726 0.8950031625553447
13 14 outer 0.148640101201771 1.0 0.8191018342820999
14 14 disc 0.0 0.6764705882352942 1.0
14 15 inner 0.11068943706514844 1.0 0.8570524984187226
14 15 outer 0.1865907653383934 1.0 0.7811511701454776
15 15 disc 0.0 0.707843137254902 1.0
15 16 inner 0.0980392156862745 1.0 0.8697027197975965
15 16 outer 0.1865907653383934 1.0 0.7811511701454776
16 16 disc 0.0 0.7705882352941177 1.0
16 17 inner 0.08538899430740036 1.0 0.8823529411764706
16 17 outer 0.17394054395951927 1.0 0.7938013915243517
17 17 disc 0.0 0.7549019607843137 1.0
17 18 inner 0.04743833017077798 0.9588235294117647 0.920303605313093
17 18 outer 0.13598987982289687 1.0 0.8317520556609741
18 18 disc 0.0 0.7549019607843137 1.0
18 19 inner 0.04743833017077798 0.9588235294117647 0.920303605313093
18 19 outer 0.12333965844402275 1.0 0.8444022770398483
19 19 disc 0.0 0.707843137254902 1.0
19 20 inner 0.03478810879190385 0.9431372549019608 0.9329538266919671
19 20 outer 0.12333965844402275 1.0 0.8444022770398483
20 20 disc 0.0 0.7392156862745098 1.0
20 21 inner 0.04743833017077798 0.9588235294117647 0.920303605313093
20 21 outer 0.13598987982289687 1.0 0.8317520556609741
21 21 disc 0.0 0.7549019607843137 1.0
21 22 inner 0.06008855154965211 0.9745098039215686 0.9076533839342189
21 22 outer 0.148640101201771 1.0 0.8191018342820999
22 22 disc 0.0 0.7235294117647059 1.0
22 23 inner 0.03478810879190385 0.9431372549019608 0.9329538266919671
22 23 outer 0.13598987982289687 1.0 0.8317520556609741
23 23 disc 0.0 0.7392156862745098 1.0
23 24 inner 0.009487666034155417 0.9117647058823527 0.9582542694497156
23 24 outer 0.11068943706514844 1.0 0.8570524984187226
24 24 disc 0.0 0.7392156862745098 1.0
24 25 inner 0.0 0.8803921568627451 0.9835547122074637
24 25 outer 0.08538899430740036 1.0 0.8823529411764706
25 25 disc 0.0 0.7392156862745098 1.0
25 26 inner 0.0 0.7862745098039213 1.0
25 26 outer 0.04743833017077798 0.9588235294117647 0.920303605313093
26 26 disc 0.0 0.7235294117647059 1.0
26 27 inner 0.0 0.7235294117647059 1.0
26 27 outer 0.0 0.8803921568627451 0.9835547122074637
27 27 disc 0.0 0.6764705882352942 1.0
27 28 inner 0.0 0.7549019607843137 1.0
27 28 outer 0.0 0.8333333333333334 1.0
28 28 disc 0.0 0.6764705882352942 1.0
28 29 inner 0.0 0.0 0.5
