0 0 22.9655512720057
1 0.013576412108724034 23.419950665292912
1 0.013576412108724034 21.306899986503492
2 0.028014883249818136 21.84027773760539
2 0.028014883249818136 19.80295174331459
3 0.043356223359488244 20.384777427498157
3 0.043356223359488244 18.391499536326133
4 0.059851858097926564 19.08149384050657
4 0.059851858097926564 17.317015068812307
5 0.077404465553424 18.131213905086273
5 0.077404465553424 16.511582805954546
6 0.09580161980754474 17.392300650277978
6 0.09580161980754474 15.80966765898365
7 0.11511805676311421 16.708167832773345
7 0.11511805676311421 15.162627352486002
8 0.1354044472153517 16.021370413468446
8 0.1354044472153517 14.390840695766675
9 0.15585114086426682 15.116790672630033
9 0.15585114086426682 13.08131698928577
10 0.17866339609076506 13.82366578014888
10 0.17866339609076506 12.264149339723328
11 0.20288810555614434 13.142904787508604
11 0.20288810555614434 11.643405277115674
12 0.2285761455030058 12.49585502688717
12 0.2285761455030058 11.037546953962178
13 0.2555363058511929 11.944712061043486
13 0.2555363058511929 10.439830883981392
14 0.28374265758391054 11.228818690495881
14 0.28374265758391054 9.700439718141093
15 0.3139534287480986 10.46454575033394
15 0.3139534287480986 8.945443836377912
16 0.34613592382395914 9.611024797307353
16 0.34613592382395914 8.055282435501189
17 0.38078762200601884 8.643856189774725
17 0.38078762200601884 7.022367813028454
18 0.4220785147149124 7.6293566200796095
18 0.4220785147149124 6.321928094887363
19 0.4651349923154704 6.94251450533924
19 0.4651349923154704 5.459431618637297
20 0.5185077010168755 6.3750394313469245
20 0.5185077010168755 5.321928094887363
21 0.5715224122538822 5.977279923499917
21 0.5715224122538822 4.754887502163468
22 0.6315227771681621 5.285402218862249
22 0.6315227771681621 4.169925001442312
23 0.6938661915424955 4.643856189774724
23 0.6938661915424955 3.321928094887362
24 0.7240722037316945 3.169925001442312
24 0.7240722037316945 1.0
25 0.9402904465360348 2.0
25 0.9402904465360348 1.584962500721156
26 1.1209038351228156 2.807354922057604
26 1.1209038351228156 1.584962500721156
27 1.44854249056049 2.0
46635731.0
