0 0 disc 0.0 0.0 0.606951871657754
0 1 inner 0.0 0.0 0.660427807486631
0 1 outer 0.0 0.0 0.67825311942959
1 1 disc 0.0 0.0 0.67825311942959
1 2 inner 0.0 0.0 0.749554367201426
1 2 outer 0.0 0.0 0.767379679144385
2 2 disc 0.0 0.0 0.749554367201426
2 3 inner 0.0 0.0 0.838680926916221
2 3 outer 0.0 0.0 0.838680926916221
3 3 disc 0.0 0.0 0.785204991087344
3 4 inner 0.0 0.0 0.892156862745098
3 4 outer 0.0 0.0 0.909982174688057
4 4 disc 0.0 0.0 0.838680926916221
4 5 inner 0.0 0.0 0.927807486631016
4 5 outer 0.0 0.0 0.945632798573975
5 5 disc 0.0 0.0 0.85650623885918
5 6 inner 0.0 0.0 0.963458110516934
5 6 outer 0.0 0.0 0.981283422459893
6 6 disc 0.0 0.0 0.874331550802139
6 7 inner 0.0 0.0 0.981283422459893
6 7 outer 0.0 0.0 0.999108734402852
7 7 disc 0.0 0.0 0.892156862745098
7 8 inner 0.0 0.0 0.981283422459893
7 8 outer 0.0 0.0 1.0
8 8 disc 0.0 0.0 0.927807486631016
8 9 inner 0.0 0.0 0.981283422459893
8 9 outer 0.0 0.0 1.0
9 9 disc 0.0 0.0 0.945632798573975
9 10 inner 0.0 0.0 0.963458110516934
9 10 outer 0.0 0.0 0.999108734402852
10 10 disc 0.0 0.0 0.963458110516934
10 11 inner 0.0 0.0 0.945632798573975
10 11 outer 0.0 0.0 0.963458110516934
11 11 disc 0.0 0.0 0.981283422459893
11 12 inner 0.0 0.0 0.927807486631016
11 12 outer 0.0 0.0 0.927807486631016
12 12 disc 0.0 0.0 0.999108734402852
12 13 inner 0.0 0.0 0.927807486631016
12 13 outer 0.0 0.0 0.874331550802139
13 13 disc 0.0 0.00196078431372549 1.0
13 14 inner 0.0 0.0 0.963458110516934
13 14 outer 0.0 0.0 0.909982174688057
14 14 disc 0.0 0.08039215686274499 1.0
14 15 inner 0.0 0.0 1.0
14 15 outer 0.0 0.0 0.981283422459893
15 15 disc 0.0 0.1588235294117647 1.0
15 16 inner 0.0 0.08039215686274499 1.0
15 16 outer 0.0 0.049019607843137254 1.0
16 16 disc 0.0 0.2372549019607843 1.0
16 17 inner 0.0 0.14313725490196066 1.0
16 17 outer 0.0 0.14313725490196066 1.0
17 17 disc 0.0 0.26862745098039204 1.0
17 18 inner 0.0 0.2529411764705882 1.0
17 18 outer 0.0 0.26862745098039204 1.0
18 18 disc 0.0 0.34705882352941175 1.0
18 19 inner 0.0 0.3156862745098039 1.0
18 19 outer 0.0 0.3156862745098039 1.0
19 19 disc 0.0 0.4568627450980391 1.0
19 20 inner 0.0 0.3627450980392157 1.0
19 20 outer 0.0 0.3313725490196077 1.0
20 20 disc 0.0 0.48823529411764705 1.0
20 21 inner 0.0 0.42549019607843136 1.0
20 21 outer 0.0 0.4568627450980391 1.0
21 21 disc 0.0 0.503921568627451 1.0
21 22 inner 0.0 0.4725490196078431 1.0
21 22 outer 0.0 0.503921568627451 1.0
22 22 disc 0.0 0.66078431372549 1.0
22 23 inner 0.0 0.4411764705882353 1.0
22 23 outer 0.0 0.4411764705882353 1.0
23 23 disc 0.0 0.5823529411764706 1.0
23 24 inner 0.0 0.5509803921568628 1.0
23 24 outer 0.0 0.5823529411764706 1.0
24 24 disc 0.0 0.6450980392156863 1.0
24 25 inner 0.0 0.5509803921568628 1.0
24 25 outer 0.0 0.5823529411764706 1.0
25 25 disc 0.0 0.66078431372549 1.0
25 26 inner 0.0 0.48823529411764705 1.0
25 26 outer 0.0 0.5196078431372549 1.0
26 26 disc 0.0 0.66078431372549 1.0
26 27 inner 0.0 0.3941176470588234 1.0
26 27 outer 0.0 0.17450980392156862 1.0
27 27 disc 0.0 0.8647058823529412 0.9962049335863378
27 28 inner 0.0 0.66078431372549 1.0
27 28 outer 0.0 0.6137254901960785 1.0
28 28 disc 0.0 0.8960784313725491 0.9709044908285895
28 29 inner 0.0 0.7862745098039213 1.0
28 29 outer 0.0 0.7862745098039213 1.0
29 29 disc 0.022137887413029723 0.9274509803921569 0.9456040480708413
29 30 inner 0.0 0.8803921568627451 0.9835547122074637
29 30 outer 0.0 0.8647058823529412 0.9962049335863378
30 30 disc 0.06008855154965211 0.9745098039215686 0.9076533839342189
30 31 inner 0.0 0.8960784313725491 0.9709044908285895
30 31 outer 0.009487666034155417 0.9117647058823527 0.9582542694497156
31 31 disc 0.04743833017077798 0.9588235294117647 0.920303605313093
31 32 inner 0.0 0.8333333333333334 1.0
31 32 outer 0.009487666034155417 0.9117647058823527 0.9582542694497156
32 32 disc 0.04743833017077798 0.9588235294117647 0.920303605313093
32 33 inner 0.0 0.7235294117647059 1.0
32 33 outer 0.0 0.8490196078431372 1.0
33 33 disc 0.0 0.8333333333333334 1.0
33 34 inner 0.0 0.692156862745098 1.0
33 34 outer 0.0 0.17450980392156862 1.0
34 34 disc 0.47754585705249836 1.0 0.4901960784313726
34 35 inner 0.2877925363693864 1.0 0.6799493991144845
34 35 outer 0.16129032258064513 1.0 0.8064516129032259
35 35 disc 0.7052498418722326 1.0 0.26249209361163817
35 36 inner 0.30044275774826057 1.0 0.6672991777356103
35 36 outer 0.24984187223276405 1.0 0.717900063251107
36 36 disc 0.9456040480708408 0.9883805374001459 0.022137887413030133
36 37 inner 0.6925996204933585 1.0 0.27514231499051234
36 37 outer 0.641998734977862 1.0 0.3257432005060089
37 37 disc 0.932953826691967 1.0 0.03478810879190386
37 38 inner 0.7811511701454774 1.0 0.18659076533839347
37 38 outer 0.8570524984187222 1.0 0.11068943706514867
38 38 disc 0.8697027197975963 1.0 0.0980392156862745
38 39 inner 0.7179000632511068 1.0 0.2498418722327641
38 39 outer 0.6293485135989879 1.0 0.338393421884883
39 39 disc 0.9835547122074635 0.9448075526506902 0.0
39 40 inner 0.9709044908285893 0.9593318809005086 0.0
39 40 outer 0.831752055660974 1.0 0.1359898798228969
40 40 disc 1.0 0.5816993464052289 0.0
40 41 inner 1.0 0.6833696441539581 0.0
40 41 outer 1.0 0.6397966594045028 0.0
41 41 disc 1.0 0.712418300653595 0.0
41 42 inner 1.0 0.6397966594045028 0.0
41 42 outer 1.0 0.6688453159041396 0.0
42 42 disc 1.0 0.6107480029048659 0.0
42 43 inner 0.0 0.0 0.5
