0 0 disc 0.0 0.0 0.571301247771836
0 1 inner 0.0 0.0 0.624777183600713
0 1 outer 0.0 0.0 0.642602495543672
1 1 disc 0.0 0.0 0.606951871657754
1 2 inner 0.0 0.0 0.696078431372549
1 2 outer 0.0 0.0 0.713903743315508
2 2 disc 0.0 0.0 0.67825311942959
2 3 inner 0.0 0.0 0.767379679144385
2 3 outer 0.0 0.0 0.785204991087344
3 3 disc 0.0 0.0 0.696078431372549
3 4 inner 0.0 0.0 0.85650623885918
3 4 outer 0.0 0.0 0.838680926916221
4 4 disc 0.0 0.0 0.803030303030303
4 5 inner 0.0 0.0 0.909982174688057
4 5 outer 0.0 0.0 0.909982174688057
5 5 disc 0.0 0.0 0.767379679144385
5 6 inner 0.0 0.0 0.963458110516934
5 6 outer 0.0 0.0 0.963458110516934
6 6 disc 0.0 0.0 0.803030303030303
6 7 inner 0.0 0.0 1.0
6 7 outer 0.0 0.0 1.0
7 7 disc 0.0 0.0 0.892156862745098
7 8 inner 0.0 0.00196078431372549 1.0
7 8 outer 0.0 0.0 1.0
8 8 disc 0.0 0.0 0.874331550802139
8 9 inner 0.0 0.03333333333333333 1.0
8 9 outer 0.0 0.03333333333333333 1.0
9 9 disc 0.0 0.0 0.892156862745098
9 10 inner 0.0 0.08039215686274499 1.0
9 10 outer 0.0 0.06470588235294118 1.0
10 10 disc 0.0 0.0 0.892156862745098
10 11 inner 0.0 0.09607843137254903 1.0
10 11 outer 0.0 0.09607843137254903 1.0
11 11 disc 0.0 0.0 0.874331550802139
11 12 inner 0.0 0.12745098039215685 1.0
11 12 outer 0.0 0.12745098039215685 1.0
12 12 disc 0.0 0.0 0.945632798573975
12 13 inner 0.0 0.1588235294117647 1.0
12 13 outer 0.0 0.14313725490196066 1.0
13 13 disc 0.0 0.0 0.999108734402852
13 14 inner 0.0 0.17450980392156862 1.0
13 14 outer 0.0 0.1588235294117647 1.0
14 14 disc 0.0 0.0 0.945632798573975
14 15 inner 0.0 0.19019607843137254 1.0
14 15 outer 0.0 0.19019607843137254 1.0
15 15 disc 0.0 0.0 0.945632798573975
15 16 inner 0.0 0.22156862745098038 1.0
15 16 outer 0.0 0.22156862745098038 1.0
16 16 disc 0.0 0.0 0.945632798573975
16 17 inner 0.0 0.2372549019607843 1.0
16 17 outer 0.0 0.2372549019607843 1.0
17 17 disc 0.0 0.0 0.999108734402852
17 18 inner 0.0 0.2529411764705882 1.0
17 18 outer 0.0 0.2529411764705882 1.0
18 18 disc 0.0 0.14313725490196066 1.0
18 19 inner 0.0 0.26862745098039204 1.0
18 19 outer 0.0 0.2529411764705882 1.0
19 19 disc 0.0 0.0 0.981283422459893
19 20 inner 0.0 0.28431372549019607 1.0
19 20 outer 0.0 0.28431372549019607 1.0
20 20 disc 0.0 0.0 0.963458110516934
20 21 inner 0.0 0.28431372549019607 1.0
20 21 outer 0.0 0.3 1.0
21 21 disc 0.0 0.0 1.0
21 22 inner 0.0 0.3156862745098039 1.0
21 22 outer 0.0 0.3156862745098039 1.0
22 22 disc 0.0 0.0 0.999108734402852
22 23 inner 0.0 0.3313725490196077 1.0
22 23 outer 0.0 0.34705882352941175 1.0
23 23 disc 0.0 0.00196078431372549 1.0
23 24 inner 0.0 0.34705882352941175 1.0
23 24 outer 0.0 0.3627450980392157 1.0
24 24 disc 0.0 0.0 0.963458110516934
24 25 inner 0.0 0.3627450980392157 1.0
24 25 outer 0.0 0.3784313725490196 1.0
25 25 disc 0.0 0.0 0.927807486631016
25 26 inner 0.0 0.3627450980392157 1.0
25 26 outer 0.0 0.3784313725490196 1.0
26 26 disc 0.0 0.06470588235294118 1.0
26 27 inner 0.0 0.3941176470588234 1.0
26 27 outer 0.0 0.3941176470588234 1.0
27 27 disc 0.0 0.0 0.945632798573975
27 28 inner 0.0 0.3941176470588234 1.0
27 28 outer 0.0 0.40980392156862744 1.0
28 28 disc 0.0 0.0 0.945632798573975
28 29 inner 0.0 0.42549019607843136 1.0
28 29 outer 0.0 0.4411764705882353 1.0
29 29 disc 0.0 0.0 0.963458110516934
29 30 inner 0.0 0.4568627450980391 1.0
29 30 outer 0.0 0.4568627450980391 1.0
30 30 disc 0.0 0.0 1.0
30 31 inner 0.0 0.48823529411764705 1.0
30 31 outer 0.0 0.48823529411764705 1.0
31 31 disc 0.0 0.0 0.945632798573975
31 32 inner 0.0 0.503921568627451 1.0
31 32 outer 0.0 0.5196078431372549 1.0
32 32 disc 0.0 0.0 1.0
32 33 inner 0.0 0.503921568627451 1.0
32 33 outer 0.0 0.5196078431372549 1.0
33 33 disc 0.0 0.0 0.999108734402852
33 34 inner 0.0 0.5509803921568628 1.0
33 34 outer 0.0 0.5509803921568628 1.0
34 34 disc 0.0 0.0 1.0
34 35 inner 0.0 0.5823529411764706 1.0
34 35 outer 0.0 0.5980392156862745 1.0
35 35 disc 0.0 0.0 1.0
35 36 inner 0.0 0.6137254901960785 1.0
35 36 outer 0.0 0.6137254901960785 1.0
36 36 disc 0.0 0.0 1.0
36 37 inner 0.0 0.6450980392156863 1.0
36 37 outer 0.0 0.6450980392156863 1.0
37 37 disc 0.0 0.0 0.963458110516934
37 38 inner 0.0 0.66078431372549 1.0
37 38 outer 0.0 0.6764705882352942 1.0
38 38 disc 0.0 0.0176470588235293 1.0
38 39 inner 0.0 0.66078431372549 1.0
38 39 outer 0.0 0.6764705882352942 1.0
39 39 disc 0.0 0.049019607843137254 1.0
39 40 inner 0.0 0.6764705882352942 1.0
39 40 outer 0.0 0.692156862745098 1.0
40 40 disc 0.0 0.049019607843137254 1.0
40 41 inner 0.0 0.7235294117647059 1.0
40 41 outer 0.0 0.7235294117647059 1.0
41 41 disc 0.0 0.049019607843137254 1.0
41 42 inner 0.0 0.7235294117647059 1.0
41 42 outer 0.0 0.7235294117647059 1.0
42 42 disc 0.0 0.08039215686274499 1.0
42 43 inner 0.0 0.7549019607843137 1.0
42 43 outer 0.0 0.7549019607843137 1.0
43 43 disc 0.0 0.049019607843137254 1.0
43 44 inner 0.0 0.8019607843137255 1.0
43 44 outer 0.0 0.8019607843137255 1.0
44 44 disc 0.0 0.22156862745098038 1.0
44 45 inner 0.0 0.7862745098039213 1.0
44 45 outer 0.0 0.8019607843137255 1.0
45 45 disc 0.0 0.22156862745098038 1.0
45 46 inner 0.0 0.8019607843137255 1.0
45 46 outer 0.0 0.8176470588235294 1.0
46 46 disc 0.0 0.17450980392156862 1.0
46 47 inner 0.0 0.8019607843137255 1.0
46 47 outer 0.0 0.8333333333333334 1.0
47 47 disc 0.0 0.2529411764705882 1.0
47 48 inner 0.0 0.7705882352941177 1.0
47 48 outer 0.0 0.7862745098039213 1.0
48 48 disc 0.0 0.22156862745098038 1.0
48 49 inner 0.0 0.7862745098039213 1.0
48 49 outer 0.0 0.8019607843137255 1.0
49 49 disc 0.0 0.3 1.0
49 50 inner 0.0 0.7862745098039213 1.0
49 50 outer 0.0 0.8019607843137255 1.0
50 50 disc 0.0 0.2529411764705882 1.0
50 51 inner 0.0 0.8019607843137255 1.0
50 51 outer 0.0 0.8176470588235294 1.0
51 51 disc 0.0 0.26862745098039204 1.0
51 52 inner 0.0 0.7705882352941177 1.0
51 52 outer 0.0 0.7862745098039213 1.0
52 52 disc 0.0 0.4725490196078431 1.0
52 53 inner 0.0 0.7549019607843137 1.0
52 53 outer 0.0 0.7705882352941177 1.0
53 53 disc 0.0 0.4411764705882353 1.0
53 54 inner 0.0 0.7705882352941177 1.0
53 54 outer 0.0 0.7392156862745098 1.0
54 54 disc 0.0 0.5352941176470586 1.0
54 55 inner 0.0 0.6450980392156863 1.0
54 55 outer 0.0 0.692156862745098 1.0
55 55 disc 0.0 0.7549019607843137 1.0
55 56 inner 0.0 0.17450980392156862 1.0
55 56 outer 0.0 0.0176470588235293 1.0
56 56 disc 0.0 0.0 1.0
56 57 inner 0.0 0.2372549019607843 1.0
56 57 outer 0.0 0.2372549019607843 1.0
57 57 disc 0.0 0.0 0.927807486631016
57 58 inner 0.0 0.26862745098039204 1.0
57 58 outer 0.0 0.28431372549019607 1.0
58 58 disc 0.0 0.0 0.874331550802139
58 59 inner 0.0 0.3156862745098039 1.0
58 59 outer 0.0 0.3313725490196077 1.0
59 59 disc 0.0 0.0 0.892156862745098
59 60 inner 0.0 0.34705882352941175 1.0
59 60 outer 0.0 0.3627450980392157 1.0
60 60 disc 0.0 0.0 0.909982174688057
60 61 inner 0.0 0.3941176470588234 1.0
60 61 outer 0.0 0.40980392156862744 1.0
61 61 disc 0.0 0.0 1.0
61 62 inner 0.0 0.42549019607843136 1.0
61 62 outer 0.0 0.42549019607843136 1.0
62 62 disc 0.0 0.0 0.909982174688057
62 63 inner 0.0 0.4411764705882353 1.0
62 63 outer 0.0 0.4411764705882353 1.0
63 63 disc 0.0 0.0 0.981283422459893
63 64 inner 0.0 0.4411764705882353 1.0
63 64 outer 0.0 0.4568627450980391 1.0
64 64 disc 0.0 0.0 0.927807486631016
64 65 inner 0.0 0.4725490196078431 1.0
64 65 outer 0.0 0.48823529411764705 1.0
65 65 disc 0.0 0.0 0.927807486631016
65 66 inner 0.0 0.503921568627451 1.0
65 66 outer 0.0 0.5196078431372549 1.0
66 66 disc 0.0 0.0 0.945632798573975
66 67 inner 0.0 0.5509803921568628 1.0
66 67 outer 0.0 0.5509803921568628 1.0
67 67 disc 0.0 0.11176470588235295 1.0
67 68 inner 0.0 0.5509803921568628 1.0
67 68 outer 0.0 0.5666666666666667 1.0
68 68 disc 0.0 0.03333333333333333 1.0
68 69 inner 0.0 0.5823529411764706 1.0
68 69 outer 0.0 0.5980392156862745 1.0
69 69 disc 0.0 0.08039215686274499 1.0
69 70 inner 0.0 0.5980392156862745 1.0
69 70 outer 0.0 0.5980392156862745 1.0
70 70 disc 0.0 0.0 1.0
70 71 inner 0.0 0.6137254901960785 1.0
70 71 outer 0.0 0.6294117647058823 1.0
71 71 disc 0.0 0.0 0.981283422459893
71 72 inner 0.0 0.6137254901960785 1.0
71 72 outer 0.0 0.6294117647058823 1.0
72 72 disc 0.0 0.0 1.0
72 73 inner 0.0 0.66078431372549 1.0
72 73 outer 0.0 0.66078431372549 1.0
73 73 disc 0.0 0.0 1.0
73 74 inner 0.0 0.66078431372549 1.0
73 74 outer 0.0 0.6764705882352942 1.0
74 74 disc 0.0 0.0 0.981283422459893
74 75 inner 0.0 0.6764705882352942 1.0
74 75 outer 0.0 0.692156862745098 1.0
75 75 disc 0.0 0.14313725490196066 1.0
75 76 inner 0.0 0.692156862745098 1.0
75 76 outer 0.0 0.707843137254902 1.0
76 76 disc 0.0 0.049019607843137254 1.0
76 77 inner 0.0 0.707843137254902 1.0
76 77 outer 0.0 0.707843137254902 1.0
77 77 disc 0.0 0.08039215686274499 1.0
77 78 inner 0.0 0.692156862745098 1.0
77 78 outer 0.0 0.692156862745098 1.0
78 78 disc 0.0 0.049019607843137254 1.0
78 79 inner 0.0 0.6764705882352942 1.0
78 79 outer 0.0 0.692156862745098 1.0
79 79 disc 0.0 0.09607843137254903 1.0
79 80 inner 0.0 0.692156862745098 1.0
79 80 outer 0.0 0.692156862745098 1.0
80 80 disc 0.0 0.12745098039215685 1.0
80 81 inner 0.0 0.707843137254902 1.0
80 81 outer 0.0 0.707843137254902 1.0
81 81 disc 0.0 0.049019607843137254 1.0
81 82 inner 0.0 0.7235294117647059 1.0
81 82 outer 0.0 0.7235294117647059 1.0
82 82 disc 0.0 0.03333333333333333 1.0
82 83 inner 0.0 0.7235294117647059 1.0
82 83 outer 0.0 0.7235294117647059 1.0
83 83 disc 0.0 0.06470588235294118 1.0
83 84 inner 0.0 0.7549019607843137 1.0
83 84 outer 0.0 0.7392156862745098 1.0
84 84 disc 0.0 0.4411764705882353 1.0
84 85 inner 0.0 0.7549019607843137 1.0
84 85 outer 0.0 0.7392156862745098 1.0
85 85 disc 0.0 0.049019607843137254 1.0
85 86 inner 0.0 0.7392156862745098 1.0
85 86 outer 0.0 0.7392156862745098 1.0
86 86 disc 0.0 0.20588235294117635 1.0
86 87 inner 0.0 0.7392156862745098 1.0
86 87 outer 0.0 0.7392156862745098 1.0
87 87 disc 0.0 0.40980392156862744 1.0
87 88 inner 0.0 0.7705882352941177 1.0
87 88 outer 0.0 0.7392156862745098 1.0
88 88 disc 0.0 0.692156862745098 1.0
88 89 inner 0.0 0.7549019607843137 1.0
88 89 outer 0.0 0.7549019607843137 1.0
89 89 disc 0.0 0.11176470588235295 1.0
89 90 inner 0.0 0.7549019607843137 1.0
89 90 outer 0.0 0.7705882352941177 1.0
90 90 disc 0.0 0.03333333333333333 1.0
90 91 inner 0.0 0.7549019607843137 1.0
90 91 outer 0.0 0.7705882352941177 1.0
91 91 disc 0.0 0.09607843137254903 1.0
91 92 inner 0.0 0.7549019607843137 1.0
91 92 outer 0.0 0.7705882352941177 1.0
92 92 disc 0.0 0.19019607843137254 1.0
92 93 inner 0.0 0.7862745098039213 1.0
92 93 outer 0.0 0.7862745098039213 1.0
93 93 disc 0.0 0.00196078431372549 1.0
93 94 inner 0.0 0.7862745098039213 1.0
93 94 outer 0.0 0.7862745098039213 1.0
94 94 disc 0.0 0.692156862745098 1.0
94 95 inner 0.0 0.7705882352941177 1.0
94 95 outer 0.0 0.7392156862745098 1.0
95 95 disc 0.0 0.14313725490196066 1.0
95 96 inner 0.0 0.7549019607843137 1.0
95 96 outer 0.0 0.7392156862745098 1.0
96 96 disc 0.0 0.0 1.0
96 97 inner 0.0 0.7549019607843137 1.0
96 97 outer 0.0 0.7705882352941177 1.0
97 97 disc 0.0 0.0 1.0
97 98 inner 0.0 0.7705882352941177 1.0
97 98 outer 0.0 0.7705882352941177 1.0
98 98 disc 0.0 0.0 0.999108734402852
98 99 inner 0.0 0.7862745098039213 1.0
98 99 outer 0.0 0.7862745098039213 1.0
99 99 disc 0.0 0.08039215686274499 1.0
99 100 inner 0.0 0.8019607843137255 1.0
99 100 outer 0.0 0.7862745098039213 1.0
100 100 disc 0.0 0.66078431372549 1.0
100 101 inner 0.0 0.7862745098039213 1.0
100 101 outer 0.0 0.7862745098039213 1.0
101 101 disc 0.0 0.6764705882352942 1.0
101 102 inner 0.0 0.8019607843137255 1.0
101 102 outer 0.0 0.7705882352941177 1.0
102 102 disc 0.0 0.3941176470588234 1.0
102 103 inner 0.0 0.7705882352941177 1.0
102 103 outer 0.0 0.7549019607843137 1.0
103 103 disc 0.08538899430740036 1.0 0.8823529411764706
103 104 inner 0.0 0.7392156862745098 1.0
103 104 outer 0.0 0.707843137254902 1.0
104 104 disc 0.0 0.06470588235294118 1.0
104 105 inner 0.0 0.7235294117647059 1.0
104 105 outer 0.0 0.7235294117647059 1.0
105 105 disc 0.0 0.5509803921568628 1.0
105 106 inner 0.0 0.692156862745098 1.0
105 106 outer 0.0 0.692156862745098 1.0
106 106 disc 0.0 0.0 1.0
106 107 inner 0.0 0.6764705882352942 1.0
106 107 outer 0.0 0.692156862745098 1.0
107 107 disc 0.0 0.0176470588235293 1.0
107 108 inner 0.0 0.66078431372549 1.0
107 108 outer 0.0 0.6764705882352942 1.0
108 108 disc 0.0 0.0 1.0
108 109 inner 0.0 0.66078431372549 1.0
108 109 outer 0.0 0.6764705882352942 1.0
109 109 disc 0.0 0.0 1.0
109 110 inner 0.0 0.66078431372549 1.0
109 110 outer 0.0 0.66078431372549 1.0
110 110 disc 0.0 0.0 0.963458110516934
110 111 inner 0.0 0.66078431372549 1.0
110 111 outer 0.0 0.66078431372549 1.0
111 111 disc 0.0 0.0 1.0
111 112 inner 0.0 0.66078431372549 1.0
111 112 outer 0.0 0.6764705882352942 1.0
112 112 disc 0.0 0.26862745098039204 1.0
112 113 inner 0.0 0.66078431372549 1.0
112 113 outer 0.0 0.6764705882352942 1.0
113 113 disc 0.0 0.0176470588235293 1.0
113 114 inner 0.0 0.66078431372549 1.0
113 114 outer 0.0 0.6764705882352942 1.0
114 114 disc 0.0 0.14313725490196066 1.0
114 115 inner 0.0 0.6450980392156863 1.0
114 115 outer 0.0 0.6450980392156863 1.0
115 115 disc 0.0 0.06470588235294118 1.0
115 116 inner 0.0 0.6450980392156863 1.0
115 116 outer 0.0 0.6450980392156863 1.0
116 116 disc 0.0 0.17450980392156862 1.0
116 117 inner 0.0 0.6294117647058823 1.0
116 117 outer 0.0 0.6294117647058823 1.0
117 117 disc 0.0 0.03333333333333333 1.0
117 118 inner 0.0 0.5980392156862745 1.0
117 118 outer 0.0 0.6137254901960785 1.0
118 118 disc 0.0 0.08039215686274499 1.0
118 119 inner 0.0 0.6137254901960785 1.0
118 119 outer 0.0 0.6294117647058823 1.0
119 119 disc 0.0 0.09607843137254903 1.0
119 120 inner 0.0 0.5823529411764706 1.0
119 120 outer 0.0 0.5980392156862745 1.0
120 120 disc 0.0 0.00196078431372549 1.0
120 121 inner 0.0 0.5823529411764706 1.0
120 121 outer 0.0 0.5980392156862745 1.0
121 121 disc 0.0 0.0176470588235293 1.0
121 122 inner 0.0 0.5823529411764706 1.0
121 122 outer 0.0 0.5980392156862745 1.0
122 122 disc 0.0 0.049019607843137254 1.0
122 123 inner 0.0 0.5666666666666667 1.0
122 123 outer 0.0 0.5823529411764706 1.0
123 123 disc 0.0 0.1588235294117647 1.0
123 124 inner 0.0 0.6450980392156863 1.0
123 124 outer 0.0 0.5823529411764706 1.0
124 124 disc 0.0 0.26862745098039204 1.0
124 125 inner 0.0 0.5666666666666667 1.0
124 125 outer 0.0 0.5666666666666667 1.0
125 125 disc 0.0 0.0176470588235293 1.0
125 126 inner 0.0 0.5509803921568628 1.0
125 126 outer 0.0 0.5666666666666667 1.0
126 126 disc 0.0 0.00196078431372549 1.0
126 127 inner 0.0 0.5509803921568628 1.0
126 127 outer 0.0 0.5666666666666667 1.0
127 127 disc 0.0 0.12745098039215685 1.0
127 128 inner 0.0 0.5509803921568628 1.0
127 128 outer 0.0 0.5666666666666667 1.0
128 128 disc 0.0 0.03333333333333333 1.0
128 129 inner 0.0 0.5666666666666667 1.0
128 129 outer 0.0 0.5666666666666667 1.0
129 129 disc 0.0 0.0 0.981283422459893
129 130 inner 0.0 0.5666666666666667 1.0
129 130 outer 0.0 0.5823529411764706 1.0
130 130 disc 0.0 0.09607843137254903 1.0
130 131 inner 0.0 0.5666666666666667 1.0
130 131 outer 0.0 0.5666666666666667 1.0
131 131 disc 0.0 0.03333333333333333 1.0
131 132 inner 0.0 0.5509803921568628 1.0
131 132 outer 0.0 0.5509803921568628 1.0
132 132 disc 0.0 0.03333333333333333 1.0
132 133 inner 0.0 0.5352941176470586 1.0
132 133 outer 0.0 0.5352941176470586 1.0
133 133 disc 0.0 0.06470588235294118 1.0
133 134 inner 0.0 0.48823529411764705 1.0
133 134 outer 0.0 0.5196078431372549 1.0
134 134 disc 0.0 0.3627450980392157 1.0
134 135 inner 0.0 0.4568627450980391 1.0
134 135 outer 0.0 0.4725490196078431 1.0
135 135 disc 0.0 0.00196078431372549 1.0
135 136 inner 0.0 0.4568627450980391 1.0
135 136 outer 0.0 0.4725490196078431 1.0
136 136 disc 0.0 0.0 1.0
136 137 inner 0.0 0.4411764705882353 1.0
136 137 outer 0.0 0.4568627450980391 1.0
137 137 disc 0.0 0.0176470588235293 1.0
137 138 inner 0.0 0.42549019607843136 1.0
137 138 outer 0.0 0.4411764705882353 1.0
138 138 disc 0.0 0.09607843137254903 1.0
138 139 inner 0.0 0.3941176470588234 1.0
138 139 outer 0.0 0.40980392156862744 1.0
139 139 disc 0.0 0.42549019607843136 1.0
139 140 inner 0.0 0.40980392156862744 1.0
139 140 outer 0.0 0.26862745098039204 1.0
140 140 disc 0.0 0.1588235294117647 1.0
140 141 inner 0.0 0.3 1.0
140 141 outer 0.0 0.22156862745098038 1.0
141 141 disc 0.0 0.06470588235294118 1.0
141 142 inner 0.0 0.2372549019607843 1.0
141 142 outer 0.0 0.19019607843137254 1.0
142 142 disc 0.0 0.17450980392156862 1.0
142 143 inner 0.0 0.3 1.0
142 143 outer 0.0 0.14313725490196066 1.0
143 143 disc 0.0 0.1588235294117647 1.0
143 144 inner 0.0 0.12745098039215685 1.0
143 144 outer 0.0 0.09607843137254903 1.0
144 144 disc 0.0 0.0 0.963458110516934
144 145 inner 0.0 0.09607843137254903 1.0
144 145 outer 0.0 0.09607843137254903 1.0
145 145 disc 0.0 0.0 0.945632798573975
145 146 inner 0.0 0.08039215686274499 1.0
145 146 outer 0.0 0.08039215686274499 1.0
146 146 disc 0.0 0.0 0.874331550802139
146 147 inner 0.0 0.08039215686274499 1.0
146 147 outer 0.0 0.08039215686274499 1.0
147 147 disc 0.0 0.0 0.945632798573975
147 148 inner 0.0 0.08039215686274499 1.0
147 148 outer 0.0 0.09607843137254903 1.0
148 148 disc 0.0 0.0 0.927807486631016
148 149 inner 0.0 0.08039215686274499 1.0
148 149 outer 0.0 0.08039215686274499 1.0
149 149 disc 0.0 0.0 0.874331550802139
149 150 inner 0.0 0.08039215686274499 1.0
149 150 outer 0.0 0.08039215686274499 1.0
150 150 disc 0.0 0.0176470588235293 1.0
150 151 inner 0.0 0.11176470588235295 1.0
150 151 outer 0.0 0.06470588235294118 1.0
151 151 disc 0.0 0.0 0.927807486631016
151 152 inner 0.0 0.08039215686274499 1.0
151 152 outer 0.0 0.06470588235294118 1.0
152 152 disc 0.0 0.0 0.963458110516934
152 153 inner 0.0 0.08039215686274499 1.0
152 153 outer 0.0 0.049019607843137254 1.0
153 153 disc 0.0 0.0 0.927807486631016
153 154 inner 0.0 0.049019607843137254 1.0
153 154 outer 0.0 0.049019607843137254 1.0
154 154 disc 0.0 0.0 0.909982174688057
154 155 inner 0.0 0.049019607843137254 1.0
154 155 outer 0.0 0.049019607843137254 1.0
155 155 disc 0.0 0.0 0.999108734402852
155 156 inner 0.0 0.03333333333333333 1.0
155 156 outer 0.0 0.049019607843137254 1.0
156 156 disc 0.0 0.0 0.85650623885918
156 157 inner 0.0 0.03333333333333333 1.0
156 157 outer 0.0 0.049019607843137254 1.0
157 157 disc 0.0 0.0 0.838680926916221
157 158 inner 0.0 0.03333333333333333 1.0
157 158 outer 0.0 0.049019607843137254 1.0
158 158 disc 0.0 0.0 0.892156862745098
158 159 inner 0.0 0.049019607843137254 1.0
158 159 outer 0.0 0.049019607843137254 1.0
159 159 disc 0.0 0.0 0.945632798573975
159 160 inner 0.0 0.03333333333333333 1.0
159 160 outer 0.0 0.03333333333333333 1.0
160 160 disc 0.0 0.0 0.838680926916221
160 161 inner 0.0 0.049019607843137254 1.0
160 161 outer 0.0 0.049019607843137254 1.0
161 161 disc 0.0 0.0 0.838680926916221
161 162 inner 0.0 0.049019607843137254 1.0
161 162 outer 0.0 0.049019607843137254 1.0
162 162 disc 0.0 0.0 0.981283422459893
162 163 inner 0.0 0.03333333333333333 1.0
162 163 outer 0.0 0.049019607843137254 1.0
163 163 disc 0.0 0.0 0.803030303030303
163 164 inner 0.0 0.03333333333333333 1.0
163 164 outer 0.0 0.06470588235294118 1.0
164 164 disc 0.0 0.0 0.820855614973262
164 165 inner 0.0 0.03333333333333333 1.0
164 165 outer 0.0 0.049019607843137254 1.0
165 165 disc 0.0 0.0 0.820855614973262
165 166 inner 0.0 0.03333333333333333 1.0
165 166 outer 0.0 0.049019607843137254 1.0
166 166 disc 0.0 0.0 0.838680926916221
166 167 inner 0.0 0.03333333333333333 1.0
166 167 outer 0.0 0.049019607843137254 1.0
167 167 disc 0.0 0.0 0.820855614973262
167 168 inner 0.0 0.03333333333333333 1.0
167 168 outer 0.0 0.049019607843137254 1.0
168 168 disc 0.0 0.0 0.838680926916221
168 169 inner 0.0 0.03333333333333333 1.0
168 169 outer 0.0 0.049019607843137254 1.0
169 169 disc 0.0 0.0 0.838680926916221
169 170 inner 0.0 0.03333333333333333 1.0
169 170 outer 0.0 0.03333333333333333 1.0
170 170 disc 0.0 0.0 1.0
170 171 inner 0.0 0.0176470588235293 1.0
170 171 outer 0.0 0.0176470588235293 1.0
171 171 disc 0.0 0.0 0.874331550802139
171 172 inner 0.0 0.00196078431372549 1.0
171 172 outer 0.0 0.0176470588235293 1.0
172 172 disc 0.0 0.0 0.85650623885918
172 173 inner 0.0 0.0176470588235293 1.0
172 173 outer 0.0 0.0176470588235293 1.0
173 173 disc 0.0 0.0 0.909982174688057
173 174 inner 0.0 0.0 1.0
173 174 outer 0.0 0.00196078431372549 1.0
174 174 disc 0.0 0.0 0.909982174688057
174 175 inner 0.0 0.0 1.0
174 175 outer 0.0 0.0 1.0
175 175 disc 0.0 0.0 0.838680926916221
175 176 inner 0.0 0.00196078431372549 1.0
175 176 outer 0.0 0.0 1.0
176 176 disc 0.0 0.2529411764705882 1.0
176 177 inner 0.0 0.0 0.999108734402852
176 177 outer 0.0 0.0 0.981283422459893
177 177 disc 0.0 0.34705882352941175 1.0
177 178 inner 0.0 0.0 0.981283422459893
177 178 outer 0.0 0.0 0.874331550802139
178 178 disc 0.0 0.12745098039215685 1.0
178 179 inner 0.0 0.0 0.909982174688057
178 179 outer 0.0 0.0 0.85650623885918
179 179 disc 0.0 0.0 0.785204991087344
179 180 inner 0.0 0.0 0.874331550802139
179 180 outer 0.0 0.0 0.892156862745098
180 180 disc 0.0 0.0 0.803030303030303
180 181 inner 0.0 0.0 0.874331550802139
180 181 outer 0.0 0.0 0.874331550802139
181 181 disc 0.0 0.0 0.820855614973262
181 182 inner 0.0 0.0 0.874331550802139
181 182 outer 0.0 0.0 0.85650623885918
182 182 disc 0.0 0.0 0.803030303030303
182 183 inner 0.0 0.0 0.642602495543672
182 183 outer 0.0 0.0 0.85650623885918
183 183 disc 0.0 0.0 0.624777183600713
183 184 inner 0.0 0.0 0.5
183 184 outer 0.0 0.0 0.5
184 184 disc 1.0 0.8140885984023241 0.0
184 185 inner 1.0 0.7269426289034134 0.0
184 185 outer 1.0 0.9012345679012348 0.0
185 185 disc 1.0 0.8867102396514164 0.0
185 186 inner 1.0 0.8140885984023241 0.0
185 186 outer 1.0 0.872185911401598 0.0
186 186 disc 1.0 0.3783587509077707 0.0
186 187 inner 0.5028462998102466 1.0 0.46489563567362435
186 187 outer 0.47754585705249836 1.0 0.4901960784313726
187 187 disc 1.0 0.7559912854030507 0.0
187 188 inner 1.0 0.872185911401598 0.0
187 188 outer 1.0 0.8867102396514164 0.0
188 188 disc 1.0 0.9157588961510532 0.0
188 189 inner 1.0 0.843137254901961 0.0
188 189 outer 1.0 0.7705156136528688 0.0
189 189 disc 1.0 0.9012345679012348 0.0
189 190 inner 1.0 0.712418300653595 0.0
189 190 outer 1.0 0.7269426289034134 0.0
190 190 disc 1.0 0.6688453159041396 0.0
190 191 inner 1.0 0.5816993464052289 0.0
190 191 outer 1.0 0.7705156136528688 0.0
191 191 disc 1.0 0.6978939724037765 0.0
191 192 inner 0.9709044908285893 0.9593318809005086 0.0
191 192 outer 0.9835547122074635 0.9448075526506902 0.0
192 192 disc 0.8950031625553446 1.0 0.07273877292852626
192 193 inner 1.0 0.9157588961510532 0.0
192 193 outer 1.0 0.8867102396514164 0.0
193 193 disc 0.9203036053130929 1.0 0.04743833017077803
193 194 inner 1.0 0.872185911401598 0.0
193 194 outer 1.0 0.8140885984023241 0.0
194 194 disc 0.7811511701454774 1.0 0.18659076533839347
194 195 inner 1.0 0.8286129266521426 0.0
194 195 outer 1.0 0.6833696441539581 0.0
195 195 disc 0.9962049335863377 0.9302832244008717 0.0
195 196 inner 1.0 0.8286129266521426 0.0
195 196 outer 1.0 0.712418300653595 0.0
196 196 disc 1.0 0.9157588961510532 0.0
196 197 inner 1.0 0.7995642701525056 0.0
196 197 outer 1.0 0.5962236746550474 0.0
197 197 disc 1.0 0.6688453159041396 0.0
197 198 inner 1.0 0.6252723311546844 0.0
197 198 outer 1.0 0.6397966594045028 0.0
198 198 disc 0.9203036053130929 1.0 0.04743833017077803
198 199 inner 1.0 0.6397966594045028 0.0
198 199 outer 1.0 0.5526506899055921 0.0
199 199 disc 1.0 0.6688453159041396 0.0
199 200 inner 1.0 0.6252723311546844 0.0
199 200 outer 1.0 0.5090777051561368 0.0
200 200 disc 1.0 0.8140885984023241 0.0
200 201 inner 1.0 0.6543209876543212 0.0
200 201 outer 1.0 0.46550472040668145 0.0
201 201 disc 1.0 0.741466957153232 0.0
201 202 inner 1.0 0.741466957153232 0.0
201 202 outer 1.0 0.5381263616557737 0.0
202 202 disc 1.0 0.5526506899055921 0.0
202 203 inner 1.0 0.5962236746550474 0.0
202 203 outer 1.0 0.6978939724037765 0.0
203 203 disc 1.0 0.6107480029048659 0.0
203 204 inner 1.0 0.7559912854030507 0.0
203 204 outer 1.0 0.6543209876543212 0.0
204 204 disc 1.0 0.8867102396514164 0.0
204 205 inner 1.0 0.6978939724037765 0.0
204 205 outer 1.0 0.5526506899055921 0.0
205 205 disc 1.0 0.6978939724037765 0.0
205 206 inner 1.0 0.46550472040668145 0.0
205 206 outer 1.0 0.3638344226579523 0.0
206 206 disc 0.9456040480708408 0.9883805374001459 0.022137887413030133
206 207 inner 1.0 0.3638344226579523 0.0
206 207 outer 1.0 0.4219317356572261 0.0
207 207 disc 1.0 0.7559912854030507 0.0
207 208 inner 1.0 0.7705156136528688 0.0
207 208 outer 1.0 0.40740740740740755 0.0
208 208 disc 1.0 0.7705156136528688 0.0
208 209 inner 1.0 0.712418300653595 0.0
208 209 outer 1.0 0.8286129266521426 0.0
209 209 disc 1.0 0.741466957153232 0.0
209 210 inner 1.0 0.6107480029048659 0.0
209 210 outer 1.0 0.5962236746550474 0.0
210 210 disc 1.0 0.7850399419026872 0.0
210 211 inner 1.0 0.712418300653595 0.0
210 211 outer 1.0 0.5816993464052289 0.0
211 211 disc 1.0 0.7705156136528688 0.0
211 212 inner 1.0 0.7850399419026872 0.0
211 212 outer 1.0 0.6252723311546844 0.0
212 212 disc 1.0 0.8140885984023241 0.0
212 213 inner 0.0 0.0 0.5
