0 0 disc 0.0 0.0 0.517825311942959
0 1 inner 0.0 0.0 0.517825311942959
0 1 outer 0.0 0.0 0.517825311942959
1 1 disc 0.0 0.0 0.535650623885918
1 2 inner 0.0 0.0 0.535650623885918
1 2 outer 0.0 0.0 0.535650623885918
2 2 disc 0.0 0.0 0.553475935828877
2 3 inner 0.0 0.0 0.517825311942959
2 3 outer 0.0 0.0 0.517825311942959
3 3 disc 0.0 0.0 0.571301247771836
3 4 inner 0.0 0.0 0.535650623885918
3 4 outer 0.0 0.0 0.535650623885918
4 4 disc 0.0 0.0 0.535650623885918
4 5 inner 0.0 0.0 0.535650623885918
4 5 outer 0.0 0.0 0.5
5 5 disc 0.0 0.5509803921568628 1.0
5 6 inner 0.0 0.26862745098039204 1.0
5 6 outer 0.0 0.22156862745098038 1.0
6 6 disc 0.0 0.6294117647058823 1.0
6 7 inner 0.0 0.4411764705882353 1.0
6 7 outer 0.0 0.42549019607843136 1.0
7 7 disc 0.0 0.6450980392156863 1.0
7 8 inner 0.0 0.4725490196078431 1.0
7 8 outer 0.0 0.503921568627451 1.0
8 8 disc 0.0 0.5980392156862745 1.0
8 9 inner 0.0 0.5352941176470586 1.0
8 9 outer 0.0 0.0 0.767379679144385
9 9 disc 0.6799493991144844 1.0 0.2877925363693865
9 10 inner 0.30044275774826057 1.0 0.6672991777356103
9 10 outer 0.0 0.8960784313725491 0.9709044908285895
10 10 disc 1.0 0.872185911401598 0.0
10 11 inner 0.6925996204933585 1.0 0.27514231499051234
10 11 outer 0.43959519291587595 1.0 0.5281467425679949
11 11 disc 1.0 0.48002904865649987 0.0
11 12 inner 0.8191018342820998 1.0 0.14864010120177107
11 12 outer 0.5281467425679949 1.0 0.439595192915876
12 12 disc 1.0 0.16049382716049398 0.0
12 13 inner 1.0 0.7705156136528688 0.0
12 13 outer 0.831752055660974 1.0 0.1359898798228969
13 13 disc 0.6604278074866311 0.0 0.0
13 14 inner 0.0 0.0 0.5
