0 0 disc 0.6925996204933585 1.0 0.27514231499051234
0 1 inner 0.7685009487666034 1.0 0.19924098671726753
0 1 outer 0.844402277039848 1.0 0.12333965844402273
1 1 disc 0.6925996204933585 1.0 0.27514231499051234
1 2 inner 0.8064516129032256 1.0 0.16129032258064513
1 2 outer 0.831752055660974 1.0 0.1359898798228969
2 2 disc 0.7938013915243516 1.0 0.1739405439595193
2 3 inner 0.831752055660974 1.0 0.1359898798228969
2 3 outer 0.8191018342820998 1.0 0.14864010120177107
3 3 disc 0.7938013915243516 1.0 0.1739405439595193
3 4 inner 0.0 0.0 0.5
