0 0 disc 0.0 0.0 0.749554367201426
0 1 inner 0.0 0.0 0.713903743315508
0 1 outer 0.0 0.0 0.67825311942959
1 1 disc 0.0 0.0 0.749554367201426
1 2 inner 0.0 0.0 0.803030303030303
1 2 outer 0.0 0.0 0.767379679144385
2 2 disc 0.0 0.0 0.785204991087344
2 3 inner 0.0 0.0 0.785204991087344
2 3 outer 0.0 0.0 0.820855614973262
3 3 disc 0.0 0.0 0.927807486631016
3 4 inner 0.0 0.0 0.67825311942959
3 4 outer 0.0 0.0 0.606951871657754
4 4 disc 0.0 0.0 0.892156862745098
4 5 inner 0.0 0.0 0.85650623885918
4 5 outer 0.0 0.0 0.785204991087344
5 5 disc 0.0 0.0 0.892156862745098
5 6 inner 0.0 0.0 0.909982174688057
5 6 outer 0.0 0.0 0.892156862745098
6 6 disc 0.0 0.0 0.927807486631016
6 7 inner 0.0 0.0 0.945632798573975
6 7 outer 0.0 0.0 0.909982174688057
7 7 disc 0.0 0.0 0.945632798573975
7 8 inner 0.0 0.0 0.85650623885918
7 8 outer 0.0 0.0 0.927807486631016
8 8 disc 0.0 0.0 0.85650623885918
8 9 inner 0.0 0.0 0.838680926916221
8 9 outer 0.0 0.0 0.5
9 9 disc 1.0 0.6833696441539581 0.0
9 10 inner 0.46489563567362424 1.0 0.5028462998102468
9 10 outer 0.3763440860215053 1.0 0.5913978494623656
10 10 disc 1.0 0.18954248366013093 0.0
10 11 inner 0.8950031625553446 1.0 0.07273877292852626
10 11 outer 1.0 0.872185911401598 0.0
11 11 disc 1.0 0.34931009440813376 0.0
11 12 inner 0.5913978494623655 1.0 0.3763440860215054
11 12 outer 0.5281467425679949 1.0 0.439595192915876
12 12 disc 1.0 0.27668845315904156 0.0
12 13 inner 1.0 0.3638344226579523 0.0
12 13 outer 1.0 0.5090777051561368 0.0
13 13 disc 1.0 0.3057371096586785 0.0
13 14 inner 0.5660974067046173 1.0 0.4016445287792536
13 14 outer 0.30044275774826057 1.0 0.6672991777356103
14 14 disc 0.7852049910873442 0.0 0.0
14 15 inner 1.0 0.8867102396514164 0.0
14 15 outer 1.0 0.7559912854030507 0.0
15 15 disc 1.0 0.4219317356572261 0.0
15 16 inner 1.0 0.3638344226579523 0.0
15 16 outer 1.0 0.27668845315904156 0.0
16 16 disc 1.0 0.6833696441539581 0.0
16 17 inner 1.0 0.40740740740740755 0.0
16 17 outer 1.0 0.34931009440813376 0.0
17 17 disc 1.0 0.5090777051561368 0.0
17 18 inner 0.0 0.0 0.5
