0 0 disc 0.0 0.0 0.517825311942959
0 1 inner 0.0 0.0 0.517825311942959
0 1 outer 0.0 0.0 0.517825311942959
1 1 disc 0.0 0.0 0.535650623885918
1 2 inner 0.0 0.0 0.535650623885918
1 2 outer 0.0 0.0 0.535650623885918
2 2 disc 0.0 0.0 0.553475935828877
2 3 inner 0.0 0.0 0.535650623885918
2 3 outer 0.0 0.0 0.535650623885918
3 3 disc 0.0 0.0 0.571301247771836
3 4 inner 0.0 0.0 0.553475935828877
3 4 outer 0.0 0.0 0.5
4 4 disc 0.0 0.22156862745098038 1.0
4 5 inner 0.0 0.11176470588235295 1.0
4 5 outer 0.0 0.0 0.892156862745098
5 5 disc 0.0 0.7705882352941177 1.0
5 6 inner 0.0 0.6137254901960785 1.0
5 6 outer 0.0 0.3627450980392157 1.0
6 6 disc 0.24984187223276405 1.0 0.717900063251107
6 7 inner 0.07273877292852624 0.9901960784313726 0.8950031625553447
6 7 outer 0.0 0.5666666666666667 1.0
7 7 disc 0.7558507273877292 1.0 0.2118912080961417
7 8 inner 0.6166982922201137 1.0 0.35104364326375714
7 8 outer 0.3257432005060088 1.0 0.6419987349778622
8 8 disc 1.0 0.6978939724037765 0.0
8 9 inner 0.7179000632511068 1.0 0.2498418722327641
8 9 outer 0.6799493991144844 1.0 0.2877925363693865
9 9 disc 1.0 0.3057371096586785 0.0
9 10 inner 1.0 0.8286129266521426 0.0
9 10 outer 0.6799493991144844 1.0 0.2877925363693865
10 10 disc 0.517825311942959 0.0 0.0
10 11 inner 0.0 0.0 0.5
