0 0 12.310328758616798
1 0.02046795022936072 17.13847180503036
1 0.02046795022936072 11.474719946526482
2 0.04279299080627718 16.544043745022986
2 0.04279299080627718 10.895575282380685
3 0.06233587855097207 16.0545407280966
3 0.06233587855097207 10.482807956726667
4 0.08215985364694459 15.65284497300198
4 0.08215985364694459 10.121533517340032
5 0.10297176526503296 15.377989971722485
5 0.10297176526503296 9.926295994781112
6 0.12364263921965507 15.14489718534065
6 0.12364263921965507 9.67065624911844
7 0.1444822242073309 15.030667136246942
7 0.1444822242073309 9.558420713268664
8 0.16562399991480412 14.827342704234116
8 0.16562399991480412 9.388017285345136
9 0.18624828819435366 14.655307101510479
9 0.18624828819435366 9.194756854422248
10 0.2069750632868882 14.480474671702154
10 0.2069750632868882 9.0
11 0.22817223440522946 14.309689502255601
11 0.22817223440522946 8.94251450533924
12 0.24955931210616858 14.240418687179673
12 0.24955931210616858 8.927777962082342
13 0.27094688572576137 14.237956813306198
13 0.27094688572576137 8.861086905995395
14 0.2922161158624656 14.198905402581904
14 0.2922161158624656 8.78135971352466
15 0.31341129673497675 14.055621374781708
15 0.31341129673497675 8.558420713268664
16 0.3351167605696655 13.889123656294238
16 0.3351167605696655 8.57742882803575
17 0.3566140788593266 13.857009025111093
17 0.3566140788593266 8.50382573799575
18 0.3781951836235548 13.75143945153796
18 0.3781951836235548 8.388017285345136
19 0.40040007406337963 13.674192268145683
19 0.40040007406337963 8.447083226209653
20 0.4218956489269072 13.718746909901064
20 0.4218956489269072 8.252665432450248
21 0.44400124423938403 13.542669167010825
21 0.44400124423938403 8.194756854422248
22 0.465828575762925 13.475100086629922
22 0.465828575762925 8.027905996569885
23 0.48831908479412406 13.377617247970784
23 0.48831908479412406 8.066089190457772
24 0.5109572992349753 13.405806268936269
24 0.5109572992349753 8.252665432450248
25 0.5328983983198062 13.517546370010447
25 0.5328983983198062 8.154818109052105
26 0.5552263993992229 13.449277635946482
26 0.5552263993992229 8.219168520462162
27 0.5775365347081981 13.49210354247923
27 0.5775365347081981 8.252665432450248
28 0.5997366137968182 13.554828641429854
28 0.5997366137968182 8.252665432450248
29 0.6220697673773706 13.556984957594462
29 0.6220697673773706 8.312882955284355
30 0.6443498152443039 13.61895897884957
30 0.6443498152443039 8.379378367071261
31 0.666634666878949 13.719923528720669
31 0.666634666878949 8.43879185257826
32 0.6887352451973345 13.751962413460854
32 0.6887352451973345 8.471675214392045
33 0.7112451297272722 13.775507403800042
33 0.7112451297272722 8.543031820255237
34 0.7337192063746049 13.879104569147565
34 0.7337192063746049 8.693486957499326
35 0.7553524647292006 13.989483201928493
35 0.7553524647292006 8.679480099505446
36 0.7770821193544736 13.942972605568817
36 0.7770821193544736 8.73809225962049
37 0.7985250284439966 14.035228681414296
37 0.7985250284439966 8.679480099505446
38 0.8203127284737147 14.037203741151973
38 0.8203127284737147 8.717676423066395
39 0.8425848629296615 14.047549976037528
39 0.8425848629296615 8.89178370321831
40 0.8646551862570834 14.211508107693488
40 0.8646551862570834 9.068778277985412
41 0.8868099142150763 14.395668009636843
41 0.8868099142150763 9.240791332161956
42 0.9089867714802935 14.587250119122231
42 0.9089867714802935 9.405141463136344
43 0.931563708888422 14.763679216449683
43 0.931563708888422 9.558420713268664
44 0.9634716846927558 15.050103720581296
44 0.9634716846927558 9.900866807980748
45 0.9910670398292372 17.404426455062257
45 0.9910670398292372 10.73640193131829
46 1.0141375297699746 15.551678225185412
46 1.0141375297699746 10.26795708440284
47 1.037271888434518 15.247222900466996
47 1.037271888434518 10.045759661382682
48 1.0623540389612145 15.098032082960527
48 1.0623540389612145 9.92184093707449
49 1.0957965520759183 15.263819350386658
49 1.0957965520759183 10.145932145820515
50 1.1351608719007704 15.509836846924665
8034515.0
