0 0 disc 0.0 0.0 0.963458110516934
0 1 inner 0.0 0.0 0.999108734402852
0 1 outer 0.0 0.0 0.981283422459893
1 1 disc 0.0 0.049019607843137254 1.0
1 2 inner 0.0 0.03333333333333333 1.0
1 2 outer 0.0 0.0 1.0
2 2 disc 0.0 0.12745098039215685 1.0
2 3 inner 0.0 0.08039215686274499 1.0
2 3 outer 0.0 0.00196078431372549 1.0
3 3 disc 0.0 0.19019607843137254 1.0
3 4 inner 0.0 0.14313725490196066 1.0
3 4 outer 0.0 0.09607843137254903 1.0
4 4 disc 0.0 0.2529411764705882 1.0
4 5 inner 0.0 0.12745098039215685 1.0
4 5 outer 0.0 0.1588235294117647 1.0
5 5 disc 0.0 0.20588235294117635 1.0
5 6 inner 0.0 0.09607843137254903 1.0
5 6 outer 0.0 0.0 0.589126559714795
6 6 disc 0.46489563567362424 1.0 0.5028462998102468
6 7 inner 0.19924098671726753 1.0 0.7685009487666035
6 7 outer 0.0 0.8647058823529412 0.9962049335863378
7 7 disc 0.7811511701454774 1.0 0.18659076533839347
7 8 inner 0.3130929791271345 1.0 0.6546489563567364
7 8 outer 0.2245414294750158 1.0 0.7432005060088551
8 8 disc 0.9456040480708408 0.9883805374001459 0.022137887413030133
8 9 inner 0.5154965211891207 1.0 0.4522454142947502
8 9 outer 0.46489563567362424 1.0 0.5028462998102468
9 9 disc 0.9709044908285893 0.9593318809005086 0.0
9 10 inner 0.7179000632511068 1.0 0.2498418722327641
9 10 outer 0.831752055660974 1.0 0.1359898798228969
10 10 disc 0.8823529411764705 1.0 0.08538899430740043
10 11 inner 0.7052498418722326 1.0 0.26249209361163817
10 11 outer 0.5028462998102466 1.0 0.46489563567362435
11 11 disc 0.9709044908285893 0.9593318809005086 0.0
11 12 inner 0.45224541429475007 1.0 0.5154965211891208
11 12 outer 0.38899430740037944 1.0 0.5787476280834916
12 12 disc 1.0 0.712418300653595 0.0
12 13 inner 0.844402277039848 1.0 0.12333965844402273
12 13 outer 0.5534471853257431 1.0 0.4142947501581278
13 13 disc 1.0 0.5090777051561368 0.0
13 14 inner 0.8191018342820998 1.0 0.14864010120177107
13 14 outer 0.8191018342820998 1.0 0.14864010120177107
14 14 disc 1.0 0.5090777051561368 0.0
14 15 inner 0.8064516129032256 1.0 0.16129032258064513
14 15 outer 0.43959519291587595 1.0 0.5281467425679949
15 15 disc 1.0 0.16049382716049398 0.0
15 16 inner 1.0 0.843137254901961 0.0
15 16 outer 0.6040480708412397 1.0 0.3636938646426312
16 16 disc 0.5 0.0 0.0
16 17 inner 0.5 0.0 0.0
16 17 outer 0.5 0.0 0.0
17 17 disc 0.0 0.0 0.5
17 18 inner 0.5 0.0 0.0
17 18 outer 0.5 0.0 0.0
18 18 disc 0.535650623885918 0.0 0.0
18 19 inner 0.0 0.0 0.5
