0 0 10.651948610723446
1 0.021309295713081128 17.481357980160276
1 0.021309295713081128 10.449148645375436
2 0.04146991466698112 17.38204980614204
2 0.04146991466698112 10.28886607416582
3 0.061447493704373246 17.208939222530237
3 0.061447493704373246 10.149747119504681
4 0.08186997204964806 17.189708755722116
4 0.08186997204964806 10.133142212400601
5 0.10188055033598534 17.185514281839705
5 0.10188055033598534 10.1357092861044
6 0.12142037767649366 17.11115605174536
6 0.12142037767649366 10.002815015607053
7 0.1408088879597528 17.031421216241874
7 0.1408088879597528 9.818582177480858
8 0.16013787694230408 16.922596016324835
8 0.16013787694230408 9.758223214726724
9 0.17932866213682175 16.83308773842201
9 0.17932866213682175 9.643856189774725
10 0.19841493598606655 16.783074967752448
10 0.19841493598606655 9.5980525001616
11 0.21732838891251408 16.74827148271399
11 0.21732838891251408 9.509775004326936
12 0.23637428858570117 16.688222985104712
12 0.23637428858570117 9.507794640198696
13 0.2553855416444924 16.68451578518803
13 0.2553855416444924 9.46352437327118
14 0.2742806368668724 16.614724220389252
14 0.2742806368668724 9.379378367071261
15 0.29309803466957707 16.514205495867234
15 0.29309803466957707 9.29232163280204
16 0.3121316051437435 16.467494108794423
16 0.3121316051437435 9.290018846932618
17 0.3315712138826866 16.511412938143256
17 0.3315712138826866 9.422064766172813
18 0.35112778097099934 16.588612167807025
18 0.35112778097099934 9.413627929024173
19 0.3703747891978812 16.589578003486075
19 0.3703747891978812 9.379378367071261
20 0.3898760873083203 16.54800908009766
20 0.3898760873083203 9.426264754702098
21 0.40987768084070286 16.61782614301476
21 0.40987768084070286 9.590587049915035
22 0.42941776816740895 16.711774504965348
22 0.42941776816740895 9.521600439723727
23 0.4489272820951377 16.64042853821702
23 0.4489272820951377 9.489847960439297
24 0.46841483023557684 16.609972256142782
24 0.46841483023557684 9.432541900388259
25 0.4880481050416139 16.680386996877978
25 0.4880481050416139 9.505811553919594
26 0.507460963971475 16.628602172954466
26 0.507460963971475 9.368506461507693
27 0.5270849172545307 16.528484634626057
27 0.5270849172545307 9.353146825498083
28 0.5465243887552724 16.570463523989673
28 0.5465243887552724 9.357552004618084
29 0.5668011933523261 16.470881259696487
29 0.5668011933523261 9.308339030139408
30 0.5867759170399719 16.532949417168243
30 0.5867759170399719 9.330916878114618
31 0.6071189494015584 16.49182178750382
31 0.6071189494015584 9.428360172704291
32 0.6272886949136158 16.70890874372659
32 0.6272886949136158 9.560332834212442
33 0.6470235738399076 16.64905965757021
33 0.6470235738399076 9.485829308701904
34 0.6673474455790379 16.644659029018225
34 0.6673474455790379 9.533329732305834
35 0.68810573962808 16.721566514579795
35 0.68810573962808 9.722807531169547
36 0.7089738194447832 16.757324894927805
36 0.7089738194447832 9.707359132080883
37 0.7310020920099846 16.814770200304146
37 0.7310020920099846 9.845490050944376
38 0.7536056818848627 16.930471704231547
38 0.7536056818848627 9.932214751968385
39 0.7861990372010829 16.934024829533982
39 0.7861990372010829 9.946906274456397
40 0.8278967252792978 17.050316328719514
32971011.0
