0 0 disc 0.0 0.0 0.5
0 1 inner 0.0 0.0 0.517825311942959
0 1 outer 0.0 0.0 0.517825311942959
1 1 disc 0.0 0.0 0.517825311942959
1 2 inner 0.0 0.0 0.535650623885918
1 2 outer 0.0 0.0 0.535650623885918
2 2 disc 0.0 0.0 0.553475935828877
2 3 inner 0.0 0.0 0.535650623885918
2 3 outer 0.0 0.0 0.535650623885918
3 3 disc 0.0 0.0 0.535650623885918
3 4 inner 0.0 0.0 0.553475935828877
3 4 outer 0.0 0.0 0.553475935828877
4 4 disc 0.0 0.0 0.553475935828877
4 5 inner 0.0 0.0 0.517825311942959
4 5 outer 0.0 0.0 0.553475935828877
5 5 disc 0.0 0.0 0.517825311942959
5 6 inner 0.0 0.0 0.517825311942959
5 6 outer 0.0 0.0 0.5
6 6 disc 0.0 0.6294117647058823 1.0
6 7 inner 0.0 0.5666666666666667 1.0
6 7 outer 0.0 0.503921568627451 1.0
7 7 disc 0.0 0.7549019607843137 1.0
7 8 inner 0.0 0.6137254901960785 1.0
7 8 outer 0.0 0.5980392156862745 1.0
8 8 disc 0.0 0.7549019607843137 1.0
8 9 inner 0.0 0.06470588235294118 1.0
8 9 outer 0.0 0.0 0.731729055258467
9 9 disc 0.5028462998102466 1.0 0.46489563567362435
9 10 inner 0.0 0.40980392156862744 1.0
9 10 outer 0.0 0.4725490196078431 1.0
10 10 disc 0.08538899430740036 1.0 0.8823529411764706
10 11 inner 0.0 0.0 0.945632798573975
10 11 outer 0.0 0.0 0.5
11 11 disc 0.0 0.0 0.5
11 12 inner 0.5 0.0 0.0
11 12 outer 0.5 0.0 0.0
12 12 disc 0.5 0.0 0.0
12 13 inner 0.5 0.0 0.0
12 13 outer 0.5 0.0 0.0
13 13 disc 0.0 0.0 0.5
13 14 inner 0.5 0.0 0.0
13 14 outer 0.5 0.0 0.0
14 14 disc 0.0 0.0 0.5
14 15 inner 0.5 0.0 0.0
14 15 outer 0.5 0.0 0.0
15 15 disc 0.0 0.0 0.5
15 16 inner 0.9456327985739753 0.029774872912127992 0.0
15 16 outer 0.5 0.0 0.0
16 16 disc 1.0 0.14596949891067557 0.0
16 17 inner 0.0 0.0 0.5
