0 0 8.475733430966399
1 0.026992058408787902 12.986019773064076
1 0.026992058408787902 7.857980995127572
2 0.053659732561126286 12.481294904631097
2 0.053659732561126286 7.569855608330948
3 0.09567907540458882 12.30463652380727
3 0.09567907540458882 7.2384047393250786
4 0.13307713456031312 12.953650833649307
4 0.13307713456031312 3.807354922057604
5 0.1701483305864786 8.375039431346925
5 0.1701483305864786 3.584962500721156
6 0.23048947618962656 8.29920801838728
6 0.23048947618962656 4.169925001442312
7 0.3155832980430764 8.471675214392045
7 0.3155832980430764 3.807354922057604
8 0.42527816306311467 8.199672344836364
313283.0
