0 0 disc 0.0 0.0 0.535650623885918
0 1 inner 0.0 0.0 0.535650623885918
0 1 outer 0.0 0.0 0.535650623885918
1 1 disc 0.0 0.0 0.517825311942959
1 2 inner 0.0 0.0 0.553475935828877
1 2 outer 0.0 0.0 0.571301247771836
2 2 disc 0.0 0.0 0.535650623885918
2 3 inner 0.0 0.0 0.589126559714795
2 3 outer 0.0 0.0 0.589126559714795
3 3 disc 0.0 0.0 0.553475935828877
3 4 inner 0.0 0.0 0.624777183600713
3 4 outer 0.0 0.0 0.624777183600713
4 4 disc 0.0 0.0 0.571301247771836
4 5 inner 0.0 0.0 0.642602495543672
4 5 outer 0.0 0.0 0.642602495543672
5 5 disc 0.0 0.0 0.749554367201426
5 6 inner 0.0 0.0 0.642602495543672
5 6 outer 0.0 0.0 0.606951871657754
6 6 disc 0.0 0.0 0.606951871657754
6 7 inner 0.0 0.0 0.67825311942959
6 7 outer 0.0 0.0 0.67825311942959
7 7 disc 0.0 0.0 0.624777183600713
7 8 inner 0.0 0.0 0.731729055258467
7 8 outer 0.0 0.0 0.696078431372549
8 8 disc 0.0 0.0 0.660427807486631
8 9 inner 0.0 0.0 0.731729055258467
8 9 outer 0.0 0.0 0.713903743315508
9 9 disc 0.0 0.0 0.642602495543672
9 10 inner 0.0 0.0 0.731729055258467
9 10 outer 0.0 0.0 0.731729055258467
10 10 disc 0.0 0.0 0.642602495543672
10 11 inner 0.0 0.0 0.749554367201426
10 11 outer 0.0 0.0 0.749554367201426
11 11 disc 0.0 0.0 0.696078431372549
11 12 inner 0.0 0.0 0.67825311942959
11 12 outer 0.0 0.0 0.749554367201426
12 12 disc 0.0 0.0 0.838680926916221
12 13 inner 0.0 0.0 0.571301247771836
12 13 outer 0.0 0.0 0.553475935828877
13 13 disc 0.0 0.0 0.606951871657754
13 14 inner 0.0 0.0 0.713903743315508
13 14 outer 0.0 0.0 0.731729055258467
14 14 disc 0.0 0.0 0.606951871657754
14 15 inner 0.0 0.0 0.731729055258467
14 15 outer 0.0 0.0 0.749554367201426
15 15 disc 0.0 0.0 0.624777183600713
15 16 inner 0.0 0.0 0.749554367201426
15 16 outer 0.0 0.0 0.749554367201426
16 16 disc 0.0 0.0 0.624777183600713
16 17 inner 0.0 0.0 0.749554367201426
16 17 outer 0.0 0.0 0.749554367201426
17 17 disc 0.0 0.0 0.642602495543672
17 18 inner 0.0 0.0 0.749554367201426
17 18 outer 0.0 0.0 0.749554367201426
18 18 disc 0.0 0.0 0.624777183600713
18 19 inner 0.0 0.0 0.731729055258467
18 19 outer 0.0 0.0 0.749554367201426
19 19 disc 0.0 0.0 0.624777183600713
19 20 inner 0.0 0.0 0.731729055258467
19 20 outer 0.0 0.0 0.749554367201426
20 20 disc 0.0 0.0 0.642602495543672
20 21 inner 0.0 0.0 0.731729055258467
20 21 outer 0.0 0.0 0.731729055258467
21 21 disc 0.0 0.0 0.642602495543672
21 22 inner 0.0 0.0 0.713903743315508
21 22 outer 0.0 0.0 0.713903743315508
22 22 disc 0.0 0.0 0.624777183600713
22 23 inner 0.0 0.0 0.696078431372549
22 23 outer 0.0 0.0 0.696078431372549
23 23 disc 0.0 0.0 0.624777183600713
23 24 inner 0.0 0.0 0.67825311942959
23 24 outer 0.0 0.0 0.696078431372549
24 24 disc 0.0 0.0 0.624777183600713
24 25 inner 0.0 0.0 0.67825311942959
24 25 outer 0.0 0.0 0.67825311942959
25 25 disc 0.0 0.0 0.606951871657754
25 26 inner 0.0 0.0 0.660427807486631
25 26 outer 0.0 0.0 0.660427807486631
26 26 disc 0.0 0.0 0.606951871657754
26 27 inner 0.0 0.0 0.660427807486631
26 27 outer 0.0 0.0 0.660427807486631
27 27 disc 0.0 0.0 0.606951871657754
27 28 inner 0.0 0.0 0.642602495543672
27 28 outer 0.0 0.0 0.660427807486631
28 28 disc 0.0 0.0 0.606951871657754
28 29 inner 0.0 0.0 0.642602495543672
28 29 outer 0.0 0.0 0.642602495543672
29 29 disc 0.0 0.0 0.606951871657754
29 30 inner 0.0 0.0 0.624777183600713
29 30 outer 0.0 0.0 0.642602495543672
30 30 disc 0.0 0.0 0.606951871657754
30 31 inner 0.0 0.0 0.535650623885918
30 31 outer 0.0 0.0 0.624777183600713
31 31 disc 0.0 0.0 0.535650623885918
31 32 inner 0.0 0.0 0.553475935828877
31 32 outer 0.0 0.0 0.5
32 32 disc 0.0 0.5666666666666667 1.0
32 33 inner 0.0 0.503921568627451 1.0
32 33 outer 0.0 0.40980392156862744 1.0
33 33 disc 0.0 0.7862745098039213 1.0
33 34 inner 0.0 0.42549019607843136 1.0
33 34 outer 0.0 0.40980392156862744 1.0
34 34 disc 0.0 0.8490196078431372 1.0
34 35 inner 0.0 0.6450980392156863 1.0
34 35 outer 0.0 0.6450980392156863 1.0
35 35 disc 0.04743833017077798 0.9588235294117647 0.920303605313093
35 36 inner 0.0 0.692156862745098 1.0
35 36 outer 0.0 0.6764705882352942 1.0
36 36 disc 0.13598987982289687 1.0 0.8317520556609741
36 37 inner 0.0 0.7549019607843137 1.0
36 37 outer 0.0 0.7392156862745098 1.0
37 37 disc 0.16129032258064513 1.0 0.8064516129032259
37 38 inner 0.0 0.7862745098039213 1.0
37 38 outer 0.0 0.8019607843137255 1.0
38 38 disc 0.06008855154965211 0.9745098039215686 0.9076533839342189
38 39 inner 0.0 0.7235294117647059 1.0
38 39 outer 0.0 0.8333333333333334 1.0
39 39 disc 0.0 0.7705882352941177 1.0
39 40 inner 0.0 0.0 0.963458110516934
39 40 outer 0.0 0.0 0.517825311942959
40 40 disc 1.0 0.5381263616557737 0.0
40 41 inner 0.6546489563567361 1.0 0.31309297912713474
40 41 outer 0.5913978494623655 1.0 0.3763440860215054
41 41 disc 1.0 0.7995642701525056 0.0
41 42 inner 1.0 0.6397966594045028 0.0
41 42 outer 1.0 0.5962236746550474 0.0
42 42 disc 1.0 0.7995642701525056 0.0
42 43 inner 1.0 0.5816993464052289 0.0
42 43 outer 1.0 0.6107480029048659 0.0
43 43 disc 1.0 0.7269426289034134 0.0
43 44 inner 1.0 0.8867102396514164 0.0
43 44 outer 1.0 0.6543209876543212 0.0
44 44 disc 1.0 0.7995642701525056 0.0
44 45 inner 0.5281467425679949 1.0 0.439595192915876
44 45 outer 0.1865907653383934 1.0 0.7811511701454776
45 45 disc 1.0 0.5236020334059556 0.0
45 46 inner 0.0 0.0 0.5
