0 0 11.515207030408751
1 0.021599794755129034 17.01080125150126
1 0.021599794755129034 11.127994320976393
2 0.04361456109975301 16.82622571172561
2 0.04361456109975301 10.97513145692134
3 0.06569653537082909 16.72427402350575
3 0.06569653537082909 10.841564347730575
4 0.08755943072944315 16.615758935820192
4 0.08755943072944315 10.753216749178955
5 0.10930707632425084 16.54475317934439
5 0.10930707632425084 10.67065624911844
6 0.13939189944962663 16.483800035481437
6 0.13939189944962663 10.612868497291041
7 0.17701721344964297 16.946609336676296
9282393.0
