0 0 disc 0.0 0.6450980392156863 1.0
0 1 inner 0.0 0.7862745098039213 1.0
0 1 outer 0.0 0.8333333333333334 1.0
1 1 disc 0.0 0.7705882352941177 1.0
1 2 inner 0.0 0.8647058823529412 0.9962049335863378
1 2 outer 0.009487666034155417 0.9117647058823527 0.9582542694497156
2 2 disc 0.0 0.8019607843137255 1.0
2 3 inner 0.03478810879190385 0.9431372549019608 0.9329538266919671
2 3 outer 0.07273877292852624 0.9901960784313726 0.8950031625553447
3 3 disc 0.0 0.8490196078431372 1.0
3 4 inner 0.06008855154965211 0.9745098039215686 0.9076533839342189
3 4 outer 0.12333965844402275 1.0 0.8444022770398483
4 4 disc 0.0 0.8490196078431372 1.0
4 5 inner 0.13598987982289687 1.0 0.8317520556609741
4 5 outer 0.1865907653383934 1.0 0.7811511701454776
5 5 disc 0.0 0.8647058823529412 0.9962049335863378
5 6 inner 0.148640101201771 1.0 0.8191018342820999
5 6 outer 0.21189120809614148 1.0 0.7558507273877295
6 6 disc 0.03478810879190385 0.9431372549019608 0.9329538266919671
6 7 inner 0.1865907653383934 1.0 0.7811511701454776
6 7 outer 0.24984187223276405 1.0 0.717900063251107
7 7 disc 0.07273877292852624 0.9901960784313726 0.8950031625553447
7 8 inner 0.2245414294750158 1.0 0.7432005060088551
7 8 outer 0.24984187223276405 1.0 0.717900063251107
8 8 disc 0.07273877292852624 0.9901960784313726 0.8950031625553447
8 9 inner 0.2245414294750158 1.0 0.7432005060088551
8 9 outer 0.26249209361163817 1.0 0.7052498418722328
9 9 disc 0.08538899430740036 1.0 0.8823529411764706
9 10 inner 0.2371916508538899 1.0 0.7305502846299811
9 10 outer 0.2751423149905123 1.0 0.6925996204933587
10 10 disc 0.0980392156862745 1.0 0.8697027197975965
10 11 inner 0.2245414294750158 1.0 0.7432005060088551
10 11 outer 0.26249209361163817 1.0 0.7052498418722328
11 11 disc 0.07273877292852624 0.9901960784313726 0.8950031625553447
11 12 inner 0.21189120809614148 1.0 0.7558507273877295
11 12 outer 0.2371916508538899 1.0 0.7305502846299811
12 12 disc 0.06008855154965211 0.9745098039215686 0.9076533839342189
12 13 inner 0.2245414294750158 1.0 0.7432005060088551
12 13 outer 0.2877925363693864 1.0 0.6799493991144845
13 13 disc 0.11068943706514844 1.0 0.8570524984187226
13 14 inner 0.21189120809614148 1.0 0.7558507273877295
13 14 outer 0.24984187223276405 1.0 0.717900063251107
14 14 disc 0.06008855154965211 0.9745098039215686 0.9076533839342189
14 15 inner 0.2371916508538899 1.0 0.7305502846299811
14 15 outer 0.2877925363693864 1.0 0.6799493991144845
15 15 disc 0.06008855154965211 0.9745098039215686 0.9076533839342189
15 16 inner 0.24984187223276405 1.0 0.717900063251107
15 16 outer 0.2877925363693864 1.0 0.6799493991144845
16 16 disc 0.06008855154965211 0.9745098039215686 0.9076533839342189
16 17 inner 0.2877925363693864 1.0 0.6799493991144845
16 17 outer 0.3257432005060088 1.0 0.6419987349778622
17 17 disc 0.08538899430740036 1.0 0.8823529411764706
17 18 inner 0.30044275774826057 1.0 0.6672991777356103
17 18 outer 0.3257432005060088 1.0 0.6419987349778622
18 18 disc 0.022137887413029723 0.9274509803921569 0.9456040480708413
18 19 inner 0.2877925363693864 1.0 0.6799493991144845
18 19 outer 0.3510436432637571 1.0 0.6166982922201139
19 19 disc 0.12333965844402275 1.0 0.8444022770398483
19 20 inner 0.30044275774826057 1.0 0.6672991777356103
19 20 outer 0.3510436432637571 1.0 0.6166982922201139
20 20 disc 0.08538899430740036 1.0 0.8823529411764706
20 21 inner 0.3257432005060088 1.0 0.6419987349778622
20 21 outer 0.3763440860215053 1.0 0.5913978494623656
21 21 disc 0.19924098671726753 1.0 0.7685009487666035
21 22 inner 0.3257432005060088 1.0 0.6419987349778622
21 22 outer 0.3763440860215053 1.0 0.5913978494623656
22 22 disc 0.16129032258064513 1.0 0.8064516129032259
22 23 inner 0.3383934218848829 1.0 0.629348513598988
22 23 outer 0.3763440860215053 1.0 0.5913978494623656
23 23 disc 0.13598987982289687 1.0 0.8317520556609741
23 24 inner 0.3510436432637571 1.0 0.6166982922201139
23 24 outer 0.4016445287792536 1.0 0.5660974067046174
24 24 disc 0.12333965844402275 1.0 0.8444022770398483
24 25 inner 0.3383934218848829 1.0 0.629348513598988
24 25 outer 0.38899430740037944 1.0 0.5787476280834916
25 25 disc 0.11068943706514844 1.0 0.8570524984187226
25 26 inner 0.3130929791271345 1.0 0.6546489563567364
25 26 outer 0.3636938646426312 1.0 0.6040480708412397
26 26 disc 0.11068943706514844 1.0 0.8570524984187226
26 27 inner 0.3257432005060088 1.0 0.6419987349778622
26 27 outer 0.3510436432637571 1.0 0.6166982922201139
27 27 disc 0.17394054395951927 1.0 0.7938013915243517
27 28 inner 0.3257432005060088 1.0 0.6419987349778622
27 28 outer 0.3510436432637571 1.0 0.6166982922201139
28 28 disc 0.022137887413029723 0.9274509803921569 0.9456040480708413
28 29 inner 0.3130929791271345 1.0 0.6546489563567364
28 29 outer 0.3763440860215053 1.0 0.5913978494623656
29 29 disc 0.0980392156862745 1.0 0.8697027197975965
29 30 inner 0.3383934218848829 1.0 0.629348513598988
29 30 outer 0.3763440860215053 1.0 0.5913978494623656
30 30 disc 0.12333965844402275 1.0 0.8444022770398483
30 31 inner 0.3130929791271345 1.0 0.6546489563567364
30 31 outer 0.3510436432637571 1.0 0.6166982922201139
31 31 disc 0.0980392156862745 1.0 0.8697027197975965
31 32 inner 0.2877925363693864 1.0 0.6799493991144845
31 32 outer 0.3383934218848829 1.0 0.629348513598988
32 32 disc 0.07273877292852624 0.9901960784313726 0.8950031625553447
32 33 inner 0.30044275774826057 1.0 0.6672991777356103
32 33 outer 0.3383934218848829 1.0 0.629348513598988
33 33 disc 0.04743833017077798 0.9588235294117647 0.920303605313093
33 34 inner 0.2877925363693864 1.0 0.6799493991144845
33 34 outer 0.3257432005060088 1.0 0.6419987349778622
34 34 disc 0.1865907653383934 1.0 0.7811511701454776
34 35 inner 0.26249209361163817 1.0 0.7052498418722328
34 35 outer 0.2877925363693864 1.0 0.6799493991144845
35 35 disc 0.16129032258064513 1.0 0.8064516129032259
35 36 inner 0.19924098671726753 1.0 0.7685009487666035
35 36 outer 0.26249209361163817 1.0 0.7052498418722328
36 36 disc 0.12333965844402275 1.0 0.8444022770398483
36 37 inner 0.19924098671726753 1.0 0.7685009487666035
36 37 outer 0.2371916508538899 1.0 0.7305502846299811
37 37 disc 0.0980392156862745 1.0 0.8697027197975965
37 38 inner 0.2245414294750158 1.0 0.7432005060088551
37 38 outer 0.2751423149905123 1.0 0.6925996204933587
38 38 disc 0.0980392156862745 1.0 0.8697027197975965
38 39 inner 0.21189120809614148 1.0 0.7558507273877295
38 39 outer 0.2877925363693864 1.0 0.6799493991144845
39 39 disc 0.12333965844402275 1.0 0.8444022770398483
39 40 inner 0.1865907653383934 1.0 0.7811511701454776
39 40 outer 0.2371916508538899 1.0 0.7305502846299811
40 40 disc 0.12333965844402275 1.0 0.8444022770398483
40 41 inner 0.148640101201771 1.0 0.8191018342820999
40 41 outer 0.17394054395951927 1.0 0.7938013915243517
41 41 disc 0.08538899430740036 1.0 0.8823529411764706
41 42 inner 0.0980392156862745 1.0 0.8697027197975965
41 42 outer 0.11068943706514844 1.0 0.8570524984187226
42 42 disc 0.04743833017077798 0.9588235294117647 0.920303605313093
42 43 inner 0.08538899430740036 1.0 0.8823529411764706
42 43 outer 0.12333965844402275 1.0 0.8444022770398483
43 43 disc 0.03478810879190385 0.9431372549019608 0.9329538266919671
43 44 inner 0.0980392156862745 1.0 0.8697027197975965
43 44 outer 0.12333965844402275 1.0 0.8444022770398483
44 44 disc 0.04743833017077798 0.9588235294117647 0.920303605313093
44 45 inner 0.03478810879190385 0.9431372549019608 0.9329538266919671
44 45 outer 0.11068943706514844 1.0 0.8570524984187226
45 45 disc 0.009487666034155417 0.9117647058823527 0.9582542694497156
45 46 inner 0.0 0.0 0.5
