0 0 16.32367053355552
1 0.014963549951317691 20.976487209699453
1 0.014963549951317691 15.403677811136257
2 0.030300004322051436 20.352942156885945
2 0.030300004322051436 14.771747365327403
3 0.04605046709370384 19.845736584207177
3 0.04605046709370384 14.296844529073244
4 0.06225047300381657 19.439009055767
4 0.06225047300381657 13.909236823220906
5 0.0787257422786518 19.09746893450392
5 0.0787257422786518 13.615629636968098
6 0.09540161045033844 18.808819666976948
6 0.09540161045033844 13.36153261284112
7 0.11240455738282093 18.572282034163784
7 0.11240455738282093 13.143702076857931
8 0.12948024976238864 18.38667085963762
8 0.12948024976238864 12.993292241488547
9 0.1465964281029971 18.21496886274041
9 0.1465964281029971 12.807556176858919
10 0.16398057611993413 18.047059991671503
10 0.16398057611993413 12.684748620421626
11 0.18134904263824114 17.924684944875125
11 0.18134904263824114 12.5401280385821
12 0.19895630989481908 17.77573243762145
12 0.19895630989481908 12.443720600656578
13 0.21676659494642164 17.70563913648036
13 0.21676659494642164 12.372048825272772
14 0.23458628969123732 17.6480345124869
14 0.23458628969123732 12.282798858683533
15 0.25236265962955473 17.530040495828974
15 0.25236265962955473 12.181773438808808
16 0.2702513918686522 17.42117726734431
16 0.2702513918686522 12.104271128936894
17 0.2882329219443897 17.35164668530355
17 0.2882329219443897 12.035830072835017
18 0.3064091481837039 17.295867563988633
18 0.3064091481837039 11.939579214314692
19 0.3246444209799291 17.25027065642
19 0.3246444209799291 11.918490592292311
20 0.34271683216106535 17.173872292886863
20 0.34271683216106535 11.83880998570856
21 0.36077459180268384 17.091115091646856
21 0.36077459180268384 11.739358707433395
22 0.37894129557195383 17.005865738380194
22 0.37894129557195383 11.67815995754276
23 0.39718145976505226 16.929223728050886
23 0.39718145976505226 11.622509454683335
24 0.4154167587886755 16.87127960057052
24 0.4154167587886755 11.551227603598289
25 0.43371612195827697 16.79644525906185
25 0.43371612195827697 11.524051918717824
26 0.45201158435084443 16.767512041028528
26 0.45201158435084443 11.450695771572915
27 0.4703965480985398 16.714339440067178
27 0.4703965480985398 11.407798850221974
28 0.48870467153674824 16.65318096532758
28 0.48870467153674824 11.332596057789214
29 0.5070606099388688 16.57756159613458
29 0.5070606099388688 11.225809940623543
30 0.5255559772170875 16.4760183452329
30 0.5255559772170875 11.134426320220927
31 0.544160410761946 16.388757284216588
31 0.544160410761946 11.03342300153745
32 0.562975042910554 16.273012421626927
32 0.562975042910554 11.010528105886484
33 0.5816390685320795 16.272210590264958
33 0.5816390685320795 10.92481250360578
34 0.6003158598448834 16.1653977427848
34 0.6003158598448834 10.73809225962049
35 0.6192406700191472 16.0006602622688
35 0.6192406700191472 10.653740778706569
36 0.6382156451954955 15.904234758361385
36 0.6382156451954955 10.545929769085467
37 0.6574260681901518 15.795177223189185
37 0.6574260681901518 10.508785162064513
38 0.6767223447222982 15.731159901472807
38 0.6767223447222982 10.44190670454224
39 0.6960663414408306 15.698677540029138
39 0.6960663414408306 10.405141463136344
40 0.7153328950328758 15.658964549749474
40 0.7153328950328758 10.296916206879288
41 0.7349300860549255 15.526376971664067
41 0.7349300860549255 10.285402218862249
42 0.7543008378801657 15.516069333750497
42 0.7543008378801657 10.154818109052105
43 0.7738367356588934 15.403478107127508
43 0.7738367356588934 10.056637715113201
44 0.7937999068722578 15.276342538234493
44 0.7937999068722578 10.032045726930809
45 0.813624428382821 15.274086905634414
45 0.813624428382821 9.943979914343739
46 0.8336035840689865 15.19806129493038
46 0.8336035840689865 9.929258408636972
47 0.8538766975479676 15.178353623512892
47 0.8538766975479676 10.027905996569885
48 0.8737500633162514 15.304280012316864
48 0.8737500633162514 10.015415052386688
49 0.8938130724765777 15.276596985010402
49 0.8938130724765777 10.004220466318195
50 0.9137546655349812 15.265798155172577
50 0.9137546655349812 9.952741247186488
51 0.934055639927869 15.208272467912543
51 0.934055639927869 10.044394119358454
52 0.9542984789618361 15.296091697024686
52 0.9542984789618361 10.07815080773465
53 0.9746610743473144 15.372831059546005
53 0.9746610743473144 10.139551352398794
54 0.9956021667690257 15.441161050298374
54 0.9956021667690257 10.259743263690781
55 1.0217827370621153 15.60414779055995
55 1.0217827370621153 10.40832974076739
56 1.0437597420798543 17.614472614908323
56 1.0437597420798543 12.14210705730255
57 1.0615707885984673 17.35665829057118
57 1.0615707885984673 11.953105150591341
58 1.0793322004429964 17.16289283303447
58 1.0793322004429964 11.746514321138463
59 1.0973197247804258 16.959503928032262
59 1.0973197247804258 11.594324603924848
60 1.1153889817908436 16.825741412934327
60 1.1153889817908436 11.460455896309636
61 1.1336657651457924 16.691402757800102
61 1.1336657651457924 11.355351096424812
62 1.1521056550890232 16.606810017401763
62 1.1521056550890232 11.309476353841106
63 1.170624230548485 16.54476826990207
63 1.170624230548485 11.260331518557601
64 1.1890228479532028 16.499814751236155
64 1.1890228479532028 11.144020869266893
65 1.2075173321389927 16.389900172773064
65 1.2075173321389927 11.020979938904212
66 1.2261559390878976 16.267829102432675
66 1.2261559390878976 10.940313597145968
67 1.244978985543843 16.175471581871296
67 1.244978985543843 10.833680748654741
68 1.2638291852120012 16.09073271134316
68 1.2638291852120012 10.74819284958946
69 1.2828873707425357 16.008428622070582
69 1.2828873707425357 10.721099188707186
70 1.3018706991216162 15.975377797746814
70 1.3018706991216162 10.642954223480332
71 1.3210714665357446 15.887101592026477
71 1.3210714665357446 10.644757592516257
72 1.3400099532542187 15.888790805308558
72 1.3400099532542187 10.510764167917891
73 1.3592879148118715 15.76235608325525
73 1.3592879148118715 10.474719946526482
74 1.378522528447984 15.722967584610632
74 1.378522528447984 10.413627929024173
75 1.397899342156582 15.660163067737631
75 1.397899342156582 10.369597346278677
76 1.4173877756986153 15.615744569853312
76 1.4173877756986153 10.33427328530719
77 1.4370774271680018 15.585314678201458
77 1.4370774271680018 10.395534135462302
78 1.4566005503651303 15.664891669286089
78 1.4566005503651303 10.410451351503994
79 1.4760481409416655 15.668026245437165
79 1.4760481409416655 10.382624026574916
80 1.4954278954257776 15.63959507994398
80 1.4954278954257776 10.304921669581672
81 1.514898229286764 15.569914928453523
81 1.514898229286764 10.27029532647204
82 1.5344907425908725 15.5259795308001
82 1.5344907425908725 10.285402218862249
83 1.554068841918234 15.538310202597684
83 1.554068841918234 10.252665432450248
84 1.5739570505212588 15.502521059231526
84 1.5739570505212588 10.208234358339789
85 1.593905086017105 15.483689838192037
85 1.593905086017105 10.253847484987404
86 1.6135172165759817 15.49588624830836
86 1.6135172165759817 10.221587121264806
87 1.6331977920003893 15.478895988769489
87 1.6331977920003893 10.153552031708111
88 1.6532639651108245 15.443073042388653
88 1.6532639651108245 10.079484783826816
89 1.6731355897645688 15.400145630729186
89 1.6731355897645688 10.105908508571158
90 1.6929129379518049 15.363347689983843
90 1.6929129379518049 10.12670447284319
91 1.7126663708818373 15.378362599204975
91 1.7126663708818373 10.125413470483315
92 1.732344693801645 15.376668061857668
92 1.732344693801645 10.060695931687555
93 1.7522505494446778 15.327447385253107
93 1.7522505494446778 10.088788238716907
94 1.7724123835188303 15.327307028201712
94 1.7724123835188303 10.112439506781552
95 1.7924897693572368 15.421867591387299
95 1.7924897693572368 10.188588845707349
96 1.8120787997148418 15.458150248057557
96 1.8120787997148418 10.138271800172221
97 1.831735564915936 15.380190466749834
97 1.831735564915936 10.11504365016171
98 1.851346943387284 15.367278229359725
98 1.851346943387284 10.06339508128851
99 1.871160282763499 15.299279578866493
99 1.871160282763499 10.066089190457772
100 1.8911461653217616 15.323441848470068
100 1.8911461653217616 9.992938336165814
101 1.911283545041889 15.286702139395507
101 1.911283545041889 9.995767150877802
102 1.9317164001298515 15.322561952466355
102 1.9317164001298515 10.099347810403193
103 1.9521400246254388 15.39473062943157
103 1.9521400246254388 10.122827994807666
104 1.9723569323755172 15.512740462803498
104 1.9723569323755172 10.286557761607957
105 1.9922392600804903 15.543303750376738
105 1.9922392600804903 10.306061689428342
106 2.0119886636513 15.613098794209224
106 2.0119886636513 10.407267764244732
107 2.03148594129354 15.654076562495094
107 2.03148594129354 10.427312844134963
108 2.0509402502818466 15.68871473845624
108 2.0509402502818466 10.483815777264256
109 2.070302554304593 15.726005231128596
109 2.070302554304593 10.489847960439297
110 2.089694966963306 15.737379393867705
110 2.089694966963306 10.52943055414615
111 2.108872671818994 15.760641989935724
111 2.108872671818994 10.447083226209653
112 2.1282927947671073 15.691007373748958
112 2.1282927947671073 10.445014845868423
113 2.1477761814929988 15.715130828867919
113 2.1477761814929988 10.473705749619416
114 2.1672739467041624 15.726537492725074
114 2.1672739467041624 10.513727595952437
115 2.186723295254089 15.793196859060945
115 2.186723295254089 10.559377090526683
116 2.206245649668463 15.814707624885862
116 2.206245649668463 10.59898297103609
117 2.22571171191753 15.86050505680788
117 2.22571171191753 10.683871868622603
118 2.244857246725495 15.934036351414935
118 2.244857246725495 10.651051691178928
119 2.264191568519192 15.894012463236301
119 2.264191568519192 10.69522829149575
120 2.2834597218499293 15.955377469600855
120 2.2834597218499293 10.754887502163468
121 2.302478313649594 16.0087787482805
121 2.302478313649594 10.703903573444663
122 2.321735325359933 15.965694113404151
122 2.321735325359933 10.754052367528924
123 2.3409405328191126 16.018091485663806
123 2.3409405328191126 10.787902559391432
124 2.3606582977899673 16.059893648559832
124 2.3606582977899673 10.804937672051908
125 2.3798346772479384 16.082377771569895
125 2.3798346772479384 10.84313591111135
126 2.3988834467462983 16.09364451514959
126 2.3988834467462983 10.870364719583405
127 2.417843534117627 16.112948498058728
127 2.417843534117627 10.827342704234116
128 2.4368440101821833 16.08029707109113
128 2.4368440101821833 10.821773981970567
129 2.45588678764741 16.08308452669022
129 2.45588678764741 10.834471049984222
130 2.4749342214613175 16.065437172423312
130 2.4749342214613175 10.793603309279407
131 2.4942031066349664 16.070330623285546
131 2.4942031066349664 10.874981347653774
132 2.5133499580936083 16.133202430493824
132 2.5133499580936083 10.945443836377912
133 2.532542647056837 16.195026103647482
133 2.532542647056837 11.01262453886506
134 2.551680092719332 16.284860239427314
134 2.551680092719332 11.109177703355275
135 2.570561762327005 16.398827178818856
135 2.570561762327005 11.156715144224702
136 2.589440209322074 16.40902623826609
136 2.589440209322074 11.214926187942435
137 2.6082808124707393 16.470023297575146
137 2.6082808124707393 11.264442600226602
138 2.6273197794412497 16.52357726990917
138 2.6273197794412497 11.390168956200183
139 2.647256191056747 16.681101120775267
139 2.647256191056747 11.502831804066744
140 2.667765746372041 17.112632944621424
140 2.667765746372041 11.964340867792417
141 2.6871010714491304 17.343853667983247
141 2.6871010714491304 12.199058823653022
142 2.7060961048255643 17.52972030859898
142 2.7060961048255643 12.298349015658186
143 2.725688948076061 17.686897148138975
143 2.725688948076061 12.481799431665753
144 2.7440500840592845 17.86826793638495
144 2.7440500840592845 12.648357582009666
145 2.761921730729127 17.912351405528977
145 2.761921730729127 12.69479315499995
146 2.779608634538767 17.96519243289007
146 2.779608634538767 12.722167139781853
147 2.7971579742694983 17.960709028775916
147 2.7971579742694983 12.683871868622603
148 2.814887405020888 17.94765976522441
148 2.814887405020888 12.72643105611424
149 2.8324890927397806 17.98994325648254
149 2.8324890927397806 12.739991514684226
150 2.8502378446866743 17.97625084916639
150 2.8502378446866743 12.728770849542663
151 2.868275293412549 18.026199214670214
151 2.868275293412549 12.80473605161403
152 2.886080709935429 18.068620852427287
152 2.886080709935429 12.82515755470108
153 2.903907981380269 18.096596777821546
153 2.903907981380269 12.830515206976838
154 2.92146971855371 18.100462156107845
154 2.92146971855371 12.852529509404196
155 2.939038065702894 18.10613861611553
155 2.939038065702894 12.86379910372885
156 2.956532379334018 18.141034412261686
156 2.956532379334018 12.904634621668151
157 2.9738944052014062 18.138031757736755
157 2.9738944052014062 12.901055432553273
158 2.9912896992784774 18.142201810848
158 2.9912896992784774 12.892353075734109
159 3.0088434109066653 18.154753842833404
159 3.0088434109066653 12.922584402713664
160 3.0262151548721983 18.180385116382116
160 3.0262151548721983 12.902563541971553
161 3.043558566347651 18.143119102320323
161 3.043558566347651 12.885505729792254
162 3.060918952033101 18.107896448840698
162 3.060918952033101 12.835853036444497
163 3.0782669583756825 18.101519218450346
163 3.0782669583756825 12.87536540064177
164 3.0955618959872364 18.096843813762955
164 3.0955618959872364 12.875941288497554
165 3.112856256892014 18.112419143394828
165 3.112856256892014 12.875173386927388
166 3.130211419983155 18.106961589348646
166 3.130211419983155 12.89273253261186
167 3.1475954203109833 18.13236416936892
167 3.1475954203109833 12.924998023446696
168 3.1649207316090333 18.16074300378927
168 3.1649207316090333 12.926295994781112
169 3.1822785168379073 18.16848115364997
169 3.1822785168379073 12.937189885081185
170 3.1998861919506516 18.18335430457126
170 3.1998861919506516 12.977279923499916
171 3.2173880261216956 18.256047401128914
171 3.2173880261216956 13.006326078524934
172 3.2347743323729135 18.27484675645038
172 3.2347743323729135 13.049508251055096
173 3.2522523902057743 18.30450729857137
173 3.2522523902057743 13.06356361058499
174 3.269672139346275 18.322887576537163
174 3.269672139346275 13.122504484313904
175 3.287076426776433 18.383425863800714
175 3.287076426776433 13.185804615108458
176 3.305037061251804 18.422639705422796
176 3.305037061251804 13.2246046815385
177 3.3237138841619256 18.59598951355809
177 3.3237138841619256 13.401546208508726
178 3.342608317202445 18.929807406846603
178 3.342608317202445 13.726005231128596
179 3.3603330300327574 19.18868542392288
179 3.3603330300327574 13.97235161044064
180 3.3774171408443756 19.197043872716694
180 3.3774171408443756 14.008165971639132
181 3.394598753833144 19.238353421522863
181 3.394598753833144 14.0629736718972
182 3.411854310210383 19.296705643189128
182 3.411854310210383 14.114962341792939
183 3.4342631898901086 19.34567811732341
183 3.4342631898901086 14.198905402581904
184 3.4426655921304983 20.967914349700354
184 3.4426655921304983 5.426264754702098
185 3.48348655619429 10.54978466794786
185 3.48348655619429 5.584962500721156
186 3.528490964784607 10.483815777264256
186 3.528490964784607 5.321928094887363
187 3.564115850344479 10.238404739325079
187 3.564115850344479 4.954196310386875
188 3.5993868718624578 10.481799431665753
188 3.5993868718624578 5.0
189 3.631744221264415 10.159871336778389
189 3.631744221264415 5.087462841250339
190 3.669117688153412 10.025139562278508
190 3.669117688153412 4.754887502163468
191 3.717876460810537 10.088788238716907
191 3.717876460810537 5.0
192 3.7578873937237054 10.606405212697785
192 3.7578873937237054 5.832890014164741
193 3.7912085244486797 10.561287945164828
193 3.7912085244486797 5.491853096329675
194 3.820945345111811 10.294620748891626
194 3.820945345111811 5.169925001442312
195 3.8518798449359455 9.867278739709661
195 3.8518798449359455 4.954196310386875
196 3.8805608060560437 9.974414589805527
196 3.8805608060560437 4.584962500721156
197 3.9128898101534726 9.554588851677638
197 3.9128898101534726 4.247927513443585
198 3.9494495627608988 9.658211482751796
198 3.9494495627608988 4.643856189774724
199 3.9800920173158687 9.434628227636725
199 3.9800920173158687 4.169925001442312
200 4.011051298497719 9.245552706255681
200 4.011051298497719 4.087462841250339
201 4.042590680986526 9.111135670234708
201 4.042590680986526 4.247927513443585
202 4.08109870451464 9.326429487122303
202 4.08109870451464 4.459431618637297
203 4.127021341268537 9.802516365121223
203 4.127021341268537 4.643856189774724
204 4.162615550469279 9.659995892429977
204 4.162615550469279 4.523561956057013
205 4.188402552856161 9.400879436282183
205 4.188402552856161 3.584962500721156
206 4.221458848984912 8.734709620225837
206 4.221458848984912 4.087462841250339
207 4.2546326723208425 8.96289600533726
207 4.2546326723208425 3.9068905956085187
208 4.299926557659972 8.918863237274595
208 4.299926557659972 4.169925001442312
209 4.34408487555132 10.19598729802851
209 4.34408487555132 4.700439718141092
210 4.380398458786907 9.507794640198696
210 4.380398458786907 4.459431618637297
211 4.417709493481727 9.469641817239516
211 4.417709493481727 4.754887502163468
212 4.48110340358319 9.623881490013458
212 4.48110340358319 4.643856189774724
213 4.565727849181679 10.1357092861044
107272464.0
