0 0 disc 0.0 0.0 0.803030303030303
0 1 inner 0.0 0.0 0.85650623885918
0 1 outer 0.0 0.0 0.838680926916221
1 1 disc 0.0 0.0 0.874331550802139
1 2 inner 0.0 0.0 0.909982174688057
1 2 outer 0.0 0.0 0.892156862745098
2 2 disc 0.0 0.0 0.892156862745098
2 3 inner 0.0 0.0 0.892156862745098
2 3 outer 0.0 0.0 0.927807486631016
3 3 disc 0.0 0.0 0.892156862745098
3 4 inner 0.0 0.0 0.553475935828877
3 4 outer 0.0 0.0 0.5
4 4 disc 0.38899430740037944 1.0 0.5787476280834916
4 5 inner 0.0 0.7705882352941177 1.0
4 5 outer 0.0 0.692156862745098 1.0
5 5 disc 0.12333965844402275 1.0 0.8444022770398483
5 6 inner 0.04743833017077798 0.9588235294117647 0.920303605313093
5 6 outer 0.07273877292852624 0.9901960784313726 0.8950031625553447
6 6 disc 0.11068943706514844 1.0 0.8570524984187226
6 7 inner 0.08538899430740036 1.0 0.8823529411764706
6 7 outer 0.12333965844402275 1.0 0.8444022770398483
7 7 disc 0.0 0.8490196078431372 1.0
7 8 inner 0.19924098671726753 1.0 0.7685009487666035
7 8 outer 0.16129032258064513 1.0 0.8064516129032259
8 8 disc 0.38899430740037944 1.0 0.5787476280834916
8 9 inner 0.11068943706514844 1.0 0.8570524984187226
8 9 outer 0.11068943706514844 1.0 0.8570524984187226
9 9 disc 0.0 0.8333333333333334 1.0
9 10 inner 0.17394054395951927 1.0 0.7938013915243517
9 10 outer 0.19924098671726753 1.0 0.7685009487666035
10 10 disc 0.0 0.7549019607843137 1.0
10 11 inner 0.24984187223276405 1.0 0.717900063251107
10 11 outer 0.26249209361163817 1.0 0.7052498418722328
11 11 disc 0.5154965211891207 1.0 0.4522454142947502
11 12 inner 0.2371916508538899 1.0 0.7305502846299811
11 12 outer 0.2245414294750158 1.0 0.7432005060088551
12 12 disc 0.42694497153700184 1.0 0.540796963946869
12 13 inner 0.24984187223276405 1.0 0.717900063251107
12 13 outer 0.2751423149905123 1.0 0.6925996204933587
13 13 disc 0.08538899430740036 1.0 0.8823529411764706
13 14 inner 0.3257432005060088 1.0 0.6419987349778622
13 14 outer 0.3510436432637571 1.0 0.6166982922201139
14 14 disc 0.0 0.8960784313725491 0.9709044908285895
14 15 inner 0.3763440860215053 1.0 0.5913978494623656
14 15 outer 0.38899430740037944 1.0 0.5787476280834916
15 15 disc 0.0 0.7862745098039213 1.0
15 16 inner 0.3763440860215053 1.0 0.5913978494623656
15 16 outer 0.4142947501581275 1.0 0.5534471853257434
16 16 disc 0.03478810879190385 0.9431372549019608 0.9329538266919671
16 17 inner 0.42694497153700184 1.0 0.540796963946869
16 17 outer 0.46489563567362424 1.0 0.5028462998102468
17 17 disc 0.3257432005060088 1.0 0.6419987349778622
17 18 inner 0.5154965211891207 1.0 0.4522454142947502
17 18 outer 0.46489563567362424 1.0 0.5028462998102468
18 18 disc 0.30044275774826057 1.0 0.6672991777356103
18 19 inner 0.4901960784313725 1.0 0.4775458570524984
18 19 outer 0.5028462998102466 1.0 0.46489563567362435
19 19 disc 0.16129032258064513 1.0 0.8064516129032259
19 20 inner 0.5154965211891207 1.0 0.4522454142947502
19 20 outer 0.5407969639468686 1.0 0.4269449715370023
20 20 disc 0.009487666034155417 0.9117647058823527 0.9582542694497156
20 21 inner 0.5534471853257431 1.0 0.4142947501581278
20 21 outer 0.5660974067046173 1.0 0.4016445287792536
21 21 disc 0.3510436432637571 1.0 0.6166982922201139
21 22 inner 0.5534471853257431 1.0 0.4142947501581278
21 22 outer 0.5913978494623655 1.0 0.3763440860215054
22 22 disc 0.16129032258064513 1.0 0.8064516129032259
22 23 inner 0.5787476280834913 1.0 0.38899430740037955
22 23 outer 0.6040480708412397 1.0 0.3636938646426312
23 23 disc 0.2245414294750158 1.0 0.7432005060088551
23 24 inner 0.5534471853257431 1.0 0.4142947501581278
23 24 outer 0.5913978494623655 1.0 0.3763440860215054
24 24 disc 0.16129032258064513 1.0 0.8064516129032259
24 25 inner 0.5407969639468686 1.0 0.4269449715370023
24 25 outer 0.5660974067046173 1.0 0.4016445287792536
25 25 disc 1.0 0.8867102396514164 0.0
25 26 inner 0.2371916508538899 1.0 0.7305502846299811
25 26 outer 0.21189120809614148 1.0 0.7558507273877295
26 26 disc 0.0 0.8803921568627451 0.9835547122074637
26 27 inner 0.5787476280834913 1.0 0.38899430740037955
26 27 outer 0.6166982922201137 1.0 0.35104364326375714
27 27 disc 0.11068943706514844 1.0 0.8570524984187226
27 28 inner 0.6293485135989879 1.0 0.338393421884883
27 28 outer 0.641998734977862 1.0 0.3257432005060089
28 28 disc 0.13598987982289687 1.0 0.8317520556609741
28 29 inner 0.6166982922201137 1.0 0.35104364326375714
28 29 outer 0.6040480708412397 1.0 0.3636938646426312
29 29 disc 0.08538899430740036 1.0 0.8823529411764706
29 30 inner 0.5407969639468686 1.0 0.4269449715370023
29 30 outer 0.5787476280834913 1.0 0.38899430740037955
30 30 disc 0.148640101201771 1.0 0.8191018342820999
30 31 inner 0.6040480708412397 1.0 0.3636938646426312
30 31 outer 0.641998734977862 1.0 0.3257432005060089
31 31 disc 0.08538899430740036 1.0 0.8823529411764706
31 32 inner 0.6546489563567361 1.0 0.31309297912713474
31 32 outer 0.6672991777356103 1.0 0.30044275774826057
32 32 disc 0.009487666034155417 0.9117647058823527 0.9582542694497156
32 33 inner 0.7052498418722326 1.0 0.26249209361163817
32 33 outer 0.7052498418722326 1.0 0.26249209361163817
33 33 disc 0.07273877292852624 0.9901960784313726 0.8950031625553447
33 34 inner 0.7179000632511068 1.0 0.2498418722327641
33 34 outer 0.7432005060088547 1.0 0.2245414294750162
34 34 disc 0.12333965844402275 1.0 0.8444022770398483
34 35 inner 0.7811511701454774 1.0 0.18659076533839347
34 35 outer 0.7811511701454774 1.0 0.18659076533839347
35 35 disc 0.0 0.8490196078431372 1.0
35 36 inner 0.8064516129032256 1.0 0.16129032258064513
35 36 outer 0.8191018342820998 1.0 0.14864010120177107
36 36 disc 0.12333965844402275 1.0 0.8444022770398483
36 37 inner 0.844402277039848 1.0 0.12333965844402273
36 37 outer 0.8570524984187222 1.0 0.11068943706514867
37 37 disc 0.0 0.692156862745098 1.0
37 38 inner 0.8697027197975963 1.0 0.0980392156862745
37 38 outer 0.8950031625553446 1.0 0.07273877292852626
38 38 disc 0.3257432005060088 1.0 0.6419987349778622
38 39 inner 0.8823529411764705 1.0 0.08538899430740043
38 39 outer 0.8950031625553446 1.0 0.07273877292852626
39 39 disc 0.022137887413029723 0.9274509803921569 0.9456040480708413
39 40 inner 0.9076533839342187 1.0 0.06008855154965209
39 40 outer 0.9076533839342187 1.0 0.06008855154965209
40 40 disc 0.12333965844402275 1.0 0.8444022770398483
40 41 inner 0.9076533839342187 1.0 0.06008855154965209
40 41 outer 0.932953826691967 1.0 0.03478810879190386
41 41 disc 0.16129032258064513 1.0 0.8064516129032259
41 42 inner 0.8823529411764705 1.0 0.08538899430740043
41 42 outer 0.9203036053130929 1.0 0.04743833017077803
42 42 disc 0.21189120809614148 1.0 0.7558507273877295
42 43 inner 0.7938013915243516 1.0 0.1739405439595193
42 43 outer 0.8064516129032256 1.0 0.16129032258064513
43 43 disc 0.0 0.6764705882352942 1.0
43 44 inner 0.8064516129032256 1.0 0.16129032258064513
43 44 outer 0.8064516129032256 1.0 0.16129032258064513
44 44 disc 0.0 0.7549019607843137 1.0
44 45 inner 0.7685009487666034 1.0 0.19924098671726753
44 45 outer 0.7811511701454774 1.0 0.18659076533839347
45 45 disc 0.0 0.7235294117647059 1.0
45 46 inner 0.7432005060088547 1.0 0.2245414294750162
45 46 outer 0.7685009487666034 1.0 0.19924098671726753
46 46 disc 0.3130929791271345 1.0 0.6546489563567364
46 47 inner 0.6925996204933585 1.0 0.27514231499051234
46 47 outer 0.7685009487666034 1.0 0.19924098671726753
47 47 disc 0.5913978494623655 1.0 0.3763440860215054
47 48 inner 0.7558507273877292 1.0 0.2118912080961417
47 48 outer 0.7558507273877292 1.0 0.2118912080961417
48 48 disc 0.12333965844402275 1.0 0.8444022770398483
48 49 inner 0.7432005060088547 1.0 0.2245414294750162
48 49 outer 0.7811511701454774 1.0 0.18659076533839347
49 49 disc 0.17394054395951927 1.0 0.7938013915243517
49 50 inner 0.7811511701454774 1.0 0.18659076533839347
49 50 outer 0.7811511701454774 1.0 0.18659076533839347
50 50 disc 0.0 0.7705882352941177 1.0
50 51 inner 0.7811511701454774 1.0 0.18659076533839347
50 51 outer 0.7938013915243516 1.0 0.1739405439595193
51 51 disc 0.11068943706514844 1.0 0.8570524984187226
51 52 inner 0.7558507273877292 1.0 0.2118912080961417
51 52 outer 0.7558507273877292 1.0 0.2118912080961417
52 52 disc 0.12333965844402275 1.0 0.8444022770398483
52 53 inner 0.7432005060088547 1.0 0.2245414294750162
52 53 outer 0.7558507273877292 1.0 0.2118912080961417
53 53 disc 0.17394054395951927 1.0 0.7938013915243517
53 54 inner 0.7558507273877292 1.0 0.2118912080961417
53 54 outer 0.7938013915243516 1.0 0.1739405439595193
54 54 disc 0.3510436432637571 1.0 0.6166982922201139
54 55 inner 0.7052498418722326 1.0 0.26249209361163817
54 55 outer 0.7052498418722326 1.0 0.26249209361163817
55 55 disc 0.16129032258064513 1.0 0.8064516129032259
55 56 inner 0.6672991777356103 1.0 0.30044275774826057
55 56 outer 0.6799493991144844 1.0 0.2877925363693865
56 56 disc 0.2245414294750158 1.0 0.7432005060088551
56 57 inner 0.7052498418722326 1.0 0.26249209361163817
56 57 outer 0.7052498418722326 1.0 0.26249209361163817
57 57 disc 0.2877925363693864 1.0 0.6799493991144845
57 58 inner 0.6925996204933585 1.0 0.27514231499051234
57 58 outer 0.7179000632511068 1.0 0.2498418722327641
58 58 disc 0.26249209361163817 1.0 0.7052498418722328
58 59 inner 0.6672991777356103 1.0 0.30044275774826057
58 59 outer 0.6925996204933585 1.0 0.27514231499051234
59 59 disc 0.3130929791271345 1.0 0.6546489563567364
59 60 inner 0.6546489563567361 1.0 0.31309297912713474
59 60 outer 0.6672991777356103 1.0 0.30044275774826057
60 60 disc 0.0 0.8019607843137255 1.0
60 61 inner 0.730550284629981 1.0 0.23719165085388993
60 61 outer 0.7432005060088547 1.0 0.2245414294750162
61 61 disc 0.16129032258064513 1.0 0.8064516129032259
61 62 inner 0.6925996204933585 1.0 0.27514231499051234
61 62 outer 0.7052498418722326 1.0 0.26249209361163817
62 62 disc 0.12333965844402275 1.0 0.8444022770398483
62 63 inner 0.7558507273877292 1.0 0.2118912080961417
62 63 outer 0.7811511701454774 1.0 0.18659076533839347
63 63 disc 0.16129032258064513 1.0 0.8064516129032259
63 64 inner 0.7052498418722326 1.0 0.26249209361163817
63 64 outer 0.7558507273877292 1.0 0.2118912080961417
64 64 disc 0.730550284629981 1.0 0.23719165085388993
64 65 inner 0.7052498418722326 1.0 0.26249209361163817
64 65 outer 0.730550284629981 1.0 0.23719165085388993
65 65 disc 0.0 0.8647058823529412 0.9962049335863378
65 66 inner 0.7685009487666034 1.0 0.19924098671726753
65 66 outer 0.8064516129032256 1.0 0.16129032258064513
66 66 disc 0.2371916508538899 1.0 0.7305502846299811
66 67 inner 0.7558507273877292 1.0 0.2118912080961417
66 67 outer 0.7685009487666034 1.0 0.19924098671726753
67 67 disc 0.148640101201771 1.0 0.8191018342820999
67 68 inner 0.6799493991144844 1.0 0.2877925363693865
67 68 outer 0.730550284629981 1.0 0.23719165085388993
68 68 disc 0.2877925363693864 1.0 0.6799493991144845
68 69 inner 0.6925996204933585 1.0 0.27514231499051234
68 69 outer 0.7052498418722326 1.0 0.26249209361163817
69 69 disc 0.30044275774826057 1.0 0.6672991777356103
69 70 inner 0.6546489563567361 1.0 0.31309297912713474
69 70 outer 0.6799493991144844 1.0 0.2877925363693865
70 70 disc 0.2371916508538899 1.0 0.7305502846299811
70 71 inner 0.6799493991144844 1.0 0.2877925363693865
70 71 outer 0.7052498418722326 1.0 0.26249209361163817
71 71 disc 0.08538899430740036 1.0 0.8823529411764706
71 72 inner 0.6546489563567361 1.0 0.31309297912713474
71 72 outer 0.6925996204933585 1.0 0.27514231499051234
72 72 disc 0.2245414294750158 1.0 0.7432005060088551
72 73 inner 0.6672991777356103 1.0 0.30044275774826057
72 73 outer 0.6799493991144844 1.0 0.2877925363693865
73 73 disc 0.148640101201771 1.0 0.8191018342820999
73 74 inner 0.641998734977862 1.0 0.3257432005060089
73 74 outer 0.6672991777356103 1.0 0.30044275774826057
74 74 disc 0.13598987982289687 1.0 0.8317520556609741
74 75 inner 0.6166982922201137 1.0 0.35104364326375714
74 75 outer 0.6293485135989879 1.0 0.338393421884883
75 75 disc 0.022137887413029723 0.9274509803921569 0.9456040480708413
75 76 inner 0.6293485135989879 1.0 0.338393421884883
75 76 outer 0.6546489563567361 1.0 0.31309297912713474
76 76 disc 0.13598987982289687 1.0 0.8317520556609741
76 77 inner 0.5660974067046173 1.0 0.4016445287792536
76 77 outer 0.6166982922201137 1.0 0.35104364326375714
77 77 disc 0.17394054395951927 1.0 0.7938013915243517
77 78 inner 0.6040480708412397 1.0 0.3636938646426312
77 78 outer 0.641998734977862 1.0 0.3257432005060089
78 78 disc 0.06008855154965211 0.9745098039215686 0.9076533839342189
78 79 inner 0.6166982922201137 1.0 0.35104364326375714
78 79 outer 0.6293485135989879 1.0 0.338393421884883
79 79 disc 0.0 0.8960784313725491 0.9709044908285895
79 80 inner 0.6672991777356103 1.0 0.30044275774826057
79 80 outer 0.6799493991144844 1.0 0.2877925363693865
80 80 disc 0.11068943706514844 1.0 0.8570524984187226
80 81 inner 0.641998734977862 1.0 0.3257432005060089
80 81 outer 0.6672991777356103 1.0 0.30044275774826057
81 81 disc 0.04743833017077798 0.9588235294117647 0.920303605313093
81 82 inner 0.641998734977862 1.0 0.3257432005060089
81 82 outer 0.6672991777356103 1.0 0.30044275774826057
82 82 disc 0.11068943706514844 1.0 0.8570524984187226
82 83 inner 0.6293485135989879 1.0 0.338393421884883
82 83 outer 0.641998734977862 1.0 0.3257432005060089
83 83 disc 0.03478810879190385 0.9431372549019608 0.9329538266919671
83 84 inner 0.6040480708412397 1.0 0.3636938646426312
83 84 outer 0.641998734977862 1.0 0.3257432005060089
84 84 disc 0.24984187223276405 1.0 0.717900063251107
84 85 inner 0.6293485135989879 1.0 0.338393421884883
84 85 outer 0.6546489563567361 1.0 0.31309297912713474
85 85 disc 0.13598987982289687 1.0 0.8317520556609741
85 86 inner 0.6293485135989879 1.0 0.338393421884883
85 86 outer 0.6546489563567361 1.0 0.31309297912713474
86 86 disc 0.148640101201771 1.0 0.8191018342820999
86 87 inner 0.6546489563567361 1.0 0.31309297912713474
86 87 outer 0.6546489563567361 1.0 0.31309297912713474
87 87 disc 0.2371916508538899 1.0 0.7305502846299811
87 88 inner 0.6040480708412397 1.0 0.3636938646426312
87 88 outer 0.641998734977862 1.0 0.3257432005060089
88 88 disc 0.0 0.8333333333333334 1.0
88 89 inner 0.6293485135989879 1.0 0.338393421884883
88 89 outer 0.6546489563567361 1.0 0.31309297912713474
89 89 disc 0.11068943706514844 1.0 0.8570524984187226
89 90 inner 0.6166982922201137 1.0 0.35104364326375714
89 90 outer 0.6672991777356103 1.0 0.30044275774826057
90 90 disc 0.0980392156862745 1.0 0.8697027197975965
90 91 inner 0.6040480708412397 1.0 0.3636938646426312
90 91 outer 0.6166982922201137 1.0 0.35104364326375714
91 91 disc 0.0 0.8333333333333334 1.0
91 92 inner 0.5660974067046173 1.0 0.4016445287792536
91 92 outer 0.6040480708412397 1.0 0.3636938646426312
92 92 disc 0.04743833017077798 0.9588235294117647 0.920303605313093
92 93 inner 0.5407969639468686 1.0 0.4269449715370023
92 93 outer 0.5913978494623655 1.0 0.3763440860215054
93 93 disc 0.07273877292852624 0.9901960784313726 0.8950031625553447
93 94 inner 0.5028462998102466 1.0 0.46489563567362435
93 94 outer 0.5281467425679949 1.0 0.439595192915876
94 94 disc 0.19924098671726753 1.0 0.7685009487666035
94 95 inner 0.45224541429475007 1.0 0.5154965211891208
94 95 outer 0.46489563567362424 1.0 0.5028462998102468
95 95 disc 0.06008855154965211 0.9745098039215686 0.9076533839342189
95 96 inner 0.4016445287792536 1.0 0.5660974067046174
95 96 outer 0.43959519291587595 1.0 0.5281467425679949
96 96 disc 0.12333965844402275 1.0 0.8444022770398483
96 97 inner 0.38899430740037944 1.0 0.5787476280834916
96 97 outer 0.43959519291587595 1.0 0.5281467425679949
97 97 disc 0.4901960784313725 1.0 0.4775458570524984
97 98 inner 0.30044275774826057 1.0 0.6672991777356103
97 98 outer 0.3510436432637571 1.0 0.6166982922201139
98 98 disc 0.0980392156862745 1.0 0.8697027197975965
98 99 inner 0.3130929791271345 1.0 0.6546489563567364
98 99 outer 0.3636938646426312 1.0 0.6040480708412397
99 99 disc 0.13598987982289687 1.0 0.8317520556609741
99 100 inner 0.3130929791271345 1.0 0.6546489563567364
99 100 outer 0.3383934218848829 1.0 0.629348513598988
100 100 disc 0.17394054395951927 1.0 0.7938013915243517
100 101 inner 0.17394054395951927 1.0 0.7938013915243517
100 101 outer 0.3130929791271345 1.0 0.6546489563567364
101 101 disc 0.42694497153700184 1.0 0.540796963946869
101 102 inner 0.0980392156862745 1.0 0.8697027197975965
101 102 outer 0.0 0.8803921568627451 0.9835547122074637
102 102 disc 0.0980392156862745 1.0 0.8697027197975965
102 103 inner 0.148640101201771 1.0 0.8191018342820999
102 103 outer 0.17394054395951927 1.0 0.7938013915243517
103 103 disc 0.11068943706514844 1.0 0.8570524984187226
103 104 inner 0.07273877292852624 0.9901960784313726 0.8950031625553447
103 104 outer 0.148640101201771 1.0 0.8191018342820999
104 104 disc 0.022137887413029723 0.9274509803921569 0.9456040480708413
104 105 inner 0.022137887413029723 0.9274509803921569 0.9456040480708413
104 105 outer 0.06008855154965211 0.9745098039215686 0.9076533839342189
105 105 disc 0.022137887413029723 0.9274509803921569 0.9456040480708413
105 106 inner 0.0 0.0 0.5
