0 0 disc 0.47754585705249836 1.0 0.4901960784313726
0 1 inner 0.5913978494623655 1.0 0.3763440860215054
0 1 outer 0.5154965211891207 1.0 0.4522454142947502
1 1 disc 0.5281467425679949 1.0 0.439595192915876
1 2 inner 0.6040480708412397 1.0 0.3636938646426312
1 2 outer 0.5660974067046173 1.0 0.4016445287792536
2 2 disc 0.5281467425679949 1.0 0.439595192915876
2 3 inner 0.730550284629981 1.0 0.23719165085388993
2 3 outer 0.6293485135989879 1.0 0.338393421884883
3 3 disc 0.7685009487666034 1.0 0.19924098671726753
3 4 inner 0.0 0.8647058823529412 0.9962049335863378
3 4 outer 0.0 0.4411764705882353 1.0
4 4 disc 1.0 0.741466957153232 0.0
4 5 inner 1.0 0.872185911401598 0.0
4 5 outer 1.0 0.712418300653595 0.0
5 5 disc 1.0 0.9012345679012348 0.0
5 6 inner 0.0 0.0 0.5
