0 0 disc 0.0 0.8333333333333334 1.0
0 1 inner 0.07273877292852624 0.9901960784313726 0.8950031625553447
0 1 outer 0.13598987982289687 1.0 0.8317520556609741
1 1 disc 0.022137887413029723 0.9274509803921569 0.9456040480708413
1 2 inner 0.16129032258064513 1.0 0.8064516129032259
1 2 outer 0.19924098671726753 1.0 0.7685009487666035
2 2 disc 0.0980392156862745 1.0 0.8697027197975965
2 3 inner 0.21189120809614148 1.0 0.7558507273877295
2 3 outer 0.24984187223276405 1.0 0.717900063251107
3 3 disc 0.148640101201771 1.0 0.8191018342820999
3 4 inner 0.2877925363693864 1.0 0.6799493991144845
3 4 outer 0.30044275774826057 1.0 0.6672991777356103
4 4 disc 0.26249209361163817 1.0 0.7052498418722328
4 5 inner 0.24984187223276405 1.0 0.717900063251107
4 5 outer 0.30044275774826057 1.0 0.6672991777356103
5 5 disc 0.47754585705249836 1.0 0.4901960784313726
5 6 inner 0.17394054395951927 1.0 0.7938013915243517
5 6 outer 0.3130929791271345 1.0 0.6546489563567364
6 6 disc 0.4016445287792536 1.0 0.5660974067046174
6 7 inner 0.3257432005060088 1.0 0.6419987349778622
6 7 outer 0.2877925363693864 1.0 0.6799493991144845
7 7 disc 0.16129032258064513 1.0 0.8064516129032259
7 8 inner 0.30044275774826057 1.0 0.6672991777356103
7 8 outer 0.3257432005060088 1.0 0.6419987349778622
8 8 disc 0.24984187223276405 1.0 0.717900063251107
8 9 inner 0.3510436432637571 1.0 0.6166982922201139
8 9 outer 0.3510436432637571 1.0 0.6166982922201139
9 9 disc 0.2245414294750158 1.0 0.7432005060088551
9 10 inner 0.42694497153700184 1.0 0.540796963946869
9 10 outer 0.3763440860215053 1.0 0.5913978494623656
10 10 disc 0.4901960784313725 1.0 0.4775458570524984
10 11 inner 0.43959519291587595 1.0 0.5281467425679949
10 11 outer 0.2751423149905123 1.0 0.6925996204933587
11 11 disc 0.17394054395951927 1.0 0.7938013915243517
11 12 inner 0.3130929791271345 1.0 0.6546489563567364
11 12 outer 0.26249209361163817 1.0 0.7052498418722328
12 12 disc 0.13598987982289687 1.0 0.8317520556609741
12 13 inner 0.24984187223276405 1.0 0.717900063251107
12 13 outer 0.1865907653383934 1.0 0.7811511701454776
13 13 disc 0.12333965844402275 1.0 0.8444022770398483
13 14 inner 0.2371916508538899 1.0 0.7305502846299811
13 14 outer 0.24984187223276405 1.0 0.717900063251107
14 14 disc 0.17394054395951927 1.0 0.7938013915243517
14 15 inner 0.2245414294750158 1.0 0.7432005060088551
14 15 outer 0.2877925363693864 1.0 0.6799493991144845
15 15 disc 0.148640101201771 1.0 0.8191018342820999
15 16 inner 0.30044275774826057 1.0 0.6672991777356103
15 16 outer 0.3636938646426312 1.0 0.6040480708412397
16 16 disc 0.2245414294750158 1.0 0.7432005060088551
16 17 inner 0.30044275774826057 1.0 0.6672991777356103
16 17 outer 0.38899430740037944 1.0 0.5787476280834916
17 17 disc 0.21189120809614148 1.0 0.7558507273877295
17 18 inner 0.3510436432637571 1.0 0.6166982922201139
17 18 outer 0.43959519291587595 1.0 0.5281467425679949
18 18 disc 0.2751423149905123 1.0 0.6925996204933587
18 19 inner 0.4016445287792536 1.0 0.5660974067046174
18 19 outer 0.47754585705249836 1.0 0.4901960784313726
19 19 disc 0.26249209361163817 1.0 0.7052498418722328
19 20 inner 0.45224541429475007 1.0 0.5154965211891208
19 20 outer 0.5281467425679949 1.0 0.439595192915876
20 20 disc 0.26249209361163817 1.0 0.7052498418722328
20 21 inner 0.47754585705249836 1.0 0.4901960784313726
20 21 outer 0.5534471853257431 1.0 0.4142947501581278
21 21 disc 0.3130929791271345 1.0 0.6546489563567364
21 22 inner 0.5154965211891207 1.0 0.4522454142947502
21 22 outer 0.5660974067046173 1.0 0.4016445287792536
22 22 disc 0.3383934218848829 1.0 0.629348513598988
22 23 inner 0.45224541429475007 1.0 0.5154965211891208
22 23 outer 0.5534471853257431 1.0 0.4142947501581278
23 23 disc 0.30044275774826057 1.0 0.6672991777356103
23 24 inner 0.45224541429475007 1.0 0.5154965211891208
23 24 outer 0.5407969639468686 1.0 0.4269449715370023
24 24 disc 0.3257432005060088 1.0 0.6419987349778622
24 25 inner 0.47754585705249836 1.0 0.4901960784313726
24 25 outer 0.5407969639468686 1.0 0.4269449715370023
25 25 disc 0.26249209361163817 1.0 0.7052498418722328
25 26 inner 0.47754585705249836 1.0 0.4901960784313726
25 26 outer 0.5281467425679949 1.0 0.439595192915876
26 26 disc 0.2245414294750158 1.0 0.7432005060088551
26 27 inner 0.42694497153700184 1.0 0.540796963946869
26 27 outer 0.5281467425679949 1.0 0.439595192915876
27 27 disc 0.26249209361163817 1.0 0.7052498418722328
27 28 inner 0.46489563567362424 1.0 0.5028462998102468
27 28 outer 0.5407969639468686 1.0 0.4269449715370023
28 28 disc 0.2751423149905123 1.0 0.6925996204933587
28 29 inner 0.47754585705249836 1.0 0.4901960784313726
28 29 outer 0.5660974067046173 1.0 0.4016445287792536
29 29 disc 0.3636938646426312 1.0 0.6040480708412397
29 30 inner 0.5534471853257431 1.0 0.4142947501581278
29 30 outer 0.6040480708412397 1.0 0.3636938646426312
30 30 disc 0.4901960784313725 1.0 0.4775458570524984
30 31 inner 0.5281467425679949 1.0 0.439595192915876
30 31 outer 0.5787476280834913 1.0 0.38899430740037955
31 31 disc 0.3510436432637571 1.0 0.6166982922201139
31 32 inner 0.5028462998102466 1.0 0.46489563567362435
31 32 outer 0.5660974067046173 1.0 0.4016445287792536
32 32 disc 0.3383934218848829 1.0 0.629348513598988
32 33 inner 0.5028462998102466 1.0 0.46489563567362435
32 33 outer 0.5660974067046173 1.0 0.4016445287792536
33 33 disc 0.26249209361163817 1.0 0.7052498418722328
33 34 inner 0.5281467425679949 1.0 0.439595192915876
33 34 outer 0.6040480708412397 1.0 0.3636938646426312
34 34 disc 0.30044275774826057 1.0 0.6672991777356103
34 35 inner 0.5787476280834913 1.0 0.38899430740037955
34 35 outer 0.6672991777356103 1.0 0.30044275774826057
35 35 disc 0.42694497153700184 1.0 0.540796963946869
35 36 inner 0.6293485135989879 1.0 0.338393421884883
35 36 outer 0.6799493991144844 1.0 0.2877925363693865
36 36 disc 0.3130929791271345 1.0 0.6546489563567364
36 37 inner 0.5534471853257431 1.0 0.4142947501581278
36 37 outer 0.6546489563567361 1.0 0.31309297912713474
37 37 disc 0.3763440860215053 1.0 0.5913978494623656
37 38 inner 0.5660974067046173 1.0 0.4016445287792536
37 38 outer 0.641998734977862 1.0 0.3257432005060089
38 38 disc 0.3510436432637571 1.0 0.6166982922201139
38 39 inner 0.4901960784313725 1.0 0.4775458570524984
38 39 outer 0.5913978494623655 1.0 0.3763440860215054
39 39 disc 0.3763440860215053 1.0 0.5913978494623656
39 40 inner 0.5407969639468686 1.0 0.4269449715370023
39 40 outer 0.6166982922201137 1.0 0.35104364326375714
40 40 disc 0.24984187223276405 1.0 0.717900063251107
40 41 inner 0.6293485135989879 1.0 0.338393421884883
40 41 outer 0.6799493991144844 1.0 0.2877925363693865
41 41 disc 0.2245414294750158 1.0 0.7432005060088551
41 42 inner 0.641998734977862 1.0 0.3257432005060089
41 42 outer 0.7052498418722326 1.0 0.26249209361163817
42 42 disc 0.3636938646426312 1.0 0.6040480708412397
42 43 inner 0.6925996204933585 1.0 0.27514231499051234
42 43 outer 0.7685009487666034 1.0 0.19924098671726753
43 43 disc 0.4142947501581275 1.0 0.5534471853257434
43 44 inner 0.6799493991144844 1.0 0.2877925363693865
43 44 outer 0.730550284629981 1.0 0.23719165085388993
44 44 disc 0.42694497153700184 1.0 0.540796963946869
44 45 inner 0.7558507273877292 1.0 0.2118912080961417
44 45 outer 0.7811511701454774 1.0 0.18659076533839347
45 45 disc 0.2245414294750158 1.0 0.7432005060088551
45 46 inner 0.7558507273877292 1.0 0.2118912080961417
45 46 outer 0.8064516129032256 1.0 0.16129032258064513
46 46 disc 0.3636938646426312 1.0 0.6040480708412397
46 47 inner 0.7811511701454774 1.0 0.18659076533839347
46 47 outer 0.844402277039848 1.0 0.12333965844402273
47 47 disc 0.47754585705249836 1.0 0.4901960784313726
47 48 inner 0.831752055660974 1.0 0.1359898798228969
47 48 outer 0.8697027197975963 1.0 0.0980392156862745
48 48 disc 0.4016445287792536 1.0 0.5660974067046174
48 49 inner 0.7685009487666034 1.0 0.19924098671726753
48 49 outer 0.8191018342820998 1.0 0.14864010120177107
49 49 disc 0.5028462998102466 1.0 0.46489563567362435
49 50 inner 0.7685009487666034 1.0 0.19924098671726753
49 50 outer 0.844402277039848 1.0 0.12333965844402273
50 50 disc 0.5154965211891207 1.0 0.4522454142947502
50 51 inner 0.7938013915243516 1.0 0.1739405439595193
50 51 outer 0.831752055660974 1.0 0.1359898798228969
51 51 disc 0.42694497153700184 1.0 0.540796963946869
51 52 inner 0.8064516129032256 1.0 0.16129032258064513
51 52 outer 0.8697027197975963 1.0 0.0980392156862745
52 52 disc 0.6799493991144844 1.0 0.2877925363693865
52 53 inner 0.7938013915243516 1.0 0.1739405439595193
52 53 outer 0.8191018342820998 1.0 0.14864010120177107
53 53 disc 0.3383934218848829 1.0 0.629348513598988
53 54 inner 0.730550284629981 1.0 0.23719165085388993
53 54 outer 0.7811511701454774 1.0 0.18659076533839347
54 54 disc 0.5028462998102466 1.0 0.46489563567362435
54 55 inner 0.7432005060088547 1.0 0.2245414294750162
54 55 outer 0.7685009487666034 1.0 0.19924098671726753
55 55 disc 0.4142947501581275 1.0 0.5534471853257434
55 56 inner 0.730550284629981 1.0 0.23719165085388993
55 56 outer 0.7558507273877292 1.0 0.2118912080961417
56 56 disc 0.3636938646426312 1.0 0.6040480708412397
56 57 inner 0.7052498418722326 1.0 0.26249209361163817
56 57 outer 0.7811511701454774 1.0 0.18659076533839347
57 57 disc 0.4016445287792536 1.0 0.5660974067046174
57 58 inner 0.6672991777356103 1.0 0.30044275774826057
57 58 outer 0.730550284629981 1.0 0.23719165085388993
58 58 disc 0.4142947501581275 1.0 0.5534471853257434
58 59 inner 0.6293485135989879 1.0 0.338393421884883
58 59 outer 0.7179000632511068 1.0 0.2498418722327641
59 59 disc 0.38899430740037944 1.0 0.5787476280834916
59 60 inner 0.6546489563567361 1.0 0.31309297912713474
59 60 outer 0.7179000632511068 1.0 0.2498418722327641
60 60 disc 0.4016445287792536 1.0 0.5660974067046174
60 61 inner 0.6546489563567361 1.0 0.31309297912713474
60 61 outer 0.7558507273877292 1.0 0.2118912080961417
61 61 disc 0.5028462998102466 1.0 0.46489563567362435
61 62 inner 0.6672991777356103 1.0 0.30044275774826057
61 62 outer 0.730550284629981 1.0 0.23719165085388993
62 62 disc 0.4016445287792536 1.0 0.5660974067046174
62 63 inner 0.7052498418722326 1.0 0.26249209361163817
62 63 outer 0.7558507273877292 1.0 0.2118912080961417
63 63 disc 0.3257432005060088 1.0 0.6419987349778622
63 64 inner 0.7558507273877292 1.0 0.2118912080961417
63 64 outer 0.8064516129032256 1.0 0.16129032258064513
64 64 disc 0.4016445287792536 1.0 0.5660974067046174
64 65 inner 0.7179000632511068 1.0 0.2498418722327641
64 65 outer 0.7685009487666034 1.0 0.19924098671726753
65 65 disc 0.42694497153700184 1.0 0.540796963946869
65 66 inner 0.6293485135989879 1.0 0.338393421884883
65 66 outer 0.7179000632511068 1.0 0.2498418722327641
66 66 disc 0.4016445287792536 1.0 0.5660974067046174
66 67 inner 0.5787476280834913 1.0 0.38899430740037955
66 67 outer 0.6925996204933585 1.0 0.27514231499051234
67 67 disc 0.43959519291587595 1.0 0.5281467425679949
67 68 inner 0.5407969639468686 1.0 0.4269449715370023
67 68 outer 0.6166982922201137 1.0 0.35104364326375714
68 68 disc 0.2877925363693864 1.0 0.6799493991144845
68 69 inner 0.5534471853257431 1.0 0.4142947501581278
68 69 outer 0.6293485135989879 1.0 0.338393421884883
69 69 disc 0.26249209361163817 1.0 0.7052498418722328
69 70 inner 0.5787476280834913 1.0 0.38899430740037955
69 70 outer 0.641998734977862 1.0 0.3257432005060089
70 70 disc 0.2877925363693864 1.0 0.6799493991144845
70 71 inner 0.5913978494623655 1.0 0.3763440860215054
70 71 outer 0.6799493991144844 1.0 0.2877925363693865
71 71 disc 0.3510436432637571 1.0 0.6166982922201139
71 72 inner 0.6546489563567361 1.0 0.31309297912713474
71 72 outer 0.6925996204933585 1.0 0.27514231499051234
72 72 disc 0.2751423149905123 1.0 0.6925996204933587
72 73 inner 0.6799493991144844 1.0 0.2877925363693865
72 73 outer 0.7179000632511068 1.0 0.2498418722327641
73 73 disc 0.3257432005060088 1.0 0.6419987349778622
73 74 inner 0.7558507273877292 1.0 0.2118912080961417
73 74 outer 0.7938013915243516 1.0 0.1739405439595193
74 74 disc 0.12333965844402275 1.0 0.8444022770398483
74 75 inner 0.7938013915243516 1.0 0.1739405439595193
74 75 outer 0.8697027197975963 1.0 0.0980392156862745
75 75 disc 0.47754585705249836 1.0 0.4901960784313726
75 76 inner 0.7432005060088547 1.0 0.2245414294750162
75 76 outer 0.8064516129032256 1.0 0.16129032258064513
76 76 disc 0.5660974067046173 1.0 0.4016445287792536
76 77 inner 0.8191018342820998 1.0 0.14864010120177107
76 77 outer 0.8697027197975963 1.0 0.0980392156862745
77 77 disc 0.3510436432637571 1.0 0.6166982922201139
77 78 inner 0.8191018342820998 1.0 0.14864010120177107
77 78 outer 0.8823529411764705 1.0 0.08538899430740043
78 78 disc 0.43959519291587595 1.0 0.5281467425679949
78 79 inner 0.844402277039848 1.0 0.12333965844402273
78 79 outer 0.8570524984187222 1.0 0.11068943706514867
79 79 disc 0.43959519291587595 1.0 0.5281467425679949
79 80 inner 0.8191018342820998 1.0 0.14864010120177107
79 80 outer 0.8697027197975963 1.0 0.0980392156862745
80 80 disc 0.47754585705249836 1.0 0.4901960784313726
80 81 inner 0.831752055660974 1.0 0.1359898798228969
80 81 outer 0.8697027197975963 1.0 0.0980392156862745
81 81 disc 0.3257432005060088 1.0 0.6419987349778622
81 82 inner 0.831752055660974 1.0 0.1359898798228969
81 82 outer 0.8950031625553446 1.0 0.07273877292852626
82 82 disc 0.38899430740037944 1.0 0.5787476280834916
82 83 inner 0.7685009487666034 1.0 0.19924098671726753
82 83 outer 0.7938013915243516 1.0 0.1739405439595193
83 83 disc 0.3636938646426312 1.0 0.6040480708412397
83 84 inner 0.844402277039848 1.0 0.12333965844402273
83 84 outer 0.831752055660974 1.0 0.1359898798228969
84 84 disc 0.06008855154965211 0.9745098039215686 0.9076533839342189
84 85 inner 0.8570524984187222 1.0 0.11068943706514867
84 85 outer 0.9076533839342187 1.0 0.06008855154965209
85 85 disc 0.4016445287792536 1.0 0.5660974067046174
85 86 inner 0.8823529411764705 1.0 0.08538899430740043
85 86 outer 0.9203036053130929 1.0 0.04743833017077803
86 86 disc 0.4901960784313725 1.0 0.4775458570524984
86 87 inner 0.8570524984187222 1.0 0.11068943706514867
86 87 outer 0.8823529411764705 1.0 0.08538899430740043
87 87 disc 0.19924098671726753 1.0 0.7685009487666035
87 88 inner 0.8191018342820998 1.0 0.14864010120177107
87 88 outer 0.8697027197975963 1.0 0.0980392156862745
88 88 disc 0.5407969639468686 1.0 0.4269449715370023
88 89 inner 0.9203036053130929 1.0 0.04743833017077803
88 89 outer 0.9456040480708408 0.9883805374001459 0.022137887413030133
89 89 disc 0.3510436432637571 1.0 0.6166982922201139
89 90 inner 0.9709044908285893 0.9593318809005086 0.0
89 90 outer 0.9582542694497153 0.973856209150327 0.009487666034155628
90 90 disc 0.26249209361163817 1.0 0.7052498418722328
90 91 inner 0.9835547122074635 0.9448075526506902 0.0
90 91 outer 1.0 0.9012345679012348 0.0
91 91 disc 0.43959519291587595 1.0 0.5281467425679949
91 92 inner 0.8570524984187222 1.0 0.11068943706514867
91 92 outer 0.9076533839342187 1.0 0.06008855154965209
92 92 disc 0.47754585705249836 1.0 0.4901960784313726
92 93 inner 0.8570524984187222 1.0 0.11068943706514867
92 93 outer 0.8823529411764705 1.0 0.08538899430740043
93 93 disc 0.3510436432637571 1.0 0.6166982922201139
93 94 inner 0.844402277039848 1.0 0.12333965844402273
93 94 outer 0.9076533839342187 1.0 0.06008855154965209
94 94 disc 0.5660974067046173 1.0 0.4016445287792536
94 95 inner 0.831752055660974 1.0 0.1359898798228969
94 95 outer 0.8697027197975963 1.0 0.0980392156862745
95 95 disc 0.4016445287792536 1.0 0.5660974067046174
95 96 inner 0.8823529411764705 1.0 0.08538899430740043
95 96 outer 0.9203036053130929 1.0 0.04743833017077803
96 96 disc 0.3763440860215053 1.0 0.5913978494623656
96 97 inner 0.831752055660974 1.0 0.1359898798228969
96 97 outer 0.8697027197975963 1.0 0.0980392156862745
97 97 disc 0.45224541429475007 1.0 0.5154965211891208
97 98 inner 0.8191018342820998 1.0 0.14864010120177107
97 98 outer 0.8823529411764705 1.0 0.08538899430740043
98 98 disc 0.4016445287792536 1.0 0.5660974067046174
98 99 inner 0.8064516129032256 1.0 0.16129032258064513
98 99 outer 0.844402277039848 1.0 0.12333965844402273
99 99 disc 0.3257432005060088 1.0 0.6419987349778622
99 100 inner 0.8570524984187222 1.0 0.11068943706514867
99 100 outer 0.8823529411764705 1.0 0.08538899430740043
100 100 disc 0.3257432005060088 1.0 0.6419987349778622
100 101 inner 0.8064516129032256 1.0 0.16129032258064513
100 101 outer 0.8570524984187222 1.0 0.11068943706514867
101 101 disc 0.30044275774826057 1.0 0.6672991777356103
101 102 inner 0.8064516129032256 1.0 0.16129032258064513
101 102 outer 0.831752055660974 1.0 0.1359898798228969
102 102 disc 0.4142947501581275 1.0 0.5534471853257434
102 103 inner 0.9456040480708408 0.9883805374001459 0.022137887413030133
102 103 outer 0.932953826691967 1.0 0.03478810879190386
103 103 disc 0.0 0.8333333333333334 1.0
103 104 inner 0.9456040480708408 0.9883805374001459 0.022137887413030133
103 104 outer 0.9962049335863377 0.9302832244008717 0.0
104 104 disc 0.2751423149905123 1.0 0.6925996204933587
104 105 inner 0.9582542694497153 0.973856209150327 0.009487666034155628
104 105 outer 1.0 0.9157588961510532 0.0
105 105 disc 0.5660974067046173 1.0 0.4016445287792536
105 106 inner 0.9076533839342187 1.0 0.06008855154965209
105 106 outer 0.9582542694497153 0.973856209150327 0.009487666034155628
106 106 disc 0.3257432005060088 1.0 0.6419987349778622
106 107 inner 0.9203036053130929 1.0 0.04743833017077803
106 107 outer 0.9456040480708408 0.9883805374001459 0.022137887413030133
107 107 disc 0.2371916508538899 1.0 0.7305502846299811
107 108 inner 0.9835547122074635 0.9448075526506902 0.0
107 108 outer 1.0 0.9157588961510532 0.0
108 108 disc 0.4901960784313725 1.0 0.4775458570524984
108 109 inner 0.8823529411764705 1.0 0.08538899430740043
108 109 outer 0.9582542694497153 0.973856209150327 0.009487666034155628
109 109 disc 0.45224541429475007 1.0 0.5154965211891208
109 110 inner 0.8697027197975963 1.0 0.0980392156862745
109 110 outer 0.9076533839342187 1.0 0.06008855154965209
110 110 disc 0.5154965211891207 1.0 0.4522454142947502
110 111 inner 0.8697027197975963 1.0 0.0980392156862745
110 111 outer 0.8823529411764705 1.0 0.08538899430740043
111 111 disc 0.3636938646426312 1.0 0.6040480708412397
111 112 inner 0.7811511701454774 1.0 0.18659076533839347
111 112 outer 0.8570524984187222 1.0 0.11068943706514867
112 112 disc 0.5154965211891207 1.0 0.4522454142947502
112 113 inner 0.844402277039848 1.0 0.12333965844402273
112 113 outer 0.8950031625553446 1.0 0.07273877292852626
113 113 disc 0.5787476280834913 1.0 0.38899430740037955
113 114 inner 0.8064516129032256 1.0 0.16129032258064513
113 114 outer 0.8823529411764705 1.0 0.08538899430740043
114 114 disc 0.5787476280834913 1.0 0.38899430740037955
114 115 inner 0.7685009487666034 1.0 0.19924098671726753
114 115 outer 0.8191018342820998 1.0 0.14864010120177107
115 115 disc 0.5028462998102466 1.0 0.46489563567362435
115 116 inner 0.6672991777356103 1.0 0.30044275774826057
115 116 outer 0.7685009487666034 1.0 0.19924098671726753
116 116 disc 0.5154965211891207 1.0 0.4522454142947502
116 117 inner 0.6293485135989879 1.0 0.338393421884883
116 117 outer 0.6925996204933585 1.0 0.27514231499051234
117 117 disc 0.5534471853257431 1.0 0.4142947501581278
117 118 inner 0.6166982922201137 1.0 0.35104364326375714
117 118 outer 0.6799493991144844 1.0 0.2877925363693865
118 118 disc 0.3763440860215053 1.0 0.5913978494623656
118 119 inner 0.6166982922201137 1.0 0.35104364326375714
118 119 outer 0.6925996204933585 1.0 0.27514231499051234
119 119 disc 0.42694497153700184 1.0 0.540796963946869
119 120 inner 0.5660974067046173 1.0 0.4016445287792536
119 120 outer 0.641998734977862 1.0 0.3257432005060089
120 120 disc 0.43959519291587595 1.0 0.5281467425679949
120 121 inner 0.5407969639468686 1.0 0.4269449715370023
120 121 outer 0.6040480708412397 1.0 0.3636938646426312
121 121 disc 0.42694497153700184 1.0 0.540796963946869
121 122 inner 0.5660974067046173 1.0 0.4016445287792536
121 122 outer 0.6166982922201137 1.0 0.35104364326375714
122 122 disc 0.43959519291587595 1.0 0.5281467425679949
122 123 inner 0.5154965211891207 1.0 0.4522454142947502
122 123 outer 0.6040480708412397 1.0 0.3636938646426312
123 123 disc 0.4142947501581275 1.0 0.5534471853257434
123 124 inner 0.5154965211891207 1.0 0.4522454142947502
123 124 outer 0.5660974067046173 1.0 0.4016445287792536
124 124 disc 0.3510436432637571 1.0 0.6166982922201139
124 125 inner 0.5028462998102466 1.0 0.46489563567362435
124 125 outer 0.5913978494623655 1.0 0.3763440860215054
125 125 disc 0.43959519291587595 1.0 0.5281467425679949
125 126 inner 0.45224541429475007 1.0 0.5154965211891208
125 126 outer 0.5281467425679949 1.0 0.439595192915876
126 126 disc 0.3763440860215053 1.0 0.5913978494623656
126 127 inner 0.148640101201771 1.0 0.8191018342820999
126 127 outer 0.43959519291587595 1.0 0.5281467425679949
127 127 disc 0.0980392156862745 1.0 0.8697027197975965
127 128 inner 0.0 0.0 0.5
