0 0 disc 0.24984187223276405 1.0 0.717900063251107
0 1 inner 0.3383934218848829 1.0 0.629348513598988
0 1 outer 0.3636938646426312 1.0 0.6040480708412397
1 1 disc 0.38899430740037944 1.0 0.5787476280834916
1 2 inner 0.4901960784313725 1.0 0.4775458570524984
1 2 outer 0.4142947501581275 1.0 0.5534471853257434
2 2 disc 0.4016445287792536 1.0 0.5660974067046174
2 3 inner 0.3763440860215053 1.0 0.5913978494623656
2 3 outer 0.2245414294750158 1.0 0.7432005060088551
3 3 disc 0.3636938646426312 1.0 0.6040480708412397
3 4 inner 0.4016445287792536 1.0 0.5660974067046174
3 4 outer 0.38899430740037944 1.0 0.5787476280834916
4 4 disc 0.38899430740037944 1.0 0.5787476280834916
4 5 inner 0.46489563567362424 1.0 0.5028462998102468
4 5 outer 0.4901960784313725 1.0 0.4775458570524984
5 5 disc 0.42694497153700184 1.0 0.540796963946869
5 6 inner 0.5154965211891207 1.0 0.4522454142947502
5 6 outer 0.5028462998102466 1.0 0.46489563567362435
6 6 disc 0.5028462998102466 1.0 0.46489563567362435
6 7 inner 0.46489563567362424 1.0 0.5028462998102468
6 7 outer 0.43959519291587595 1.0 0.5281467425679949
7 7 disc 0.42694497153700184 1.0 0.540796963946869
7 8 inner 0.5028462998102466 1.0 0.46489563567362435
7 8 outer 0.5407969639468686 1.0 0.4269449715370023
8 8 disc 0.5028462998102466 1.0 0.46489563567362435
8 9 inner 0.47754585705249836 1.0 0.4901960784313726
8 9 outer 0.5028462998102466 1.0 0.46489563567362435
9 9 disc 0.4142947501581275 1.0 0.5534471853257434
9 10 inner 0.43959519291587595 1.0 0.5281467425679949
9 10 outer 0.5534471853257431 1.0 0.4142947501581278
10 10 disc 0.4016445287792536 1.0 0.5660974067046174
10 11 inner 0.0 0.0 0.5
