0 0 2.807354922057604
1 0.041825019204594326 5.459431618637297
1 0.041825019204594326 2.321928094887362
2 0.09782355705848977 5.459431618637297
2 0.09782355705848977 2.0
3 0.11897645324609568 5.491853096329675
3 0.11897645324609568 1.0
4 0.15572405725505806 4.523561956057013
4 0.15572405725505806 1.0
5 0.19247166126402043 4.523561956057013
5 0.19247166126402043 1.0
6 0.2292192652729828 4.523561956057013
6 0.2292192652729828 1.0
7 0.30271447329090756 4.523561956057013
7 0.30271447329090756 2.0
8 0.44628259806116277 5.087462841250339
8 0.44628259806116277 2.807354922057604
9 0.6296665067201548 4.954196310386875
932.0
