0 0 disc 0.0 0.6764705882352942 1.0
0 1 inner 0.0 0.5666666666666667 1.0
0 1 outer 0.0 0.5509803921568628 1.0
1 1 disc 0.0 0.7392156862745098 1.0
1 2 inner 0.0 0.707843137254902 1.0
1 2 outer 0.0 0.707843137254902 1.0
2 2 disc 0.03478810879190385 0.9431372549019608 0.9329538266919671
2 3 inner 0.0 0.7235294117647059 1.0
2 3 outer 0.0 0.7392156862745098 1.0
3 3 disc 0.0 0.8647058823529412 0.9962049335863378
3 4 inner 0.0 0.8960784313725491 0.9709044908285895
3 4 outer 0.0 0.8647058823529412 0.9962049335863378
4 4 disc 0.08538899430740036 1.0 0.8823529411764706
4 5 inner 0.0 0.8647058823529412 0.9962049335863378
4 5 outer 0.0 0.8960784313725491 0.9709044908285895
5 5 disc 0.0 0.8960784313725491 0.9709044908285895
5 6 inner 0.022137887413029723 0.9274509803921569 0.9456040480708413
5 6 outer 0.07273877292852624 0.9901960784313726 0.8950031625553447
6 6 disc 0.11068943706514844 1.0 0.8570524984187226
6 7 inner 0.08538899430740036 1.0 0.8823529411764706
6 7 outer 0.03478810879190385 0.9431372549019608 0.9329538266919671
7 7 disc 0.07273877292852624 0.9901960784313726 0.8950031625553447
7 8 inner 0.0 0.7392156862745098 1.0
7 8 outer 0.022137887413029723 0.9274509803921569 0.9456040480708413
8 8 disc 0.0 0.7705882352941177 1.0
8 9 inner 0.0 0.4568627450980391 1.0
8 9 outer 0.0 0.0 0.571301247771836
9 9 disc 1.0 0.5526506899055921 0.0
9 10 inner 0.932953826691967 1.0 0.03478810879190386
9 10 outer 0.5407969639468686 1.0 0.4269449715370023
10 10 disc 0.9456327985739753 0.029774872912127992 0.0
10 11 inner 1.0 0.4509803921568629 0.0
10 11 outer 1.0 0.7269426289034134 0.0
11 11 disc 0.7495543672014262 0.0 0.0
11 12 inner 1.0 0.4509803921568629 0.0
11 12 outer 1.0 0.7269426289034134 0.0
12 12 disc 0.606951871657754 0.0 0.0
12 13 inner 0.0 0.0 0.5
