0 0 11.268542000300123
1 0.020328899855114307 16.695839980228563
1 0.020328899855114307 10.804937672051908
2 0.04038036135393962 16.442457592694733
2 0.04038036135393962 10.512740462803498
3 0.06053668783382125 16.24659216544184
3 0.06053668783382125 10.281930026955443
4 0.08090918185592547 16.118434191647648
4 0.08090918185592547 10.194756854422248
5 0.10156357342681338 16.017004103538035
5 0.10156357342681338 10.092757140919852
6 0.12195551957530038 15.993822936745916
6 0.12195551957530038 10.022367813028454
7 0.14187938728785124 15.862588931160625
7 0.14187938728785124 9.83605035505807
8 0.1618145605870906 15.693541406012942
8 0.1618145605870906 9.688250309133178
9 0.18184514251095718 15.576897633423084
9 0.18184514251095718 9.612868497291041
10 0.2017090019722652 15.477347201674002
10 0.2017090019722652 9.432541900388259
11 0.22158786856377305 15.330426748997999
11 0.22158786856377305 9.207014320177532
12 0.2419702616266039 15.167574951988176
12 0.2419702616266039 9.172427508645482
13 0.26231887870251874 15.127228612736653
13 0.26231887870251874 9.113742166049189
14 0.28285038484313824 15.102631888854969
14 0.28285038484313824 9.18239435340453
15 0.30334762470835414 15.138271800172221
15 0.30334762470835414 9.157346935362844
16 0.3236522543360891 15.122949292542494
16 0.3236522543360891 9.111135670234708
17 0.3442760192185765 15.089367717438583
17 0.3442760192185765 9.129283016944967
18 0.36547636927526633 15.178703749722812
18 0.36547636927526633 9.280770770130603
19 0.3860930722330909 15.265871392141012
19 0.3860930722330909 9.326429487122303
20 0.4062619978669398 15.22618637768788
20 0.4062619978669398 9.199672344836364
21 0.4264945707978276 15.132218553419296
21 0.4264945707978276 9.071462362556623
22 0.4469576205942617 15.06873629951619
22 0.4469576205942617 8.968666793195208
23 0.46847459807131847 14.969971036193952
23 0.46847459807131847 8.957102041562287
24 0.48964264561375626 15.067224260556507
24 0.48964264561375626 9.087462841250339
25 0.5099143150780255 15.055917881345861
25 0.5099143150780255 8.954196310386875
26 0.5301448034589594 14.940955875611515
26 0.5301448034589594 8.888743248898258
27 0.5503582411252527 14.881161769236098
27 0.5503582411252527 8.79766152585376
28 0.570793772483317 14.744676191753785
28 0.570793772483317 8.727920454563199
29 0.5914924892057074 14.768080916896663
29 0.5914924892057074 8.807354922057604
30 0.6122161511177545 14.831851516995501
30 0.6122161511177545 8.810571634741146
31 0.6325149799579932 14.834125346421208
31 0.6325149799579932 8.76487159073609
32 0.6531619537674606 14.718693404419911
32 0.6531619537674606 8.707359132080883
33 0.6740468977111392 14.759888183221834
33 0.6740468977111392 8.754887502163468
34 0.6949524042064006 14.756973226165448
34 0.6949524042064006 8.829722735086058
35 0.7152495002433402 14.825306647352575
35 0.7152495002433402 8.727920454563199
36 0.7359324064824159 14.767460313915674
36 0.7359324064824159 8.787902559391432
37 0.7566807982818937 14.798775537031908
37 0.7566807982818937 8.857980995127573
38 0.7770981543938176 14.869979332899963
38 0.7770981543938176 8.79766152585376
39 0.7977349396030913 14.822023044559169
39 0.7977349396030913 8.79766152585376
40 0.818859450410482 14.8323955849331
40 0.818859450410482 8.839203788096944
41 0.8428483619053933 14.887220615468385
41 0.8428483619053933 8.854868383260236
42 0.8650616412992227 15.052228393347402
42 0.8650616412992227 9.167418145831737
43 0.8864315217469235 15.147363943409283
43 0.8864315217469235 9.129283016944967
44 0.9080764869405905 15.138991687935224
44 0.9080764869405905 9.211888294546004
45 0.9294715822650663 15.229231903331497
45 0.9294715822650663 9.328674927327947
46 0.9506660878516682 15.2774690334183
46 0.9506660878516682 9.38586240064146
47 0.9720846221075532 15.313449940963057
47 0.9720846221075532 9.38586240064146
48 0.9942314557328928 15.38939606883667
48 0.9942314557328928 9.479780264029099
49 1.0161265422275345 15.459847819151287
49 1.0161265422275345 9.61654884377899
50 1.037969102795063 15.546562920177827
50 1.037969102795063 9.693486957499326
51 1.060001348044809 15.556416242673214
51 1.060001348044809 9.843921051289035
52 1.0819603989833333 15.666751045095102
52 1.0819603989833333 9.853309555403674
53 1.104065325155912 15.681677655209691
53 1.104065325155912 9.879583249612784
54 1.1271813146376686 15.712446394695775
54 1.1271813146376686 9.939579214314692
55 1.159981813457179 15.844141794999022
55 1.159981813457179 10.188588845707349
56 1.2000363126933429 16.059450090087758
8339470.0
