0 0 8.50382573799575
1 0.026146801381945323 13.68057929578025
1 0.026146801381945323 8.027905996569885
2 0.060757947601060125 13.461223627613371
2 0.060757947601060125 7.774787059601174
3 0.094699623376833 13.904540546154381
3 0.094699623376833 8.149747119504681
4 0.1223818455908804 13.490224135759552
4 0.1223818455908804 7.876516946564999
5 0.15003328153771664 13.119913785452269
5 0.15003328153771664 7.741466986401147
6 0.18086636141543683 13.102467862359322
6 0.18086636141543683 7.483815777264256
7 0.21049723643273732 13.266347341835894
7 0.21049723643273732 7.7073591320808825
8 0.23949921899428553 12.947636937951827
8 0.23949921899428553 7.523561956057013
9 0.2680462145932242 13.039090401998603
9 0.2680462145932242 7.643856189774724
10 0.3092534511009757 12.897656411251145
10 0.3092534511009757 7.531381460516312
11 0.36265872566496254 13.34179677239183
783343.0
