0 0 11.067434360756522
1 0.02504978910730057 15.28818117926191
1 0.02504978910730057 9.840777923595054
2 0.052073698248305024 14.074977662301151
2 0.052073698248305024 9.493855449240822
3 0.0780835104284042 13.822172461476178
3 0.0780835104284042 9.187352073200497
4 0.10374887208012287 13.580022967753875
4 0.10374887208012287 9.019590728357882
5 0.13653983800261638 13.471802206605576
5 0.13653983800261638 8.92184093707449
6 0.15950383560277703 13.51298730941902
6 0.15950383560277703 7.826548487290915
7 0.1849677777007342 12.471421196424862
7 0.1849677777007342 7.515699838284043
8 0.21268849932925216 12.023407843140218
8 0.21268849932925216 7.189824558880018
9 0.23847738146280706 11.774375272802063
9 0.23847738146280706 7.011227255423254
10 0.26822566880357446 11.673750739438063
10 0.26822566880357446 7.022367813028454
11 0.2976801279427852 11.683433292835403
11 0.2976801279427852 6.94251450533924
12 0.3327703695335202 11.746094383705463
12 0.3327703695335202 7.149747119504682
13 0.361396456128458 12.084144010615145
13 0.361396456128458 7.2761244052742375
14 0.3891155165103299 11.964701857420447
14 0.3891155165103299 7.129283016944966
15 0.42011628847624527 11.87305954766147
15 0.42011628847624527 7.330916878114617
16 0.4503427675616726 12.149111990706889
16 0.4503427675616726 7.700439718141092
17 0.48134327464169685 12.241685287601625
17 0.48134327464169685 7.754887502163468
18 0.5231289451144698 12.401146182153498
18 0.5231289451144698 7.832890014164741
19 0.5485502312501819 12.88683970588442
19 0.5485502312501819 5.169925001442312
20 0.5853641158481359 9.899356922923111
20 0.5853641158481359 5.20945336562895
21 0.6219570909989788 9.654636028527968
21 0.6219570909989788 5.087462841250339
22 0.6607264320483855 9.579315937580015
22 0.6607264320483855 5.392317422778761
23 0.7115206334188096 9.611024797307353
23 0.7115206334188096 5.0
24 0.7502469446003901 10.62662165235837
24 0.7502469446003901 5.357552004618084
25 0.7810315046102844 9.67595703294175
25 0.7810315046102844 5.044394119358453
26 0.8131231500794461 9.324180546618742
26 0.8131231500794461 4.700439718141092
27 0.8455967757053061 9.566054038171092
27 0.8455967757053061 4.754887502163468
28 0.9041614574562812 9.361943773735241
28 0.9041614574562812 4.807354922057604
29 0.9676409389632985 10.591522346570734
29 0.9676409389632985 4.523561956057013
30 1.0635136954974753 8.339850002884624
1099457.0
