0 0 disc 0.0 0.19019607843137254 1.0
0 1 inner 0.0 0.40980392156862744 1.0
0 1 outer 0.0 0.503921568627451 1.0
1 1 disc 0.0 0.34705882352941175 1.0
1 2 inner 0.0 0.6137254901960785 1.0
1 2 outer 0.0 0.692156862745098 1.0
2 2 disc 0.0 0.42549019607843136 1.0
2 3 inner 0.0 0.707843137254902 1.0
2 3 outer 0.0 0.7705882352941177 1.0
3 3 disc 0.0 0.48823529411764705 1.0
3 4 inner 0.0 0.7862745098039213 1.0
3 4 outer 0.0 0.8490196078431372 1.0
4 4 disc 0.0 0.5823529411764706 1.0
4 5 inner 0.0 0.8176470588235294 1.0
4 5 outer 0.0 0.8803921568627451 0.9835547122074637
5 5 disc 0.0 0.6294117647058823 1.0
5 6 inner 0.0 0.7705882352941177 1.0
5 6 outer 0.0 0.8647058823529412 0.9962049335863378
6 6 disc 0.0 0.6764705882352942 1.0
6 7 inner 0.0 0.5509803921568628 1.0
6 7 outer 0.0 0.7862745098039213 1.0
7 7 disc 0.0 0.5352941176470586 1.0
7 8 inner 0.0 0.0 0.5
