0 0 10.821773981970567
1 0.018664570252193504 17.55981024033438
1 0.018664570252193504 10.489847960439297
2 0.03699036745123832 17.39704786292392
2 0.03699036745123832 10.220378327695228
3 0.05508972902823539 17.206089072330375
3 0.05508972902823539 10.005624549193879
4 0.07321071653758106 17.05352290889771
4 0.07321071653758106 9.90839262077375
5 0.09139117536811067 16.995722993277415
5 0.09139117536811067 9.813781191217037
6 0.10946576553095747 16.928055661555316
6 0.10946576553095747 9.722807531169547
7 0.12747036834362757 16.84503668728796
7 0.12747036834362757 9.60917873814198
8 0.1456894813759591 16.741835618670724
8 0.1456894813759591 9.566054038171092
9 0.16403544418407154 16.76146033397607
9 0.16403544418407154 9.603626344986193
10 0.18219964008992506 16.776265948978416
10 0.18219964008992506 9.479780264029099
11 0.2002920864570285 16.724100788430643
11 0.2002920864570285 9.419960177847889
12 0.21815953868496266 16.580111322167408
12 0.21815953868496266 9.271463027904375
13 0.23619090603618498 16.484665578567345
13 0.23619090603618498 9.259743263690781
14 0.2539294609546865 16.437085569067417
14 0.2539294609546865 9.087462841250339
15 0.2721021432552397 16.30835680771916
15 0.2721021432552397 9.074141462752506
16 0.2903323488389847 16.30744987172941
16 0.2903323488389847 9.074141462752506
17 0.308876064989946 16.36031557532557
17 0.308876064989946 9.247927513443585
18 0.32723234568996623 16.494058657834646
18 0.32723234568996623 9.31741261376487
19 0.3456393097952401 16.563672959827514
19 0.3456393097952401 9.388017285345136
20 0.36377015288466386 16.56905454785765
20 0.36377015288466386 9.287712379549449
21 0.3819099084348616 16.520864182988742
21 0.3819099084348616 9.25502856981873
22 0.40032502610657117 16.471214773888875
22 0.40032502610657117 9.276124405274238
23 0.41891505095300097 16.515191627449852
23 0.41891505095300097 9.413627929024173
24 0.4374133970473223 16.627704863797174
24 0.4374133970473223 9.469641817239516
25 0.4563937742228799 16.697239092360434
25 0.4563937742228799 9.69522829149575
26 0.4758059043985494 16.883991602379627
26 0.4758059043985494 9.873444112515376
27 0.4961054875783993 17.11705457345225
27 0.4961054875783993 10.088788238716907
28 0.5271954784370775 17.296109626163407
28 0.5271954784370775 10.360847084179664
29 0.5665978691075635 17.566760164957238
32277749.0
