0 0 disc 0.4901960784313725 1.0 0.4775458570524984
0 1 inner 0.3130929791271345 1.0 0.6546489563567364
0 1 outer 0.3636938646426312 1.0 0.6040480708412397
1 1 disc 0.3510436432637571 1.0 0.6166982922201139
1 2 inner 0.42694497153700184 1.0 0.540796963946869
1 2 outer 0.5407969639468686 1.0 0.4269449715370023
2 2 disc 0.46489563567362424 1.0 0.5028462998102468
2 3 inner 0.4142947501581275 1.0 0.5534471853257434
2 3 outer 0.5787476280834913 1.0 0.38899430740037955
3 3 disc 0.4142947501581275 1.0 0.5534471853257434
3 4 inner 0.5028462998102466 1.0 0.46489563567362435
3 4 outer 0.0 0.0 0.999108734402852
4 4 disc 0.9991087344028523 0.07334785766158336 0.0
4 5 inner 0.6040480708412397 1.0 0.3636938646426312
4 5 outer 0.6925996204933585 1.0 0.27514231499051234
5 5 disc 1.0 0.46550472040668145 0.0
5 6 inner 1.0 0.4364560639070445 0.0
5 6 outer 1.0 0.2912127814088604 0.0
6 6 disc 1.0 0.5816993464052289 0.0
6 7 inner 1.0 0.3202614379084969 0.0
6 7 outer 1.0 0.3783587509077707 0.0
7 7 disc 1.0 0.3638344226579523 0.0
7 8 inner 0.0 0.0 0.5
