0 0 disc 0.4901960784313725 1.0 0.4775458570524984
0 1 inner 0.3763440860215053 1.0 0.5913978494623656
0 1 outer 0.3130929791271345 1.0 0.6546489563567364
1 1 disc 0.46489563567362424 1.0 0.5028462998102468
1 2 inner 0.4901960784313725 1.0 0.4775458570524984
1 2 outer 0.46489563567362424 1.0 0.5028462998102468
2 2 disc 0.6799493991144844 1.0 0.2877925363693865
2 3 inner 0.5407969639468686 1.0 0.4269449715370023
2 3 outer 0.42694497153700184 1.0 0.540796963946869
3 3 disc 0.5534471853257431 1.0 0.4142947501581278
3 4 inner 0.5660974067046173 1.0 0.4016445287792536
3 4 outer 0.5154965211891207 1.0 0.4522454142947502
4 4 disc 0.7558507273877292 1.0 0.2118912080961417
4 5 inner 0.5281467425679949 1.0 0.439595192915876
4 5 outer 0.47754585705249836 1.0 0.4901960784313726
5 5 disc 0.5913978494623655 1.0 0.3763440860215054
5 6 inner 0.6166982922201137 1.0 0.35104364326375714
5 6 outer 0.641998734977862 1.0 0.3257432005060089
6 6 disc 0.8950031625553446 1.0 0.07273877292852626
6 7 inner 0.5154965211891207 1.0 0.4522454142947502
6 7 outer 0.6040480708412397 1.0 0.3636938646426312
7 7 disc 0.6040480708412397 1.0 0.3636938646426312
7 8 inner 0.009487666034155417 0.9117647058823527 0.9582542694497156
7 8 outer 0.0 0.20588235294117635 1.0
8 8 disc 1.0 0.9157588961510532 0.0
8 9 inner 1.0 0.2912127814088604 0.0
8 9 outer 1.0 0.27668845315904156 0.0
9 9 disc 1.0 0.4945533769063183 0.0
9 10 inner 1.0 0.34931009440813376 0.0
9 10 outer 1.0 0.16049382716049398 0.0
10 10 disc 0.0 0.0 0.5
10 11 inner 0.8743315508021392 0.0 0.0
10 11 outer 0.8743315508021392 0.0 0.0
11 11 disc 1.0 0.46550472040668145 0.0
11 12 inner 1.0 0.1023965141612202 0.0
11 12 outer 0.8743315508021392 0.0 0.0
12 12 disc 1.0 0.18954248366013093 0.0
12 13 inner 1.0 0.1023965141612202 0.0
12 13 outer 0.8565062388591802 0.0 0.0
13 13 disc 1.0 0.1023965141612202 0.0
13 14 inner 0.9456327985739753 0.029774872912127992 0.0
13 14 outer 0.571301247771836 0.0 0.0
14 14 disc 1.0 0.24763979665940472 0.0
14 15 inner 1.0 0.34931009440813376 0.0
14 15 outer 1.0 0.26216412490922314 0.0
15 15 disc 1.0 0.5381263616557737 0.0
15 16 inner 1.0 0.5671750181554105 0.0
15 16 outer 1.0 0.48002904865649987 0.0
16 16 disc 1.0 0.46550472040668145 0.0
16 17 inner 1.0 0.4945533769063183 0.0
16 17 outer 1.0 0.39288307915758913 0.0
17 17 disc 1.0 0.4219317356572261 0.0
17 18 inner 0.6040480708412397 1.0 0.3636938646426312
17 18 outer 0.1865907653383934 1.0 0.7811511701454776
18 18 disc 0.9812834224598939 0.058823529411765274 0.0
18 19 inner 0.0 0.0 0.5
