0 0 disc 1.0 0.18954248366013093 0.0
0 1 inner 1.0 0.1023965141612202 0.0
0 1 outer 0.517825311942959 0.0 0.0
1 1 disc 0.0 0.0 0.5
1 2 inner 0.6247771836007131 0.0 0.0
1 2 outer 0.5 0.0 0.0
2 2 disc 1.0 0.1023965141612202 0.0
2 3 inner 0.8386809269162212 0.0 0.0
2 3 outer 0.5 0.0 0.0
3 3 disc 0.0 0.0 0.5
3 4 inner 0.5 0.0 0.0
3 4 outer 0.5 0.0 0.0
4 4 disc 0.0 0.0 0.5
4 5 inner 0.5 0.0 0.0
4 5 outer 0.5 0.0 0.0
5 5 disc 0.0 0.0 0.5
5 6 inner 0.5 0.0 0.0
5 6 outer 0.5 0.0 0.0
6 6 disc 0.0 0.0 0.5
6 7 inner 0.5 0.0 0.0
6 7 outer 0.5 0.0 0.0
7 7 disc 1.0 0.1023965141612202 0.0
7 8 inner 0.5 0.0 0.0
7 8 outer 0.5 0.0 0.0
8 8 disc 0.6247771836007131 0.0 0.0
8 9 inner 0.0 0.0 0.5
