0 0 disc 0.26249209361163817 1.0 0.7052498418722328
0 1 inner 0.2245414294750158 1.0 0.7432005060088551
0 1 outer 0.1865907653383934 1.0 0.7811511701454776
1 1 disc 0.21189120809614148 1.0 0.7558507273877295
1 2 inner 0.26249209361163817 1.0 0.7052498418722328
1 2 outer 0.3130929791271345 1.0 0.6546489563567364
2 2 disc 0.7432005060088547 1.0 0.2245414294750162
2 3 inner 0.2751423149905123 1.0 0.6925996204933587
2 3 outer 0.3130929791271345 1.0 0.6546489563567364
3 3 disc 0.4142947501581275 1.0 0.5534471853257434
3 4 inner 0.4016445287792536 1.0 0.5660974067046174
3 4 outer 0.43959519291587595 1.0 0.5281467425679949
4 4 disc 0.3510436432637571 1.0 0.6166982922201139
4 5 inner 0.38899430740037944 1.0 0.5787476280834916
4 5 outer 0.47754585705249836 1.0 0.4901960784313726
5 5 disc 0.46489563567362424 1.0 0.5028462998102468
5 6 inner 0.5660974067046173 1.0 0.4016445287792536
5 6 outer 0.5281467425679949 1.0 0.439595192915876
6 6 disc 0.5154965211891207 1.0 0.4522454142947502
6 7 inner 0.5281467425679949 1.0 0.439595192915876
6 7 outer 0.5281467425679949 1.0 0.439595192915876
7 7 disc 0.46489563567362424 1.0 0.5028462998102468
7 8 inner 0.4016445287792536 1.0 0.5660974067046174
7 8 outer 0.5281467425679949 1.0 0.439595192915876
8 8 disc 0.8191018342820998 1.0 0.14864010120177107
8 9 inner 0.42694497153700184 1.0 0.540796963946869
8 9 outer 0.43959519291587595 1.0 0.5281467425679949
9 9 disc 0.6040480708412397 1.0 0.3636938646426312
9 10 inner 0.47754585705249836 1.0 0.4901960784313726
9 10 outer 0.5407969639468686 1.0 0.4269449715370023
10 10 disc 0.46489563567362424 1.0 0.5028462998102468
10 11 inner 0.03478810879190385 0.9431372549019608 0.9329538266919671
10 11 outer 0.0 0.6137254901960785 1.0
11 11 disc 0.6925996204933585 1.0 0.27514231499051234
11 12 inner 0.7558507273877292 1.0 0.2118912080961417
11 12 outer 0.844402277039848 1.0 0.12333965844402273
12 12 disc 0.7432005060088547 1.0 0.2245414294750162
12 13 inner 0.9076533839342187 1.0 0.06008855154965209
12 13 outer 0.9456040480708408 0.9883805374001459 0.022137887413030133
13 13 disc 0.9203036053130929 1.0 0.04743833017077803
13 14 inner 0.8950031625553446 1.0 0.07273877292852626
13 14 outer 1.0 0.9012345679012348 0.0
14 14 disc 0.8191018342820998 1.0 0.14864010120177107
14 15 inner 0.9962049335863377 0.9302832244008717 0.0
14 15 outer 1.0 0.8576615831517794 0.0
15 15 disc 0.8823529411764705 1.0 0.08538899430740043
15 16 inner 1.0 0.9012345679012348 0.0
15 16 outer 1.0 0.8576615831517794 0.0
16 16 disc 0.8191018342820998 1.0 0.14864010120177107
16 17 inner 0.9203036053130929 1.0 0.04743833017077803
16 17 outer 1.0 0.843137254901961 0.0
17 17 disc 0.844402277039848 1.0 0.12333965844402273
17 18 inner 0.0 0.0 0.5
