0 0 disc 0.0 0.0 0.5
0 1 inner 0.0 0.0 0.5
0 1 outer 0.0 0.0 0.5
1 1 disc 0.0 0.0 0.5
1 2 inner 0.0 0.0 0.5
1 2 outer 0.0 0.0 0.517825311942959
2 2 disc 0.0 0.0 0.517825311942959
2 3 inner 0.0 0.0 0.517825311942959
2 3 outer 0.0 0.0 0.5
3 3 disc 0.0 0.0 0.5
3 4 inner 0.0 0.0 0.517825311942959
3 4 outer 0.0 0.0 0.517825311942959
4 4 disc 0.0 0.0 0.517825311942959
4 5 inner 0.0 0.0 0.517825311942959
4 5 outer 0.0 0.0 0.517825311942959
5 5 disc 0.0 0.0 0.517825311942959
5 6 inner 0.0 0.0 0.517825311942959
5 6 outer 0.0 0.0 0.535650623885918
6 6 disc 0.0 0.0 0.517825311942959
6 7 inner 0.0 0.0 0.535650623885918
6 7 outer 0.0 0.0 0.535650623885918
7 7 disc 0.0 0.0 0.517825311942959
7 8 inner 0.0 0.0 0.535650623885918
7 8 outer 0.0 0.0 0.535650623885918
8 8 disc 0.0 0.0 0.517825311942959
8 9 inner 0.0 0.0 0.517825311942959
8 9 outer 0.0 0.0 0.535650623885918
9 9 disc 0.0 0.0 0.517825311942959
9 10 inner 0.0 0.0 0.5
9 10 outer 0.0 0.0 0.517825311942959
10 10 disc 0.0 0.0 0.5
10 11 inner 0.0 0.0 0.5
10 11 outer 0.0 0.0 0.5
11 11 disc 0.0 0.0 0.642602495543672
11 12 inner 0.0 0.0 0.589126559714795
11 12 outer 0.0 0.0 0.535650623885918
12 12 disc 0.0 0.0 0.67825311942959
12 13 inner 0.0 0.0 0.67825311942959
12 13 outer 0.0 0.0 0.67825311942959
13 13 disc 0.0 0.0 0.67825311942959
13 14 inner 0.0 0.0 0.713903743315508
13 14 outer 0.0 0.0 0.713903743315508
14 14 disc 0.0 0.0 0.713903743315508
14 15 inner 0.0 0.0 0.713903743315508
14 15 outer 0.0 0.0 0.731729055258467
15 15 disc 0.0 0.0 0.713903743315508
15 16 inner 0.0 0.0 0.624777183600713
15 16 outer 0.0 0.0 0.696078431372549
16 16 disc 0.0 0.0 0.642602495543672
16 17 inner 0.0 0.0 0.624777183600713
16 17 outer 0.0 0.0 0.5
17 17 disc 0.8191018342820998 1.0 0.14864010120177107
17 18 inner 0.2371916508538899 1.0 0.7305502846299811
17 18 outer 0.1865907653383934 1.0 0.7811511701454776
18 18 disc 1.0 0.872185911401598 0.0
18 19 inner 0.6546489563567361 1.0 0.31309297912713474
18 19 outer 0.641998734977862 1.0 0.3257432005060089
19 19 disc 0.8570524984187222 1.0 0.11068943706514867
19 20 inner 0.8064516129032256 1.0 0.16129032258064513
19 20 outer 0.8570524984187222 1.0 0.11068943706514867
20 20 disc 1.0 0.7850399419026872 0.0
20 21 inner 0.8064516129032256 1.0 0.16129032258064513
20 21 outer 0.8823529411764705 1.0 0.08538899430740043
21 21 disc 1.0 0.872185911401598 0.0
21 22 inner 0.9203036053130929 1.0 0.04743833017077803
21 22 outer 0.9582542694497153 0.973856209150327 0.009487666034155628
22 22 disc 0.9076533839342187 1.0 0.06008855154965209
22 23 inner 0.9203036053130929 1.0 0.04743833017077803
22 23 outer 1.0 0.8867102396514164 0.0
23 23 disc 1.0 0.7269426289034134 0.0
23 24 inner 0.6925996204933585 1.0 0.27514231499051234
23 24 outer 0.730550284629981 1.0 0.23719165085388993
24 24 disc 1.0 0.872185911401598 0.0
24 25 inner 0.9582542694497153 0.973856209150327 0.009487666034155628
24 25 outer 0.9962049335863377 0.9302832244008717 0.0
25 25 disc 1.0 0.8867102396514164 0.0
25 26 inner 0.5281467425679949 1.0 0.439595192915876
25 26 outer 0.5281467425679949 1.0 0.439595192915876
26 26 disc 1.0 0.741466957153232 0.0
26 27 inner 0.8570524984187222 1.0 0.11068943706514867
26 27 outer 0.730550284629981 1.0 0.23719165085388993
27 27 disc 1.0 0.46550472040668145 0.0
27 28 inner 0.7811511701454774 1.0 0.18659076533839347
27 28 outer 0.6293485135989879 1.0 0.338393421884883
28 28 disc 1.0 0.7705156136528688 0.0
28 29 inner 1.0 0.5381263616557737 0.0
28 29 outer 1.0 0.4509803921568629 0.0
29 29 disc 1.0 0.5090777051561368 0.0
29 30 inner 1.0 0.3783587509077707 0.0
29 30 outer 1.0 0.39288307915758913 0.0
30 30 disc 0.0 0.0 0.5
30 31 inner 1.0 0.6397966594045028 0.0
30 31 outer 1.0 0.13144517066085715 0.0
31 31 disc 1.0 0.20406681190994935 0.0
31 32 inner 1.0 0.6978939724037765 0.0
31 32 outer 1.0 0.5671750181554105 0.0
32 32 disc 1.0 0.9012345679012348 0.0
32 33 inner 1.0 0.46550472040668145 0.0
32 33 outer 1.0 0.3202614379084969 0.0
33 33 disc 1.0 0.8140885984023241 0.0
33 34 inner 1.0 0.40740740740740755 0.0
33 34 outer 1.0 0.3783587509077707 0.0
34 34 disc 1.0 0.3783587509077707 0.0
34 35 inner 1.0 0.40740740740740755 0.0
34 35 outer 1.0 0.4364560639070445 0.0
35 35 disc 1.0 0.5526506899055921 0.0
35 36 inner 1.0 0.18954248366013093 0.0
35 36 outer 1.0 0.2331154684095862 0.0
36 36 disc 1.0 0.3638344226579523 0.0
36 37 inner 1.0 0.8286129266521426 0.0
36 37 outer 1.0 0.4364560639070445 0.0
37 37 disc 1.0 0.4509803921568629 0.0
37 38 inner 0.6925996204933585 1.0 0.27514231499051234
37 38 outer 0.4016445287792536 1.0 0.5660974067046174
38 38 disc 0.0 0.0 0.5
38 39 inner 0.8030303030303032 0.0 0.0
38 39 outer 0.9278074866310163 0.015250544662309573 0.0
39 39 disc 0.0 0.0 0.5
39 40 inner 0.6960784313725497 0.0 0.0
39 40 outer 0.6782531194295901 0.0 0.0
40 40 disc 0.0 0.0 0.5
40 41 inner 0.5 0.0 0.0
40 41 outer 0.5 0.0 0.0
41 41 disc 0.0 0.0 0.5
41 42 inner 0.8386809269162212 0.0 0.0
41 42 outer 0.7673796791443852 0.0 0.0
42 42 disc 0.0 0.0 0.5
42 43 inner 0.6960784313725497 0.0 0.0
42 43 outer 0.6960784313725497 0.0 0.0
43 43 disc 1.0 0.3783587509077707 0.0
43 44 inner 0.6960784313725497 0.0 0.0
43 44 outer 0.7852049910873442 0.0 0.0
44 44 disc 0.0 0.0 0.5
44 45 inner 0.6960784313725497 0.0 0.0
44 45 outer 0.6782531194295901 0.0 0.0
45 45 disc 0.0 0.0 0.5
45 46 inner 0.5 0.0 0.0
45 46 outer 0.5 0.0 0.0
46 46 disc 0.0 0.0 0.5
46 47 inner 0.5 0.0 0.0
46 47 outer 0.5 0.0 0.0
47 47 disc 0.0 0.0 0.5
47 48 inner 0.553475935828877 0.0 0.0
47 48 outer 0.6247771836007131 0.0 0.0
48 48 disc 0.0 0.0 0.5
48 49 inner 0.6960784313725497 0.0 0.0
48 49 outer 0.6960784313725497 0.0 0.0
49 49 disc 0.0 0.0 0.5
49 50 inner 0.6960784313725497 0.0 0.0
49 50 outer 0.6426024955436721 0.0 0.0
50 50 disc 0.0 0.0 0.5
50 51 inner 0.5 0.0 0.0
50 51 outer 0.5 0.0 0.0
51 51 disc 0.0 0.0 0.5
51 52 inner 0.5 0.0 0.0
51 52 outer 0.5 0.0 0.0
52 52 disc 0.0 0.0 0.5
52 53 inner 0.5 0.0 0.0
52 53 outer 0.5 0.0 0.0
53 53 disc 0.0 0.0 0.5
53 54 inner 0.5 0.0 0.0
53 54 outer 0.5 0.0 0.0
54 54 disc 0.0 0.0 0.5
54 55 inner 0.8743315508021392 0.0 0.0
54 55 outer 0.7139037433155082 0.0 0.0
55 55 disc 1.0 0.1023965141612202 0.0
55 56 inner 1.0 0.18954248366013093 0.0
55 56 outer 1.0 0.21859114015976777 0.0
56 56 disc 1.0 0.34931009440813376 0.0
56 57 inner 1.0 0.40740740740740755 0.0
56 57 outer 1.0 0.16049382716049398 0.0
57 57 disc 1.0 0.5236020334059556 0.0
57 58 inner 1.0 0.48002904865649987 0.0
57 58 outer 1.0 0.8867102396514164 0.0
58 58 disc 1.0 0.27668845315904156 0.0
58 59 inner 1.0 0.4509803921568629 0.0
58 59 outer 1.0 0.7850399419026872 0.0
59 59 disc 1.0 0.9157588961510532 0.0
59 60 inner 0.8386809269162212 0.0 0.0
59 60 outer 1.0 0.11692084241103862 0.0
60 60 disc 0.7852049910873442 0.0 0.0
60 61 inner 1.0 0.6397966594045028 0.0
60 61 outer 1.0 0.7559912854030507 0.0
61 61 disc 0.0 0.0 0.5
61 62 inner 0.5 0.0 0.0
61 62 outer 0.5 0.0 0.0
62 62 disc 0.5 0.0 0.0
62 63 inner 0.5 0.0 0.0
62 63 outer 0.5 0.0 0.0
63 63 disc 0.0 0.0 0.5
63 64 inner 0.5 0.0 0.0
63 64 outer 0.5 0.0 0.0
64 64 disc 0.0 0.0 0.5
64 65 inner 0.5 0.0 0.0
64 65 outer 0.5 0.0 0.0
65 65 disc 0.5 0.0 0.0
65 66 inner 0.6960784313725497 0.0 0.0
65 66 outer 0.5 0.0 0.0
66 66 disc 0.5 0.0 0.0
66 67 inner 0.589126559714795 0.0 0.0
66 67 outer 0.5 0.0 0.0
67 67 disc 0.8208556149732622 0.0 0.0
67 68 inner 1.0 0.6397966594045028 0.0
67 68 outer 1.0 0.6397966594045028 0.0
68 68 disc 1.0 0.24763979665940472 0.0
68 69 inner 1.0 0.08787218591140178 0.0
68 69 outer 1.0 0.16049382716049398 0.0
69 69 disc 1.0 0.1750181554103124 0.0
69 70 inner 1.0 0.24763979665940472 0.0
69 70 outer 1.0 0.46550472040668145 0.0
70 70 disc 1.0 0.2331154684095862 0.0
70 71 inner 1.0 0.16049382716049398 0.0
70 71 outer 0.8743315508021392 0.0 0.0
71 71 disc 1.0 0.1023965141612202 0.0
71 72 inner 0.6960784313725497 0.0 0.0
71 72 outer 0.589126559714795 0.0 0.0
72 72 disc 1.0 0.16049382716049398 0.0
72 73 inner 0.7673796791443852 0.0 0.0
72 73 outer 0.8208556149732622 0.0 0.0
73 73 disc 1.0 0.14596949891067557 0.0
73 74 inner 0.7673796791443852 0.0 0.0
73 74 outer 0.9456327985739753 0.029774872912127992 0.0
74 74 disc 0.8030303030303032 0.0 0.0
74 75 inner 0.0 0.0 0.5
