0 0 disc 0.0 0.0 0.5
0 1 inner 0.0 0.0 0.5
0 1 outer 0.0 0.0 0.5
1 1 disc 0.0 0.0 0.785204991087344
1 2 inner 0.0 0.0 0.67825311942959
1 2 outer 0.0 0.0 0.553475935828877
2 2 disc 0.0 0.22156862745098038 1.0
2 3 inner 0.0 0.0 1.0
2 3 outer 0.0 0.0 0.85650623885918
3 3 disc 0.0 0.6450980392156863 1.0
3 4 inner 0.0 0.3313725490196077 1.0
3 4 outer 0.0 0.11176470588235295 1.0
4 4 disc 0.13598987982289687 1.0 0.8317520556609741
4 5 inner 0.0 0.7235294117647059 1.0
4 5 outer 0.0 0.4725490196078431 1.0
5 5 disc 0.47754585705249836 1.0 0.4901960784313726
5 6 inner 0.16129032258064513 1.0 0.8064516129032259
5 6 outer 0.0 0.8333333333333334 1.0
6 6 disc 0.7685009487666034 1.0 0.19924098671726753
6 7 inner 0.5028462998102466 1.0 0.46489563567362435
6 7 outer 0.2751423149905123 1.0 0.6925996204933587
7 7 disc 1.0 0.8140885984023241 0.0
7 8 inner 0.8064516129032256 1.0 0.16129032258064513
7 8 outer 0.47754585705249836 1.0 0.4901960784313726
8 8 disc 1.0 0.33478576615831535 0.0
8 9 inner 1.0 0.741466957153232 0.0
8 9 outer 1.0 0.712418300653595 0.0
9 9 disc 1.0 0.3638344226579523 0.0
9 10 inner 0.0 0.0 0.5
