0 0 disc 0.7938013915243516 1.0 0.1739405439595193
0 1 inner 0.5660974067046173 1.0 0.4016445287792536
0 1 outer 0.26249209361163817 1.0 0.7052498418722328
1 1 disc 1.0 0.5090777051561368 0.0
1 2 inner 0.9709044908285893 0.9593318809005086 0.0
1 2 outer 0.7685009487666034 1.0 0.19924098671726753
2 2 disc 1.0 0.4364560639070445 0.0
2 3 inner 1.0 0.46550472040668145 0.0
2 3 outer 1.0 0.16049382716049398 0.0
3 3 disc 1.0 0.33478576615831535 0.0
3 4 inner 0.5154965211891207 1.0 0.4522454142947502
3 4 outer 0.2371916508538899 1.0 0.7305502846299811
4 4 disc 0.9099821746880573 0.0007262164124910431 0.0
4 5 inner 0.844402277039848 1.0 0.12333965844402273
4 5 outer 0.5534471853257431 1.0 0.4142947501581278
5 5 disc 0.0 0.0 0.5
5 6 inner 0.8030303030303032 0.0 0.0
5 6 outer 0.5 0.0 0.0
6 6 disc 0.9634581105169343 0.04429920116194641 0.0
6 7 inner 0.0 0.0 0.5
