0 0 7.022367813028454
1 0.04259834325209425 10.608254821977908
1 0.04259834325209425 5.087462841250339
2 0.07870695235333786 8.710806433699352
2 0.07870695235333786 3.321928094887362
3 0.1558502504400588 7.159871336778389
3 0.1558502504400588 3.4594316186372973
4 0.21434261518050263 7.741466986401147
4 0.21434261518050263 2.584962500721156
5 0.22863200882782428 6.569855608330948
5 0.22863200882782428 1.0
6 0.3948620722990147 4.523561956057013
6 0.3948620722990147 1.584962500721156
7 0.5808326814373306 6.3750394313469245
30653.0
