0 0 15.836124342581018
1 0.017805525085196734 17.905539784952303
1 0.017805525085196734 14.818682028333297
2 0.03645128361482425 17.213882633455988
2 0.03645128361482425 14.229419688230417
3 0.05572837422929204 16.745543030258617
3 0.05572837422929204 13.853894313247615
4 0.07549317232155006 16.435833010673413
4 0.07549317232155006 13.609986679703654
5 0.09553175267348998 16.227897927239333
5 0.09553175267348998 13.445014845868423
6 0.11588872506493032 16.057187933990438
6 0.11588872506493032 13.34485068394299
7 0.136403813529623 15.97571364928149
7 0.136403813529623 13.263709337165892
8 0.1571368415684572 15.901809684323629
8 0.1571368415684572 13.221285017810473
9 0.17814614317520241 15.87188117971045
9 0.17814614317520241 13.239896822445862
10 0.1993760699082392 15.902469331305056
10 0.1993760699082392 13.287856641840545
11 0.22098287636422187 15.937511756137523
11 0.22098287636422187 13.313875034039125
12 0.24318305041639113 15.982859919629822
12 0.24318305041639113 13.326289031001773
13 0.2655329887285089 15.980585887013447
13 0.2655329887285089 13.191059214531656
14 0.2879142450447804 15.767486177703933
14 0.2879142450447804 12.897278247411263
15 0.3103185780834275 15.386199313615807
15 0.3103185780834275 12.4993476328766
16 0.33303822206862166 14.958960454772324
16 0.33303822206862166 12.169925001442312
17 0.3557585078758712 14.622051819456376
17 0.3557585078758712 11.777666280880755
18 0.37913759581231044 14.29619926851494
18 0.37913759581231044 11.52061868055628
19 0.40327428527729436 14.06179307032486
19 0.40327428527729436 11.329796338220701
20 0.42740630989263884 13.886649213371976
20 0.42740630989263884 11.029287226968245
21 0.45182153459834234 13.572581812645481
21 0.45182153459834234 10.842350343413807
22 0.4771273274480165 13.432411404703588
22 0.4771273274480165 10.715961990255144
23 0.5020841888141679 13.33734314727405
23 0.5020841888141679 10.552669097514272
24 0.5278154648706459 13.142904787508604
24 0.5278154648706459 10.437752072323603
25 0.5545952701693385 13.073806847178492
25 0.5545952701693385 10.429406741513981
26 0.5837798464524705 13.115693952197011
26 0.5837798464524705 10.428360172704291
27 0.6108062421890281 13.317129926384542
27 0.6108062421890281 10.040289721025717
28 0.6379486082041015 12.542306422582591
28 0.6379486082041015 9.684748620421626
29 0.6658195219130938 12.2246046815385
29 0.6658195219130938 9.527477006060396
30 0.6940791764704323 12.031011907437707
30 0.6940791764704323 9.273795599214264
31 0.7232503407962588 11.883025068440173
31 0.7232503407962588 9.29232163280204
32 0.752843939217922 11.916999049082808
32 0.752843939217922 9.310612781659529
33 0.7869830570812106 11.982280604558284
33 0.7869830570812106 9.29920801838728
34 0.8168816256700147 12.352595231134304
34 0.8168816256700147 8.060695931687555
35 0.8533724411783365 10.107217075591382
35 0.8533724411783365 7.2761244052742375
36 0.8879002904154943 9.233619676759702
36 0.8879002904154943 6.22881869049588
37 0.9298238023581102 8.357552004618084
37 0.9298238023581102 5.672425341971495
38 0.9808370410827165 8.252665432450248
38 0.9808370410827165 5.906890595608519
39 1.0289984006401225 8.569855608330949
39 1.0289984006401225 5.321928094887363
40 1.0757008959600742 7.882643049361842
40 1.0757008959600742 4.321928094887363
41 1.1361540643275616 6.700439718141092
41 1.1361540643275616 4.523561956057013
42 1.2110749175893427 6.832890014164741
42 1.2110749175893427 4.807354922057604
43 1.3032242004063221 6.339850002884624
2625257.0
