0 0 disc 0.0 0.0 1.0
0 1 inner 0.0 0.08039215686274499 1.0
0 1 outer 0.0 0.03333333333333333 1.0
1 1 disc 0.0 0.3313725490196077 1.0
1 2 inner 0.0 0.08039215686274499 1.0
1 2 outer 0.0 0.09607843137254903 1.0
2 2 disc 0.0 0.2372549019607843 1.0
2 3 inner 0.0 0.2529411764705882 1.0
2 3 outer 0.0 0.28431372549019607 1.0
3 3 disc 0.0 0.1588235294117647 1.0
3 4 inner 0.0 0.34705882352941175 1.0
3 4 outer 0.0 0.3941176470588234 1.0
4 4 disc 0.0 0.2529411764705882 1.0
4 5 inner 0.0 0.40980392156862744 1.0
4 5 outer 0.0 0.4411764705882353 1.0
5 5 disc 0.0 0.2529411764705882 1.0
5 6 inner 0.0 0.4411764705882353 1.0
5 6 outer 0.0 0.503921568627451 1.0
6 6 disc 0.0 0.20588235294117635 1.0
6 7 inner 0.0 0.4725490196078431 1.0
6 7 outer 0.0 0.5196078431372549 1.0
7 7 disc 0.0 0.2372549019607843 1.0
7 8 inner 0.0 0.4725490196078431 1.0
7 8 outer 0.0 0.5196078431372549 1.0
8 8 disc 0.0 0.28431372549019607 1.0
8 9 inner 0.0 0.42549019607843136 1.0
8 9 outer 0.0 0.503921568627451 1.0
9 9 disc 0.0 0.3156862745098039 1.0
9 10 inner 0.0 0.09607843137254903 1.0
9 10 outer 0.0 0.40980392156862744 1.0
10 10 disc 0.0 0.06470588235294118 1.0
10 11 inner 0.0 0.0 0.892156862745098
10 11 outer 0.0 0.0 0.5
11 11 disc 1.0 0.712418300653595 0.0
11 12 inner 0.6040480708412397 1.0 0.3636938646426312
11 12 outer 0.46489563567362424 1.0 0.5028462998102468
12 12 disc 0.8570524984187222 1.0 0.11068943706514867
12 13 inner 1.0 0.741466957153232 0.0
12 13 outer 1.0 0.46550472040668145 0.0
13 13 disc 1.0 0.3057371096586785 0.0
13 14 inner 0.9962049335863377 0.9302832244008717 0.0
13 14 outer 1.0 0.872185911401598 0.0
14 14 disc 1.0 0.7559912854030507 0.0
14 15 inner 1.0 0.6543209876543212 0.0
14 15 outer 1.0 0.4945533769063183 0.0
15 15 disc 1.0 0.39288307915758913 0.0
15 16 inner 0.7052498418722326 1.0 0.26249209361163817
15 16 outer 0.5407969639468686 1.0 0.4269449715370023
16 16 disc 1.0 0.27668845315904156 0.0
16 17 inner 1.0 0.34931009440813376 0.0
16 17 outer 1.0 0.20406681190994935 0.0
17 17 disc 1.0 0.4364560639070445 0.0
17 18 inner 0.932953826691967 1.0 0.03478810879190386
17 18 outer 0.7938013915243516 1.0 0.1739405439595193
18 18 disc 1.0 0.4219317356572261 0.0
18 19 inner 1.0 0.21859114015976777 0.0
18 19 outer 1.0 0.1750181554103124 0.0
19 19 disc 1.0 0.3057371096586785 0.0
19 20 inner 0.0 0.0 0.5
