0 0 disc 0.0 0.0 0.5
0 1 inner 0.0 0.0 0.5
0 1 outer 0.0 0.0 0.5
1 1 disc 0.0 0.0 0.5
1 2 inner 0.0 0.0 0.5
1 2 outer 0.0 0.0 0.5
2 2 disc 0.0 0.0 0.517825311942959
2 3 inner 0.0 0.0 0.517825311942959
2 3 outer 0.0 0.0 0.517825311942959
3 3 disc 0.0 0.0 0.517825311942959
3 4 inner 0.0 0.0 0.5
3 4 outer 0.0 0.0 0.517825311942959
4 4 disc 0.0 0.0 0.517825311942959
4 5 inner 0.0 0.0 0.5
4 5 outer 0.0 0.0 0.5
5 5 disc 0.0 0.0 0.642602495543672
5 6 inner 0.0 0.0 0.642602495543672
5 6 outer 0.0 0.0 0.606951871657754
6 6 disc 0.0 0.0 0.713903743315508
6 7 inner 0.0 0.0 0.696078431372549
6 7 outer 0.0 0.0 0.67825311942959
7 7 disc 0.0 0.0 0.785204991087344
7 8 inner 0.0 0.0 0.731729055258467
7 8 outer 0.0 0.0 0.696078431372549
8 8 disc 0.0 0.0 0.803030303030303
8 9 inner 0.0 0.0 0.767379679144385
8 9 outer 0.0 0.0 0.767379679144385
9 9 disc 0.0 0.0 0.803030303030303
9 10 inner 0.0 0.0 0.749554367201426
9 10 outer 0.0 0.0 0.767379679144385
10 10 disc 0.0 0.0 0.820855614973262
10 11 inner 0.0 0.0 0.660427807486631
10 11 outer 0.0 0.0 0.5
11 11 disc 0.0 0.7392156862745098 1.0
11 12 inner 0.0 0.5666666666666667 1.0
11 12 outer 0.0 0.4725490196078431 1.0
12 12 disc 0.0 0.8803921568627451 0.9835547122074637
12 13 inner 0.0 0.66078431372549 1.0
12 13 outer 0.0 0.5352941176470586 1.0
13 13 disc 0.12333965844402275 1.0 0.8444022770398483
13 14 inner 0.0 0.8490196078431372 1.0
13 14 outer 0.0 0.7235294117647059 1.0
14 14 disc 0.2877925363693864 1.0 0.6799493991144845
14 15 inner 0.08538899430740036 1.0 0.8823529411764706
14 15 outer 0.009487666034155417 0.9117647058823527 0.9582542694497156
15 15 disc 0.4142947501581275 1.0 0.5534471853257434
15 16 inner 0.12333965844402275 1.0 0.8444022770398483
15 16 outer 0.03478810879190385 0.9431372549019608 0.9329538266919671
16 16 disc 0.5787476280834913 1.0 0.38899430740037955
16 17 inner 0.2245414294750158 1.0 0.7432005060088551
16 17 outer 0.04743833017077798 0.9588235294117647 0.920303605313093
17 17 disc 0.8191018342820998 1.0 0.14864010120177107
17 18 inner 0.6293485135989879 1.0 0.338393421884883
17 18 outer 0.5028462998102466 1.0 0.46489563567362435
18 18 disc 0.9203036053130929 1.0 0.04743833017077803
18 19 inner 0.831752055660974 1.0 0.1359898798228969
18 19 outer 0.7685009487666034 1.0 0.19924098671726753
19 19 disc 1.0 0.8140885984023241 0.0
19 20 inner 0.7938013915243516 1.0 0.1739405439595193
19 20 outer 0.7052498418722326 1.0 0.26249209361163817
20 20 disc 1.0 0.741466957153232 0.0
20 21 inner 1.0 0.8286129266521426 0.0
20 21 outer 0.9835547122074635 0.9448075526506902 0.0
21 21 disc 1.0 0.6833696441539581 0.0
21 22 inner 0.8823529411764705 1.0 0.08538899430740043
21 22 outer 1.0 0.8867102396514164 0.0
22 22 disc 1.0 0.6978939724037765 0.0
22 23 inner 1.0 0.9157588961510532 0.0
22 23 outer 0.831752055660974 1.0 0.1359898798228969
23 23 disc 1.0 0.4945533769063183 0.0
23 24 inner 0.932953826691967 1.0 0.03478810879190386
23 24 outer 0.4901960784313725 1.0 0.4775458570524984
24 24 disc 0.8743315508021392 0.0 0.0
24 25 inner 0.0 0.0 0.5
