0 0 disc 0.0 0.0 0.5
0 1 inner 0.0 0.0 0.5
0 1 outer 0.0 0.0 0.5
1 1 disc 0.0 0.0 0.5
1 2 inner 0.0 0.0 0.5
1 2 outer 0.0 0.0 0.5
2 2 disc 0.0 0.0 0.571301247771836
2 3 inner 0.0 0.0 0.571301247771836
2 3 outer 0.0 0.0 0.517825311942959
3 3 disc 0.0 0.03333333333333333 1.0
3 4 inner 0.0 0.0 1.0
3 4 outer 0.0 0.0 0.767379679144385
4 4 disc 0.0 0.8803921568627451 0.9835547122074637
4 5 inner 0.0 0.7862745098039213 1.0
4 5 outer 0.0 0.3627450980392157 1.0
5 5 disc 0.6672991777356103 1.0 0.30044275774826057
5 6 inner 0.5660974067046173 1.0 0.4016445287792536
5 6 outer 0.17394054395951927 1.0 0.7938013915243517
6 6 disc 1.0 0.34931009440813376 0.0
6 7 inner 1.0 0.6978939724037765 0.0
6 7 outer 1.0 0.8576615831517794 0.0
7 7 disc 0.589126559714795 0.0 0.0
7 8 inner 0.0 0.0 0.5
