0 0 disc 0.0 0.5823529411764706 1.0
0 1 inner 0.0 0.692156862745098 1.0
0 1 outer 0.0 0.7862745098039213 1.0
1 1 disc 0.0 0.6294117647058823 1.0
1 2 inner 0.0 0.707843137254902 1.0
1 2 outer 0.0 0.8176470588235294 1.0
2 2 disc 0.0 0.66078431372549 1.0
2 3 inner 0.0 0.7392156862745098 1.0
2 3 outer 0.0 0.8803921568627451 0.9835547122074637
3 3 disc 0.0 0.692156862745098 1.0
3 4 inner 0.0 0.7549019607843137 1.0
3 4 outer 0.0 0.8803921568627451 0.9835547122074637
4 4 disc 0.0 0.692156862745098 1.0
4 5 inner 0.0 0.7392156862745098 1.0
4 5 outer 0.0 0.8803921568627451 0.9835547122074637
5 5 disc 0.0 0.707843137254902 1.0
5 6 inner 0.0 0.7549019607843137 1.0
5 6 outer 0.0 0.8960784313725491 0.9709044908285895
6 6 disc 0.0 0.7235294117647059 1.0
6 7 inner 0.0 0.8019607843137255 1.0
6 7 outer 0.022137887413029723 0.9274509803921569 0.9456040480708413
7 7 disc 0.0 0.7705882352941177 1.0
7 8 inner 0.0 0.8333333333333334 1.0
7 8 outer 0.04743833017077798 0.9588235294117647 0.920303605313093
8 8 disc 0.0 0.7549019607843137 1.0
8 9 inner 0.0 0.8647058823529412 0.9962049335863378
8 9 outer 0.07273877292852624 0.9901960784313726 0.8950031625553447
9 9 disc 0.0 0.7862745098039213 1.0
9 10 inner 0.0 0.8647058823529412 0.9962049335863378
9 10 outer 0.08538899430740036 1.0 0.8823529411764706
10 10 disc 0.0 0.8176470588235294 1.0
10 11 inner 0.0 0.8647058823529412 0.9962049335863378
10 11 outer 0.08538899430740036 1.0 0.8823529411764706
11 11 disc 0.0 0.8176470588235294 1.0
11 12 inner 0.0 0.8803921568627451 0.9835547122074637
11 12 outer 0.0980392156862745 1.0 0.8697027197975965
12 12 disc 0.0 0.8176470588235294 1.0
12 13 inner 0.009487666034155417 0.9117647058823527 0.9582542694497156
12 13 outer 0.0980392156862745 1.0 0.8697027197975965
13 13 disc 0.0 0.8333333333333334 1.0
13 14 inner 0.03478810879190385 0.9431372549019608 0.9329538266919671
13 14 outer 0.12333965844402275 1.0 0.8444022770398483
14 14 disc 0.0 0.8019607843137255 1.0
14 15 inner 0.04743833017077798 0.9588235294117647 0.920303605313093
14 15 outer 0.148640101201771 1.0 0.8191018342820999
15 15 disc 0.0 0.8176470588235294 1.0
15 16 inner 0.04743833017077798 0.9588235294117647 0.920303605313093
15 16 outer 0.16129032258064513 1.0 0.8064516129032259
16 16 disc 0.0 0.8647058823529412 0.9962049335863378
16 17 inner 0.04743833017077798 0.9588235294117647 0.920303605313093
16 17 outer 0.148640101201771 1.0 0.8191018342820999
17 17 disc 0.0 0.8490196078431372 1.0
17 18 inner 0.04743833017077798 0.9588235294117647 0.920303605313093
17 18 outer 0.12333965844402275 1.0 0.8444022770398483
18 18 disc 0.0 0.8647058823529412 0.9962049335863378
18 19 inner 0.03478810879190385 0.9431372549019608 0.9329538266919671
18 19 outer 0.12333965844402275 1.0 0.8444022770398483
19 19 disc 0.0 0.8176470588235294 1.0
19 20 inner 0.03478810879190385 0.9431372549019608 0.9329538266919671
19 20 outer 0.13598987982289687 1.0 0.8317520556609741
20 20 disc 0.0 0.8647058823529412 0.9962049335863378
20 21 inner 0.022137887413029723 0.9274509803921569 0.9456040480708413
20 21 outer 0.12333965844402275 1.0 0.8444022770398483
21 21 disc 0.0 0.8333333333333334 1.0
21 22 inner 0.0 0.8960784313725491 0.9709044908285895
21 22 outer 0.0980392156862745 1.0 0.8697027197975965
22 22 disc 0.0 0.8490196078431372 1.0
22 23 inner 0.022137887413029723 0.9274509803921569 0.9456040480708413
22 23 outer 0.11068943706514844 1.0 0.8570524984187226
23 23 disc 0.0 0.8333333333333334 1.0
23 24 inner 0.0 0.8960784313725491 0.9709044908285895
23 24 outer 0.12333965844402275 1.0 0.8444022770398483
24 24 disc 0.0 0.8647058823529412 0.9962049335863378
24 25 inner 0.022137887413029723 0.9274509803921569 0.9456040480708413
24 25 outer 0.0980392156862745 1.0 0.8697027197975965
25 25 disc 0.0 0.8333333333333334 1.0
25 26 inner 0.04743833017077798 0.9588235294117647 0.920303605313093
25 26 outer 0.11068943706514844 1.0 0.8570524984187226
26 26 disc 0.0 0.8960784313725491 0.9709044908285895
26 27 inner 0.03478810879190385 0.9431372549019608 0.9329538266919671
26 27 outer 0.13598987982289687 1.0 0.8317520556609741
27 27 disc 0.0 0.8647058823529412 0.9962049335863378
27 28 inner 0.03478810879190385 0.9431372549019608 0.9329538266919671
27 28 outer 0.13598987982289687 1.0 0.8317520556609741
28 28 disc 0.0 0.8803921568627451 0.9835547122074637
28 29 inner 0.0980392156862745 1.0 0.8697027197975965
28 29 outer 0.148640101201771 1.0 0.8191018342820999
29 29 disc 0.08538899430740036 1.0 0.8823529411764706
29 30 inner 0.07273877292852624 0.9901960784313726 0.8950031625553447
29 30 outer 0.13598987982289687 1.0 0.8317520556609741
30 30 disc 0.0 0.8647058823529412 0.9962049335863378
30 31 inner 0.04743833017077798 0.9588235294117647 0.920303605313093
30 31 outer 0.148640101201771 1.0 0.8191018342820999
31 31 disc 0.0 0.8960784313725491 0.9709044908285895
31 32 inner 0.009487666034155417 0.9117647058823527 0.9582542694497156
31 32 outer 0.0980392156862745 1.0 0.8697027197975965
32 32 disc 0.0 0.8176470588235294 1.0
32 33 inner 0.0 0.8960784313725491 0.9709044908285895
32 33 outer 0.11068943706514844 1.0 0.8570524984187226
33 33 disc 0.0 0.8490196078431372 1.0
33 34 inner 0.0 0.8960784313725491 0.9709044908285895
33 34 outer 0.11068943706514844 1.0 0.8570524984187226
34 34 disc 0.0 0.8803921568627451 0.9835547122074637
34 35 inner 0.009487666034155417 0.9117647058823527 0.9582542694497156
34 35 outer 0.0980392156862745 1.0 0.8697027197975965
35 35 disc 0.0 0.8176470588235294 1.0
35 36 inner 0.0 0.8803921568627451 0.9835547122074637
35 36 outer 0.08538899430740036 1.0 0.8823529411764706
36 36 disc 0.0 0.8333333333333334 1.0
36 37 inner 0.0 0.8647058823529412 0.9962049335863378
36 37 outer 0.07273877292852624 0.9901960784313726 0.8950031625553447
37 37 disc 0.0 0.8176470588235294 1.0
37 38 inner 0.0 0.8647058823529412 0.9962049335863378
37 38 outer 0.04743833017077798 0.9588235294117647 0.920303605313093
38 38 disc 0.0 0.7705882352941177 1.0
38 39 inner 0.009487666034155417 0.9117647058823527 0.9582542694497156
38 39 outer 0.04743833017077798 0.9588235294117647 0.920303605313093
39 39 disc 0.0 0.8960784313725491 0.9709044908285895
39 40 inner 0.0 0.0 0.5
