0 0 disc 0.0 0.0 0.535650623885918
0 1 inner 0.0 0.0 0.571301247771836
0 1 outer 0.0 0.0 0.589126559714795
1 1 disc 0.0 0.0 0.571301247771836
1 2 inner 0.0 0.0 0.624777183600713
1 2 outer 0.0 0.0 0.624777183600713
2 2 disc 0.0 0.0 0.642602495543672
2 3 inner 0.0 0.0 0.696078431372549
2 3 outer 0.0 0.0 0.642602495543672
3 3 disc 0.0 0.0 0.660427807486631
3 4 inner 0.0 0.0 0.767379679144385
3 4 outer 0.0 0.0 0.660427807486631
4 4 disc 0.0 0.0 0.820855614973262
4 5 inner 0.0 0.0 0.553475935828877
4 5 outer 0.0 0.0 0.642602495543672
5 5 disc 0.0 0.0 0.553475935828877
5 6 inner 0.0 0.0 0.5
5 6 outer 0.0 0.0 0.5
6 6 disc 0.0 0.0 0.5
6 7 inner 0.5 0.0 0.0
6 7 outer 0.5 0.0 0.0
7 7 disc 0.0 0.0 0.5
7 8 inner 0.5 0.0 0.0
7 8 outer 0.5 0.0 0.0
8 8 disc 0.0 0.0 0.5
8 9 inner 0.5 0.0 0.0
8 9 outer 0.5 0.0 0.0
9 9 disc 0.5 0.0 0.0
9 10 inner 0.0 0.0 0.5
