wavemap_5_2_1 8.266786540694902 0.0 90.0 7.993950653781521 148 710.0 42 1 6
30 38 40 41 41 41 42
wavemap_9_0_2 -26.84435659786098 18.57757005716608 225.0 8.066984356613386 71 487.0 15 2 3
3 9 12 14 15
wavemap_2_2_3 -37.72822681768738 -8.613071317013251 286.2963151599803 8.238169706949868 308 392.0 14 1 4
12 13 13 13 14
wavemap_4_35_1 -20.756755017411205 -32.13787715878233 338.76203133230786 7.627995806201771 22 49.0 3 1 2
2 2 3
wavemap_6_3_9 8.00880866763124 -34.170980384254435 385.4684017365713 8.174246309185854 14 27.0 2 1 1
1 2
wavemap_1_207_16 29.676727826919944 -15.317232697038108 428.0168026047548 8.20284318341342 11 10.0 2 1 1
1 2
wavemap_1_40_2 33.49472406805212 13.066009290596146 467.37344277180426 6.897350729336463 3 2.0 1 0 0
1
