0 0 5.129283016944966 ground
1 0.07352766425676796 6.539158811108031 inner
1 0.07352766425676796 7.994353436858858 outer
1 0.07352766425676796 4.0 ground
2 0.15822424124562773 5.672425341971495 inner
2 0.15822424124562773 6.894817763307944 outer
2 0.15822424124562773 3.321928094887362 ground
3 0.25521281731871437 5.129283016944966 inner
3 0.25521281731871437 7.159871336778389 outer
3 0.25521281731871437 2.807354922057604 ground
4 0.3676347300969174 5.0 inner
4 0.3676347300969174 7.108524456778169 outer
4 0.3676347300969174 3.4594316186372973 ground
5 0.47211286970933236 5.129283016944966 inner
5 0.47211286970933236 6.6865005271832185 outer
5 0.47211286970933236 2.321928094887362 ground
6 0.6107132603640892 4.087462841250339 inner
6 0.6107132603640892 5.78135971352466 outer
6 0.6107132603640892 2.584962500721156 ground
7 0.7425109779478692 4.584962500721156 inner
7 0.7425109779478692 7.614709844115208 outer
7 0.7425109779478692 2.807354922057604 ground
8 0.8692103501923136 4.700439718141093 inner
8 0.8692103501923136 7.7414669864011465 outer
8 0.8692103501923136 2.321928094887362 ground
9 0.9984189113074757 4.169925001442312 inner
9 0.9984189113074757 5.614709844115208 outer
9 0.9984189113074757 2.0 ground
10 1.1563716313029413 4.459431618637297 inner
10 1.1563716313029413 7.20945336562895 outer
10 1.1563716313029413 2.807354922057604 ground
11 1.3306359221715176 3.700439718141092 inner
11 1.3306359221715176 8.011227255423254 outer
