0 0 ground 0.0 0.1588235294117647 1.0
0 1 inner 0.0980392156862745 1.0 0.8697027197975965 18
0 0 ceil 0.2245414294750158 1.0 0.7432005060088551
0 1 outer 0.0 0.8333333333333334 1.0
0 1 next 0.0 0.7862745098039213 1.0
1 1 ground 0.0 0.34705882352941175 1.0
1 2 inner 0.19924098671726753 1.0 0.7685009487666035 17
1 1 ceil 0.2877925363693864 1.0 0.6799493991144845
1 2 outer 0.2245414294750158 1.0 0.7432005060088551
1 2 next 0.0 0.8647058823529412 0.9962049335863378
2 2 ground 0.0 0.3784313725490196 1.0
2 3 inner 0.5028462998102466 1.0 0.46489563567362435 10
2 2 ceil 0.6546489563567361 1.0 0.31309297912713474
2 3 outer 0.38899430740037944 1.0 0.5787476280834916
2 3 next 0.0980392156862745 1.0 0.8697027197975965
3 3 ground 0.45224541429475007 1.0 0.5154965211891208
3 4 inner 0.4142947501581275 1.0 0.5534471853257434 20
3 3 ceil 0.3763440860215053 1.0 0.5913978494623656
3 4 outer 0.2751423149905123 1.0 0.6925996204933587
3 4 next 0.08538899430740036 1.0 0.8823529411764706
4 4 ground 0.641998734977862 1.0 0.3257432005060089
4 5 inner 0.6040480708412397 1.0 0.3636938646426312 112
4 4 ceil 0.0 0.0 0.5
4 5 outer 0.0 0.0 0.999108734402852
