0 0 3.169925001442312 ground
1 0.10830074574638938 5.247927513443585 inner
1 0.10830074574638938 7.076815597050831 outer
1 0.10830074574638938 2.807354922057604 ground
2 0.2244960288938886 5.169925001442312 inner
2 0.2244960288938886 6.523561956057013 outer
2 0.2244960288938886 2.584962500721156 ground
3 0.3526359229492978 4.700439718141093 inner
3 0.3526359229492978 5.977279923499917 outer
3 0.3526359229492978 2.584962500721156 ground
4 0.4829984948751411 4.906890595608519 inner
4 0.4829984948751411 6.658211482751795 outer
4 0.4829984948751411 3.0 ground
5 0.636646746972517 5.044394119358453 inner
5 0.636646746972517 8.971543553950772 outer
