0 0 ground 0.0 0.0 1.0
0 1 inner 0.0 0.0 0.999108734402852 83
0 0 ceil 0.0 0.0 0.85650623885918
0 1 outer 0.0 0.0 0.85650623885918
0 1 next 0.0 0.0 0.820855614973262
1 1 ground 0.0 0.0 0.874331550802139
1 2 inner 0.0 0.20588235294117635 1.0 18
1 1 ceil 0.0 0.3156862745098039 1.0
1 2 outer 0.0 0.2372549019607843 1.0
1 2 next 0.0 0.2529411764705882 1.0
2 2 ground 0.0 0.0 0.5
2 3 inner 0.0 0.503921568627451 1.0 16
2 2 ceil 0.0 0.707843137254902 1.0
2 3 outer 0.0 0.66078431372549 1.0
2 3 next 0.0 0.20588235294117635 1.0
3 3 ground 0.19924098671726753 1.0 0.7685009487666035
3 4 inner 0.0 0.7235294117647059 1.0 22
3 3 ceil 0.0 0.4725490196078431 1.0
3 4 outer 0.0 0.6764705882352942 1.0
3 4 next 0.0 0.2372549019607843 1.0
4 4 ground 0.0 0.6764705882352942 1.0
4 5 inner 0.0 0.5823529411764706 1.0 21
4 4 ceil 0.0 0.42549019607843136 1.0
4 5 outer 0.0 0.42549019607843136 1.0
4 5 next 0.0 0.2372549019607843 1.0
5 5 ground 0.5028462998102466 1.0 0.46489563567362435
5 6 inner 0.3510436432637571 1.0 0.6166982922201139 8
5 5 ceil 0.3130929791271345 1.0 0.6546489563567364
5 6 outer 0.42694497153700184 1.0 0.540796963946869
5 6 next 0.0 0.8176470588235294 1.0
6 6 ground 0.7179000632511068 1.0 0.2498418722327641
6 7 inner 0.12333965844402275 1.0 0.8444022770398483 25
6 6 ceil 0.0 0.3156862745098039 1.0
6 7 outer 0.0 0.7549019607843137 1.0
6 7 next 0.0 0.09607843137254903 1.0
7 7 ground 0.5281467425679949 1.0 0.439595192915876
7 8 inner 0.04743833017077798 0.9588235294117647 0.920303605313093 33
7 7 ceil 0.0 0.28431372549019607 1.0
7 8 outer 0.0 0.5823529411764706 1.0
7 8 next 0.0 0.34705882352941175 1.0
8 8 ground 0.0 0.0 0.5
8 9 inner 0.26249209361163817 1.0 0.7052498418722328 6
8 8 ceil 0.47754585705249836 1.0 0.4901960784313726
8 9 outer 0.4901960784313725 1.0 0.4775458570524984
8 9 next 0.12333965844402275 1.0 0.8444022770398483
9 9 ground 0.9456040480708408 0.9883805374001459 0.022137887413030133
9 10 inner 0.3130929791271345 1.0 0.6546489563567364 21
9 9 ceil 0.0 0.22156862745098038 1.0
9 10 outer 0.0 0.5352941176470586 1.0
9 10 next 0.0 0.3156862745098039 1.0
10 10 ground 0.730550284629981 1.0 0.23719165085388993
10 11 inner 0.6672991777356103 1.0 0.30044275774826057 40
10 10 ceil 0.0 0.0 0.5
10 11 outer 0.0 0.28431372549019607 1.0
