wavemap_2070_11400_1 17.17444785104712 0.0 90.0 16.826292244541058 11159 17594261.0 79 2 3 1 1
15 38 68 77 79
wavemap_1246_11398_1 -55.769796427587636 38.59534857654052 225.0 16.84366572260033 18297 18175592.0 61 2 3 1 1
9 40 49 56 61
wavemap_414_11398_1 -78.38129856179665 -17.893862801852308 286.2963151599803 16.883915104132093 39985 13926713.0 82 2 3 1 1
10 53 67 77 82
wavemap_3114_11398_1 -43.12265773993523 -66.76721269985384 338.76203133230786 16.811627742225287 5524 11727864.0 57 2 3 1 1
11 34 49 53 57
wavemap_757_11398_1 16.638492615497576 -70.99103354605307 385.4684017365713 16.841366148666836 18044 10623566.0 62 2 3 1 1
9 39 53 58 62
wavemap_527_11398_1 61.654115773299225 -31.821919301126847 428.0168026047548 16.84632029661586 18539 7521314.0 80 2 3 1 1
7 45 70 75 80
wavemap_283_11398_1 69.58609478546164 27.144948533263765 467.37344277180426 16.91234558473122 51433 11917662.0 130 3 4 1 1
1 16 72 112 122 129 130
wavemap_185_11398_1 39.2615388021247 78.1825666190637 504.17641321490566 16.899398158860542 61354 9771973.0 282 2 3 1 1
42 151 245 268 282
wavemap_84_11398_1 -15.177584602258936 101.60442846592113 538.874093275866 16.919096830963387 65894 4896921.0 84 3 2 1 1
4 13 41 69 84
wavemap_47_11398_1 -73.31996205920765 90.56679684523702 571.7962166706645 16.947482217425655 75533 2949516.0 60 3 2 1 1
2 12 24 50 60
wavemap_101_11400_1 -116.48174648584047 50.17706114824401 603.1938707090582 16.871137598887262 17493 1558138.0 100 3 2 1 1
3 14 53 81 100
wavemap_26_11399_1 -132.75739725328697 -6.590821733533493 633.2636109057803 16.96510818724646 85715 1898463.0 204 3 3 1 1
7 37 99 172 203 204
wavemap_12_11399_1 -118.84545883497879 -63.93349854294807 662.1627988280202 16.984804805649894 83190 864103.0 282 3 3 1 1
9 48 126 231 279 282
wavemap_27_11403_1 -79.27580652192259 -107.64854321052596 690.0197863160004 16.812284465087057 3244 57616.0 18 2 3 1 1
4 8 15 17 18
wavemap_6_11398_1 -24.02189258584073 -128.1290344506378 716.9409211341244 16.995993144156056 49679 225399.0 59 3 3 1 1
4 10 28 53 58 59
wavemap_4_11398_1 34.52089523539949 -121.69498794169482 743.0155109812833 17.02515074888033 60509 179714.0 71 3 3 1 1
3 15 27 65 70 71
wavemap_2_11398_1 84.40816573968402 -90.44502968179538 768.3194305810374 17.05941206794563 79254 127182.0 63 2 3 1 1
12 34 51 61 63
wavemap_123_11670_1 116.36157232644263 -41.03563583152448 792.9178002646232 16.65161292435233 294 22092.0 3 2 1 1 1
1 1 3
wavemap_119_11833_1 125.08598090549546 17.13230598895151 816.8670129962097 16.70037472260182 329 25797.0 2 1 1 1 1
1 2
wavemap_105_12960_1 109.66955531092698 73.87327236381152 840.2162940172764 16.62130382919061 201 11177.0 2 1 2 1 1
1 1 2
wavemap_88_15399_1 73.20181985111756 119.97220843628861 863.0089186655882 16.566366259204283 186 9280.0 3 2 2 1 1
1 1 2 3
wavemap_87_13668_1 21.831719772400724 148.5049956984466 885.2831758560422 16.542067514793494 182 9114.0 3 1 2 1 1
2 2 3
wavemap_76_12776_1 -36.483197597296595 155.61465865977155 907.0731393841899 16.655657392961913 317 13373.0 2 1 2 1 1
1 1 2
wavemap_62_12456_1 -93.29988879800042 140.73649979858044 928.4092919963374 16.68849485117757 649 22812.0 3 2 1 1 1
1 1 3
wavemap_60_12370_1 -140.89153241544494 106.3419898610039 949.3190352372642 16.66362358761479 428 15716.0 3 2 1 1 1
1 1 3
wavemap_58_14346_1 -173.19158508065257 57.3193309765946 969.8271096702055 16.640900249294635 282 10375.0 2 1 1 1 1
1 2
wavemap_57_15545_1 -186.40448861837942 0.13012467382408158 989.9559440326466 16.602122233243445 327 11216.0 5 2 1 1 1
1 2 5
wavemap_54_11993_1 -179.26290092589855 -58.11889737560781 1009.7259475066737 16.659250334070705 433 13386.0 4 2 2 1 1
1 2 3 4
wavemap_53_12597_1 -152.956659054964 -110.56678363235919 1029.1557560522424 16.707427287227233 753 23111.0 9 2 2 1 1
3 5 7 9
wavemap_52_13154_1 -110.79124278058202 -151.35649372890398 1048.2624413426627 16.67773818867778 462 13794.0 2 2 1 1 1
1 1 2
wavemap_50_12860_1 -57.65284248309071 -176.19648193584823 1067.0616890247657 16.678230967195507 608 17406.0 3 2 1 1 1
1 1 3
wavemap_48_13096_1 0.635679576247572 -182.6939044301384 1085.567951641698 16.643452669006898 507 13698.0 7 2 2 1 1
1 2 6 7
wavemap_41_13114_1 57.9865662135242 -170.4564966949641 1103.794580490985 16.678806580472557 550 12726.0 3 2 2 1 1
1 1 2 3
wavemap_38_15906_1 108.67580097381772 -140.98377520879234 1121.7539398634349 16.66320964112829 415 10154.0 2 1 1 1 1
1 2
wavemap_36_12116_1 147.8731291503751 -97.3854050507472 1139.4575064609444 16.713438310284694 828 17293.0 3 2 2 1 1
1 1 2 3
wavemap_35_13487_1 172.03583033815352 -43.97506801870281 1156.91595628032 16.72840007683326 883 19320.0 3 2 2 1 1
1 1 2 3
wavemap_34_11472_1 179.14674850343948 14.207632690141438 1174.1392408440975 16.759061921420503 1336 27879.0 5 2 2 1 1
1 3 4 5
wavemap_33_11491_1 168.79384584459723 71.89591132785225 1191.1366543342917 16.729711095937787 979 20177.0 5 2 2 1 1
1 2 4 5
wavemap_32_11773_1 142.10273578545082 124.06934223049544 1207.9168929231173 16.7526431448118 1218 23806.0 3 2 2 1 1
1 1 2 3
wavemap_31_12735_1 101.54454917430435 166.36484197159635 1224.488107382477 16.72147626096983 923 17653.0 3 2 2 1 1
1 1 2 3
wavemap_30_12673_1 50.64879906448333 195.39794539197362 1240.8579498809593 16.754604448684702 1249 23028.0 3 2 2 1 1
1 1 2 3
wavemap_29_11432_1 -6.3453136681462095 208.97805332333547 1257.0336157352444 16.78009410935687 1844 34143.0 9 2 2 1 1
1 5 7 9
wavemap_28_12051_1 -64.86514791532039 206.21179811849765 1273.0218807659344 16.75698660891083 1456 25609.0 6 2 2 1 1
1 4 5 6
wavemap_25_13621_1 -120.37656007677681 187.49803984577628 1288.8291348110338 16.69851076311493 698 11462.0 2 2 1 1 1
1 1 2
wavemap_23_11453_1 -168.7239039064117 154.4257493747342 1304.461411869805 16.716687996641642 835 13126.0 3 2 2 1 1
1 1 2 3
wavemap_21_15422_1 -206.41613680879811 109.59184921662236 1319.9244172824212 16.67719384478569 659 9377.0 3 2 2 1 1
1 1 2 3
wavemap_19_11969_1 -230.84354708586397 56.359858108598964 1335.2235522943986 16.68628498764683 837 9793.0 3 2 2 1 1
1 1 2 3
wavemap_18_13639_1 -240.4163022360866 -1.4180260651857455 1350.3639363071964 16.684578720212446 821 9371.0 4 2 2 1 1
1 2 3 4
wavemap_16_11696_1 -234.62242357088132 -59.692787101675464 1365.3504270761491 16.764241020045922 2039 20182.0 9 2 2 1 1
3 4 7 9
wavemap_15_11645_1 -214.0085248245562 -114.50332634229879 1380.1876390827272 16.766237688048793 2129 20010.0 10 2 2 1 1
1 5 8 10
wavemap_14_11452_1 -180.09143008784125 -162.23575751838646 1394.8799602790177 16.808503424018564 3408 29949.0 17 2 3 1 1
2 10 14 16 17
wavemap_13_11413_1 -135.21243576294134 -199.842547049579 1409.431567377444 16.82580045371864 4414 36189.0 18 2 3 1 1
2 10 15 17 18
wavemap_7_11427_1 -82.34842887659586 -225.0108875444103 1423.8464398373967 16.837789825100682 5100 22598.0 12 2 3 1 1
1 6 10 11 12
wavemap_98_26309_1 -24.895333597281482 -236.27396526203847 1438.128372682108 16.466128229305514 100 4949.0 2 2 1 1 1
1 1 2
wavemap_86_11457_1 33.56048607901437 -233.06294008441228 1452.2809882632484 16.536971127863072 160 7567.0 3 2 2 1 1
1 2 2 3
wavemap_66_12168_1 89.46804813150679 -215.70126279530845 1466.3077470770304 16.546378588301927 135 4554.0 1 0 0 1 1
1
wavemap_61_22253_1 139.5215775074862 -185.34622906840977 1480.2119577237106 16.60005171022942 172 7208.0 2 1 1 1 1
1 2
wavemap_56_16757_1 180.8433047557969 -143.88528995611375 1493.9967860920335 16.592432663402295 214 6810.0 2 1 1 1 1
1 2
wavemap_55_19925_1 211.1307926181844 -93.79653755547128 1507.6652638411367 16.459870851574674 113 3598.0 3 1 2 1 1
2 2 3
wavemap_51_12333_1 228.76312574611492 -37.98394493776533 1521.2202962445533 16.575218677267713 215 6500.0 3 2 1 1 1
1 1 3
wavemap_46_11766_1 232.86309769821187 20.40161219363308 1534.6646694540198 16.481190897668018 92 2175.0 2 1 2 1 1
1 1 2
wavemap_44_13605_4 223.3151912180076 78.14472655900487 1548.001057234737 17.008457994999418 105 2766.0 2 1 1 4 1
1 2
wavemap_43_15193_3 200.74154557507129 132.14116130630342 1561.2320272183674 16.955289604798192 110 2882.0 2 1 1 3 1
1 2
wavemap_42_13359_2 166.44014242456313 179.55804047096626 1574.3600467153508 16.88771650386573 264 5877.0 2 1 2 2 1
1 1 2
wavemap_41_18714_2 122.2910545102873 217.97124392197645 1587.3874881239287 16.86436627393292 135 3896.0 2 1 2 2 1
1 1 2
wavemap_40_13169_1 70.63775507638894 245.474501928934 1600.316633969587 16.581342767856388 205 5046.0 2 1 1 1 1
1 2
wavemap_39_19938_4 14.151173162670695 260.7565694130366 1613.1496816053414 17.015553292309384 170 3648.0 3 2 1 4 1
1 1 3
wavemap_38_12209_4 -44.31558175420852 263.1447450235632 1625.8887476003629 17.022776933986027 184 4146.0 2 1 1 4 1
1 2
wavemap_37_12382_5 -101.87407589908503 252.61479276126875 1638.5358718418595 17.05152019386061 228 4523.0 3 2 1 5 1
1 1 3
wavemap_36_21761_1 -155.74177112402447 229.76894704235687 1651.093021372792 16.502436037935194 108 2592.0 1 0 0 1 1
1
wavemap_35_12023_1 -203.37122037064273 195.7850762574812 1663.562093985941 16.569197322914555 202 4731.0 3 2 2 1 1
1 1 2 3
wavemap_25_14661_1 -242.56190514715485 152.34120325122325 1675.9449215929772 16.46511830220637 95 1753.0 2 1 2 1 1
1 1 2
wavemap_24_14573_4 -271.55058999035623 101.52040939444643 1688.2432733855273 17.033860773448616 275 4929.0 2 1 1 4 1
1 2
wavemap_22_12709_2 -289.07736017103457 45.701674028369574 1700.4588588037263 16.87352088911546 261 3419.0 2 1 2 2 1
1 1 2
wavemap_21_18831_3 -294.42581632467807 -12.557570379582822 1712.5933303264026 16.961086352575993 183 2549.0 2 1 2 3 1
1 1 2
wavemap_20_14551_2 -287.437163326779 -70.6414359266009 1724.6482860958336 16.84364578279537 172 2276.0 3 2 2 2 1
1 1 2 3
wavemap_17_11711_1 -268.4990992088565 -125.99269553513938 1736.6252723889056 16.64796367328181 543 6212.0 3 2 2 1 1
1 1 2 3
wavemap_8_11589_3 -238.51144159015732 -176.22209213625595 1748.5257859455323 17.023979930620854 1530 7782.0 7 2 2 3 1
1 4 6 7
wavemap_3_11465_1 -198.83129269609853 -219.20559330855102 1760.3512761642853 16.777850617632332 3287 6491.0 10 2 3 1 1
1 6 8 9 10
wavemap_33_15761_2 -151.20121871144744 -253.16614699166348 1772.1031471743843 16.79644443502829 73 1320.0 1 0 0 2 1
1
wavemap_32_28604_1 -97.66439423201578 -276.7373766996159 1783.782759792451 16.3846678784384 65 1137.0 2 1 2 1 1
1 1 2
wavemap_31_13438_1 -40.47093655996255 -289.0075733897382 1795.391433371776 16.375643413435476 64 1052.0 2 1 2 1 1
1 1 2
wavemap_29_15768_2 18.020265486418147 -289.5432550202859 1806.9304475512226 16.787371083528047 70 1232.0 3 2 2 2 1
1 1 2 3
wavemap_28_22977_2 75.44002360281532 -278.3924374002772 1818.40104391036 16.76549652771963 57 865.0 2 1 2 2 1
1 1 2
wavemap_27_20866_1 129.50367832829593 -256.0685600381764 1829.80442753689 16.350461580435212 59 864.0 1 0 0 1 1
1
wavemap_25_13048_7 178.09873510065387 -223.5167131087306 1841.1417685119948 17.066258275257784 71 1163.0 2 1 2 7 1
1 1 2
wavemap_24_12180_8 219.36226414849773 -182.06439742787248 1852.414203318795 17.08288597945816 80 1349.0 2 1 2 8 1
1 1 2
wavemap_23_15818_6 251.74560502020753 -133.3595058270229 1863.6228361787305 17.04466936912544 66 989.0 1 0 0 6 1
1
wavemap_22_14401_10 274.0645522275105 -79.29853505355993 1874.768740320328 17.099801995727212 101 1280.0 3 2 2 10 1
1 1 2 3
wavemap_21_17220_2 285.53385695020836 -21.94822152481573 1885.8529591844856 16.772856397296604 62 861.0 1 0 0 2 1
1
wavemap_20_26977_9 285.78553459615864 36.536153681527445 1896.8765075701224 17.093237317794173 84 1285.0 2 1 2 9 1
1 1 2
wavemap_19_13104_7 274.87109539821313 93.99261645340552 1907.8403727237549 17.06942646751484 98 1179.0 2 1 1 7 1
1 2
wavemap_18_11953_16 253.24839449848972 148.33151572682573 1918.7455153763271 17.128165927546082 101 1171.0 3 2 2 16 1
1 1 2 3
wavemap_17_15500_18 221.75431206461892 197.6089892038723 1929.59287073038 17.132471263387274 98 1116.0 3 2 2 19 1
1 1 2 3
wavemap_16_15115_6 181.56490969881244 240.0925191504332 1940.3833494004339 17.05429140708562 125 1281.0 2 1 1 6 1
1 2
wavemap_15_17327_6 134.145057472048 274.31663327435894 1951.11783830928 17.014253417240734 38 353.0 3 2 1 6 1
1 1 3
wavemap_14_55715_2 81.18978095105267 299.1272604581272 1961.7972015426662 16.676157479448708 33 291.0 2 2 1 2 1
1 1 2
wavemap_11_14846_10 24.559737879943597 313.7137272986091 1972.422281164727 17.0891499652312 58 520.0 2 1 1 10 1
0 1
wavemap_10_68576_10 -33.78669858272312 317.62786106012584 1982.9938979963363 17.10124645094081 111 1010.0 1 0 0 10 1
1
wavemap_9_15750_13 -91.86229428953406 310.79013125155575 1993.51285235842 17.117662368426906 176 970.0 3 2 2 13 1
1 1 2 3
wavemap_8_13103_6 -147.7183926183997 293.4832008979946 2003.979924782147 17.036217978382865 124 590.0 3 2 2 6 1
1 1 2 3
wavemap_7_12090_4 -199.50875744006035 266.3336571431419 2014.3958766877738 16.945539083687937 84 347.0 6 2 2 4 1
1 3 5 6
wavemap_5_15177_4 -245.54787562552028 230.2830389026733 2024.761451033828 16.986717808671788 197 712.0 2 1 1 4 1
1 2
wavemap_3_20114_2 -284.36205765051443 186.5495691819408 2035.0773729381986 16.771586187372822 216 460.0 4 1 2 2 1
3 3 4
wavemap_15_17754_2 -314.7319944380357 136.5822261670468 2045.344350272598 16.65709293809721 29 231.0 2 1 2 2 1
1 1 2
wavemap_14_14089_2 -335.72577150025813 82.00894753533974 2055.563074231788 16.640215327415294 29 210.0 1 0 0 2 1
1
wavemap_11_13052_26 -346.7216951955205 24.58085616431153 2065.73421987886 17.135205893150225 32 231.0 1 0 0 40 1
1
wavemap_10_15671_34 -347.4206386458833 -33.885575772866176 2075.8584466678 17.14454757449544 33 230.0 1 0 0 65 2
1
wavemap_9_13307_44 -337.8479556635499 -91.56653988201818 2085.9363989444655 17.151382711148884 42 227.0 2 1 1 77 1
0 1
wavemap_8_33206_48 -318.3453302175659 -146.68728606466715 2095.9687064270806 17.15332068794039 41 219.0 2 1 2 70 1
1 1 2
wavemap_7_20005_43 -289.55321824521354 -197.57524112957643 2105.955984667242 17.150962013186565 52 222.0 2 2 1 67 1
1 1 2
wavemap_5_21398_100 -252.38479121947347 -242.70837468527634 2115.898835492405 17.164405434587266 56 210.0 2 1 1 178 1
1 2
wavemap_3_15011_64 -207.99250167698654 -280.7575499714272 2125.797847430747 17.1596620152842 123 219.0 2 1 1 87 1
1 2
wavemap_2_121888_1 -157.7285563696713 -310.62183708593153 2135.653596119266 15.578475291132472 21 38.0 1 0 0 1 1
1
wavemap_1_61955_8 -103.10070090378001 -331.4560224693471 2145.466644695901 17.00007631979171 47 46.0 2 1 2 9 1
1 1 2
wavemap_7_40538_2 -45.72479027132566 -342.6898129499575 2155.237544176453 16.33200804833869 9 34.0 2 2 1 3 1
0 1 2
wavemap_5_16664_20 12.72435643053067 -344.0384969527005 2164.9668338170004 17.094356299282502 12 36.0 2 1 1 164 3
1 2
wavemap_4_21861_1 70.5623392796095 -335.5050820468129 2174.655041462501 14.54751382300496 5 10.0 1 0 0 2 2
1
wavemap_3_16079_87 126.1433824737029 -317.3741700260367 2184.3026838822116 17.156370891668328 15 36.0 1 0 0 820 8
1
wavemap_2_68866_10 177.90604278062003 -290.19805225149264 2193.9102670925304 17.009727904423244 17 30.0 1 0 0 75 1
1
wavemap_1_40663_167 224.41523318063506 -254.77570410106753 2203.4782866678347 17.16548305857358 37 36.0 1 0 0 1107 2
1
wavemap_2_15608_3 264.39952935304655 -212.12552417118428 2213.007228039858 16.039015415196896 4 5.0 2 1 1 70 3
1 2
wavemap_1_12174_12 296.7829028487 -163.45279855466865 2222.4975667861104 16.900490182650127 6 5.0 2 1 1 19732 112
1 2
