0 0 disc 0.7052498418722326 1.0 0.26249209361163817
0 1 inner 0.5660974067046173 1.0 0.4016445287792536 574
0 1 outer 0.9962049335863377 0.9302832244008717 0.0
1 1 disc 1.0 0.8867102396514164 0.0
1 2 inner 0.6040480708412397 1.0 0.3636938646426312 981
1 2 outer 0.9076533839342187 1.0 0.06008855154965209
2 2 disc 0.8570524984187222 1.0 0.11068943706514867
2 3 inner 0.6925996204933585 1.0 0.27514231499051234 566
2 3 outer 0.9709044908285893 0.9593318809005086 0.0
3 3 disc 0.6166982922201137 1.0 0.35104364326375714
3 4 inner 0.7938013915243516 1.0 0.1739405439595193 318
3 4 outer 1.0 0.8286129266521426 0.0
4 4 disc 0.9835547122074635 0.9448075526506902 0.0
4 5 inner 0.6925996204933585 1.0 0.27514231499051234 462
4 5 outer 1.0 0.9157588961510532 0.0
5 5 disc 0.9582542694497153 0.973856209150327 0.009487666034155628
5 6 inner 0.8570524984187222 1.0 0.11068943706514867 715
5 6 outer 0.932953826691967 1.0 0.03478810879190386
6 6 disc 1.0 0.9157588961510532 0.0
6 7 inner 0.0 0.0 0.5 132467
