0 0 12.930922097125269
1 0.02080103603907074 15.529155996236016
1 0.02080103603907074 11.815383295813538
2 0.04248730747113924 14.943934142835909
2 0.04248730747113924 11.326991174900817
3 0.0648585653218684 14.573588020637002
3 0.0648585653218684 11.040974598817305
4 0.08789558404512678 14.348797300150757
4 0.08789558404512678 10.913637428049103
5 0.11105503225072343 14.2294947953466
5 0.11105503225072343 10.809768128710413
6 0.13446212083337278 14.145136088281756
6 0.13446212083337278 10.740624044489413
7 0.15831805430179646 14.151095840529806
7 0.15831805430179646 10.85642552862553
8 0.18231785462033104 14.240120501875891
8 0.18231785462033104 10.92481250360578
9 0.20683395621309747 14.314512438893164
9 0.20683395621309747 11.044394119358454
10 0.23229449395670723 14.482303782323182
10 0.23229449395670723 11.1705510353167
11 0.2616476565508947 14.691198262336904
11 0.2616476565508947 11.519144787997414
12 0.2878496454299317 15.021890881877143
12 0.2878496454299317 10.075479149488016
13 0.3167752905542175 11.348728154231077
13 0.3167752905542175 7.714245517666122
14 0.3459139559468722 8.471675214392045
14 0.3459139559468722 4.857980995127572
15 0.39532530909376123 4.906890595608519
15 0.39532530909376123 3.700439718141092
16 0.5661519660730757 3.700439718141092
