0 0 6.321928094887363
1 0.023743898624873888 13.596888567027964
1 0.023743898624873888 6.169925001442312
2 0.04672637862093726 13.934151565163779
2 0.04672637862093726 5.954196310386875
3 0.06678640590814598 13.66277962161706
3 0.06678640590814598 5.614709844115208
4 0.08887582618724532 13.20212382383046
4 0.08887582618724532 5.285402218862249
5 0.11261435458936228 13.543152684414894
5 0.11261435458936228 5.129283016944966
6 0.16466009392036285 13.827541190172502
6 0.16466009392036285 5.930737337562887
7 0.23295603172644236 14.127833153010982
