0 0 disc 0.0 0.0 0.838680926916221
0 1 inner 0.0 0.0 0.731729055258467 234531
0 1 outer 0.0 0.0 0.517825311942959
1 1 disc 0.0 0.5980392156862745 1.0
1 2 inner 0.0 0.1588235294117647 1.0 18578
1 2 outer 0.0 0.0 0.785204991087344
2 2 disc 0.46489563567362424 1.0 0.5028462998102468
2 3 inner 0.009487666034155417 0.9117647058823527 0.9582542694497156 1765
2 3 outer 0.0 0.5196078431372549 1.0
3 3 disc 1.0 0.8576615831517794 0.0
3 4 inner 0.2751423149905123 1.0 0.6925996204933587 340
3 4 outer 0.0 0.5823529411764706 1.0
4 4 disc 0.6782531194295901 0.0 0.0
4 5 inner 0.0 0.0 0.5 16
