0 0 disc 0.4901960784313725 1.0 0.4775458570524984
0 1 inner 0.0980392156862745 1.0 0.8697027197975965 2799
0 1 outer 0.24984187223276405 1.0 0.717900063251107
1 1 disc 0.5660974067046173 1.0 0.4016445287792536
1 2 inner 0.21189120809614148 1.0 0.7558507273877295 1547
1 2 outer 0.3510436432637571 1.0 0.6166982922201139
2 2 disc 0.5154965211891207 1.0 0.4522454142947502
2 3 inner 0.30044275774826057 1.0 0.6672991777356103 1079
2 3 outer 0.42694497153700184 1.0 0.540796963946869
3 3 disc 1.0 0.6978939724037765 0.0
3 4 inner 0.3763440860215053 1.0 0.5913978494623656 1058
3 4 outer 0.43959519291587595 1.0 0.5281467425679949
4 4 disc 0.5913978494623655 1.0 0.3763440860215054
4 5 inner 0.4142947501581275 1.0 0.5534471853257434 935
4 5 outer 0.46489563567362424 1.0 0.5028462998102468
5 5 disc 0.6293485135989879 1.0 0.338393421884883
5 6 inner 0.4142947501581275 1.0 0.5534471853257434 712
5 6 outer 0.5281467425679949 1.0 0.439595192915876
6 6 disc 0.6040480708412397 1.0 0.3636938646426312
6 7 inner 0.47754585705249836 1.0 0.4901960784313726 638
6 7 outer 0.5660974067046173 1.0 0.4016445287792536
7 7 disc 0.8950031625553446 1.0 0.07273877292852626
7 8 inner 0.42694497153700184 1.0 0.540796963946869 826
7 8 outer 0.5028462998102466 1.0 0.46489563567362435
8 8 disc 0.45224541429475007 1.0 0.5154965211891208
8 9 inner 0.5154965211891207 1.0 0.4522454142947502 554
8 9 outer 0.5913978494623655 1.0 0.3763440860215054
9 9 disc 0.6166982922201137 1.0 0.35104364326375714
9 10 inner 0.5407969639468686 1.0 0.4269449715370023 444
9 10 outer 0.641998734977862 1.0 0.3257432005060089
10 10 disc 0.7179000632511068 1.0 0.2498418722327641
10 11 inner 0.6166982922201137 1.0 0.35104364326375714 310
10 11 outer 0.7558507273877292 1.0 0.2118912080961417
11 11 disc 1.0 0.5381263616557737 0.0
11 12 inner 0.7052498418722326 1.0 0.26249209361163817 232
11 12 outer 0.8570524984187222 1.0 0.11068943706514867
12 12 disc 0.2877925363693864 1.0 0.6799493991144845
12 13 inner 0.932953826691967 1.0 0.03478810879190386 147
12 13 outer 0.9709044908285893 0.9593318809005086 0.0
13 13 disc 1.0 0.6688453159041396 0.0
13 14 inner 0.831752055660974 1.0 0.1359898798228969 170
13 14 outer 0.9456040480708408 0.9883805374001459 0.022137887413030133
14 14 disc 1.0 0.8286129266521426 0.0
14 15 inner 0.8191018342820998 1.0 0.14864010120177107 194
14 15 outer 0.9203036053130929 1.0 0.04743833017077803
15 15 disc 1.0 0.7269426289034134 0.0
15 16 inner 0.7811511701454774 1.0 0.18659076533839347 219
15 16 outer 0.9076533839342187 1.0 0.06008855154965209
16 16 disc 0.5534471853257431 1.0 0.4142947501581278
16 17 inner 0.8064516129032256 1.0 0.16129032258064513 197
16 17 outer 0.8823529411764705 1.0 0.08538899430740043
17 17 disc 1.0 0.8140885984023241 0.0
17 18 inner 0.5787476280834913 1.0 0.38899430740037955 354
17 18 outer 0.730550284629981 1.0 0.23719165085388993
18 18 disc 0.9076533839342187 1.0 0.06008855154965209
18 19 inner 0.6672991777356103 1.0 0.30044275774826057 248
18 19 outer 0.8191018342820998 1.0 0.14864010120177107
19 19 disc 0.8064516129032256 1.0 0.16129032258064513
19 20 inner 0.7938013915243516 1.0 0.1739405439595193 245
19 20 outer 0.844402277039848 1.0 0.12333965844402273
20 20 disc 0.6799493991144844 1.0 0.2877925363693865
20 21 inner 0.6925996204933585 1.0 0.27514231499051234 282
20 21 outer 0.7811511701454774 1.0 0.18659076533839347
21 21 disc 1.0 0.843137254901961 0.0
21 22 inner 0.7052498418722326 1.0 0.26249209361163817 336
21 22 outer 0.7558507273877292 1.0 0.2118912080961417
22 22 disc 1.0 0.872185911401598 0.0
22 23 inner 0.5154965211891207 1.0 0.4522454142947502 339
22 23 outer 0.7432005060088547 1.0 0.2245414294750162
23 23 disc 0.8064516129032256 1.0 0.16129032258064513
23 24 inner 0.5787476280834913 1.0 0.38899430740037955 523
23 24 outer 0.641998734977862 1.0 0.3257432005060089
24 24 disc 0.6040480708412397 1.0 0.3636938646426312
24 25 inner 0.5787476280834913 1.0 0.38899430740037955 495
24 25 outer 0.6293485135989879 1.0 0.338393421884883
25 25 disc 0.9076533839342187 1.0 0.06008855154965209
25 26 inner 0.5407969639468686 1.0 0.4269449715370023 577
25 26 outer 0.6040480708412397 1.0 0.3636938646426312
26 26 disc 0.47754585705249836 1.0 0.4901960784313726
26 27 inner 0.5787476280834913 1.0 0.38899430740037955 471
26 27 outer 0.6293485135989879 1.0 0.338393421884883
27 27 disc 1.0 0.872185911401598 0.0
27 28 inner 0.5787476280834913 1.0 0.38899430740037955 523
27 28 outer 0.6293485135989879 1.0 0.338393421884883
28 28 disc 0.6925996204933585 1.0 0.27514231499051234
28 29 inner 0.6546489563567361 1.0 0.31309297912713474 373
28 29 outer 0.7179000632511068 1.0 0.2498418722327641
29 29 disc 0.6672991777356103 1.0 0.30044275774826057
29 30 inner 0.641998734977862 1.0 0.3257432005060089 389
29 30 outer 0.6925996204933585 1.0 0.27514231499051234
30 30 disc 1.0 0.7850399419026872 0.0
30 31 inner 0.6799493991144844 1.0 0.2877925363693865 340
30 31 outer 0.7432005060088547 1.0 0.2245414294750162
31 31 disc 0.9456040480708408 0.9883805374001459 0.022137887413030133
31 32 inner 0.5154965211891207 1.0 0.4522454142947502 475
31 32 outer 0.6293485135989879 1.0 0.338393421884883
32 32 disc 0.5787476280834913 1.0 0.38899430740037955
32 33 inner 0.5787476280834913 1.0 0.38899430740037955 494
32 33 outer 0.641998734977862 1.0 0.3257432005060089
33 33 disc 0.8697027197975963 1.0 0.0980392156862745
33 34 inner 0.6799493991144844 1.0 0.2877925363693865 637
33 34 outer 0.5913978494623655 1.0 0.3763440860215054
34 34 disc 0.730550284629981 1.0 0.23719165085388993
34 35 inner 0.5028462998102466 1.0 0.46489563567362435 1140
34 35 outer 0.46489563567362424 1.0 0.5028462998102468
35 35 disc 0.5913978494623655 1.0 0.3763440860215054
35 36 inner 0.08538899430740036 1.0 0.8823529411764706 3013
35 36 outer 0.2751423149905123 1.0 0.6925996204933587
36 36 disc 0.2877925363693864 1.0 0.6799493991144845
36 37 inner 0.0 0.0 0.5 267238
