0 0 12.079151405421891
1 0.022842874590087263 15.935809623751084
1 0.022842874590087263 11.281350514981035
2 0.046352353834852665 15.596218880023589
2 0.046352353834852665 10.979425195331473
3 0.07136163706849163 15.407732475165448
3 0.07136163706849163 10.968666793195208
4 0.10188753829328077 15.528606723613448
4 0.10188753829328077 11.080817527608327
5 0.12594240229679157 15.788692846755893
5 0.12594240229679157 7.614709844115208
6 0.15788984848172813 9.76983784362944
6 0.15788984848172813 4.807354922057604
7 0.29296560840458996 4.700439718141092
