0 0 disc 0.0 0.06470588235294118 1.0
0 1 inner 0.0 0.0 0.999108734402852 38895
0 1 outer 0.0 0.0 1.0
1 1 disc 0.0 0.26862745098039204 1.0
1 2 inner 0.0 0.06470588235294118 1.0 20487
1 2 outer 0.0 0.11176470588235295 1.0
2 2 disc 0.0 0.3156862745098039 1.0
2 3 inner 0.0 0.1588235294117647 1.0 14048
2 3 outer 0.0 0.22156862745098038 1.0
3 3 disc 0.0 0.42549019607843136 1.0
3 4 inner 0.0 0.22156862745098038 1.0 12027
3 4 outer 0.0 0.26862745098039204 1.0
4 4 disc 0.0 0.48823529411764705 1.0
4 5 inner 0.0 0.22156862745098038 1.0 11117
4 5 outer 0.0 0.3 1.0
5 5 disc 0.0 0.5352941176470586 1.0
5 6 inner 0.0 0.2529411764705882 1.0 10352
5 6 outer 0.0 0.3156862745098039 1.0
6 6 disc 0.0 0.503921568627451 1.0
6 7 inner 0.0 0.2372549019607843 1.0 10257
6 7 outer 0.0 0.3156862745098039 1.0
7 7 disc 0.0 0.5352941176470586 1.0
7 8 inner 0.0 0.20588235294117635 1.0 12005
7 8 outer 0.0 0.28431372549019607 1.0
8 8 disc 0.0 0.5352941176470586 1.0
8 9 inner 0.0 0.17450980392156862 1.0 13416
8 9 outer 0.0 0.2529411764705882 1.0
9 9 disc 0.0 0.503921568627451 1.0
9 10 inner 0.0 0.14313725490196066 1.0 17192
9 10 outer 0.0 0.19019607843137254 1.0
10 10 disc 0.0 0.48823529411764705 1.0
10 11 inner 0.0 0.0176470588235293 1.0 25706
10 11 outer 0.0 0.09607843137254903 1.0
11 11 disc 0.0 0.3 1.0
11 12 inner 0.0 0.0176470588235293 1.0 132963
11 12 outer 0.0 0.0 0.606951871657754
12 12 disc 0.19924098671726753 1.0 0.7685009487666035
12 13 inner 0.0 0.4725490196078431 1.0 11010
12 13 outer 0.0 0.0 1.0
13 13 disc 0.8191018342820998 1.0 0.14864010120177107
13 14 inner 0.03478810879190385 0.9431372549019608 0.9329538266919671 1585
13 14 outer 0.0 0.14313725490196066 1.0
14 14 disc 1.0 0.16049382716049398 0.0
14 15 inner 0.5281467425679949 1.0 0.439595192915876 136
14 15 outer 0.45224541429475007 1.0 0.5154965211891208
15 15 disc 0.7495543672014262 0.0 0.0
15 16 inner 0.0 0.0 0.5 65
