0 0 8.794415866350105
1 0.020363130985172798 15.12258536873861
1 0.020363130985172798 7.832890014164741
2 0.040521738277213594 14.714835785493433
2 0.040521738277213594 7.257387842692652
3 0.061833764315821646 14.392049039364185
3 0.061833764315821646 7.247927513443585
4 0.08352154766401056 14.267591391505672
4 0.08352154766401056 6.94251450533924
5 0.10403341985157971 14.262168270570129
5 0.10403341985157971 6.754887502163468
6 0.12393752171017945 13.973966366904202
6 0.12393752171017945 6.491853096329675
7 0.14647655132167509 13.85817531057549
7 0.14647655132167509 7.129283016944966
8 0.16612289926791773 14.066761932386909
8 0.16612289926791773 6.442943495848728
9 0.18593031157308124 13.742204156772763
9 0.18593031157308124 6.392317422778761
10 0.20501008716668465 13.511629130068439
10 0.20501008716668465 6.0
11 0.22436018479694125 13.031356596255709
11 0.22436018479694125 5.643856189774724
12 0.24206676905119548 12.608716854020573
12 0.24206676905119548 4.754887502163468
13 0.26352150885512743 12.160186576600662
13 0.26352150885512743 4.954196310386875
14 0.28466761503883886 12.24852060493843
14 0.28466761503883886 5.0
15 0.30622687222420664 12.386131937314994
15 0.30622687222420664 5.169925001442312
16 0.3265750157335975 12.396069557639867
16 0.3265750157335975 5.129283016944966
17 0.3506029750811822 12.528942415064895
17 0.3506029750811822 5.882643049361842
18 0.3701402652805556 13.156557153199971
18 0.3701402652805556 5.643856189774724
19 0.3891491333670553 12.78135971352466
19 0.3891491333670553 5.285402218862249
20 0.4108822945056459 12.698053484163538
20 0.4108822945056459 5.554588851677638
21 0.4316096955034195 12.930737337562887
21 0.4316096955034195 5.672425341971495
22 0.4534348294587522 13.028251428162793
22 0.4534348294587522 5.954196310386875
23 0.4739171363673778 13.121695390556571
23 0.4739171363673778 5.78135971352466
24 0.4957072638982522 13.497477645523553
24 0.4957072638982522 6.20945336562895
25 0.5178472236444224 13.572581812645481
25 0.5178472236444224 6.614709844115208
26 0.538334108287432 13.679809946332526
26 0.538334108287432 6.247927513443585
27 0.5599228479340764 13.559138055642384
27 0.5599228479340764 6.22881869049588
28 0.5804229208961559 13.569024870407592
28 0.5804229208961559 5.954196310386875
29 0.6011969434535046 13.193217322699065
29 0.6011969434535046 5.832890014164741
30 0.6219314600774143 13.303923412705366
30 0.6219314600774143 5.930737337562887
31 0.6450535238327717 13.077149515589733
31 0.6450535238327717 6.129283016944966
32 0.6654811804402465 13.549904967722028
32 0.6654811804402465 6.169925001442312
33 0.6873057117425075 13.520127550324851
33 0.6873057117425075 5.977279923499917
34 0.7143023036394195 13.7018479125339
34 0.7143023036394195 6.78135971352466
35 0.7425456599734902 14.24414081267281
35 0.7425456599734902 7.189824558880018
36 0.7836480419481178 15.02327788037089
36 0.7836480419481178 7.930737337562887
37 0.8340688499482659 15.786397267019055
