0 0 disc 0.0 0.0 0.624777183600713
0 1 inner 0.0 0.0 0.660427807486631 164480
0 1 outer 0.0 0.0 0.642602495543672
1 1 disc 0.0 0.0 0.803030303030303
1 2 inner 0.0 0.0 0.767379679144385 65456
1 2 outer 0.0 0.0 0.749554367201426
2 2 disc 0.0 0.0 0.963458110516934
2 3 inner 0.0 0.0 0.874331550802139 38003
2 3 outer 0.0 0.0 0.85650623885918
3 3 disc 0.0 0.06470588235294118 1.0
3 4 inner 0.0 0.0 0.999108734402852 25480
3 4 outer 0.0 0.0 0.945632798573975
4 4 disc 0.0 0.26862745098039204 1.0
4 5 inner 0.0 0.06470588235294118 1.0 15980
4 5 outer 0.0 0.00196078431372549 1.0
5 5 disc 0.0 0.5196078431372549 1.0
5 6 inner 0.0 0.26862745098039204 1.0 8998
5 6 outer 0.0 0.14313725490196066 1.0
6 6 disc 0.0 0.8960784313725491 0.9709044908285895
6 7 inner 0.0 0.5509803921568628 1.0 4212
6 7 outer 0.0 0.3784313725490196 1.0
7 7 disc 0.3763440860215053 1.0 0.5913978494623656
7 8 inner 0.04743833017077798 0.9588235294117647 0.920303605313093 1372
7 8 outer 0.0 0.6294117647058823 1.0
8 8 disc 0.8697027197975963 1.0 0.0980392156862745
8 9 inner 0.5913978494623655 1.0 0.3763440860215054 268
8 9 outer 0.2371916508538899 1.0 0.7305502846299811
9 9 disc 1.0 0.3202614379084969 0.0
9 10 inner 0.9835547122074635 0.9448075526506902 0.0 51
9 10 outer 1.0 0.8286129266521426 0.0
10 10 disc 0.9991087344028523 0.07334785766158336 0.0
10 11 inner 0.0 0.0 0.5 29
