0 0 disc 0.0 0.48823529411764705 1.0
0 1 inner 0.0 0.12745098039215685 1.0 37643
0 1 outer 0.0 0.11176470588235295 1.0
1 1 disc 0.0 0.5823529411764706 1.0
1 2 inner 0.0 0.22156862745098038 1.0 22526
1 2 outer 0.0 0.22156862745098038 1.0
2 2 disc 0.0 0.6294117647058823 1.0
2 3 inner 0.0 0.2529411764705882 1.0 19175
2 3 outer 0.0 0.26862745098039204 1.0
3 3 disc 0.0 0.6137254901960785 1.0
3 4 inner 0.0 0.14313725490196066 1.0 26672
3 4 outer 0.0 0.22156862745098038 1.0
4 4 disc 0.0 0.40980392156862744 1.0
4 5 inner 0.0 0.0176470588235293 1.0 239619
4 5 outer 0.0 0.0 0.517825311942959
5 5 disc 0.8697027197975963 1.0 0.0980392156862745
5 6 inner 0.13598987982289687 1.0 0.8317520556609741 3275
5 6 outer 0.0 0.00196078431372549 1.0
6 6 disc 0.7673796791443852 0.0 0.0
6 7 inner 0.0 0.0 0.5 137
