0 0 15.105785769538892
1 0.020506232602125987 14.90298741385473
1 0.020506232602125987 13.56914357654506
2 0.042911467682701696 13.828533210455618
2 0.042911467682701696 12.771902080697716
3 0.0667324230592919 13.068610356779276
3 0.0667324230592919 12.121209716409284
4 0.09181196457349897 12.351767443959893
4 0.09181196457349897 11.42678889459556
5 0.11823021589567723 11.534789211480266
5 0.11823021589567723 10.59245703726808
6 0.14626679132740583 10.539158811108031
6 0.14626679132740583 9.541096615349524
7 0.17634712121728524 9.184875342908283
7 0.17634712121728524 8.038918989292302
8 0.20914471067571816 7.483815777264256
8 0.20914471067571816 5.954196310386875
9 0.24772430729159617 5.247927513443585
9 0.24772430729159617 3.700439718141092
10 0.3170945769042168 2.807354922057604
10 0.3170945769042168 2.321928094887362
11 0.5213423569394586 2.321928094887362
