0 0 disc 0.0 0.0 1.0
0 1 inner 0.0 0.0 0.838680926916221 189255
0 1 outer 0.0 0.0 0.553475935828877
1 1 disc 0.0 0.7705882352941177 1.0
1 2 inner 0.0 0.3 1.0 17503
1 2 outer 0.0 0.0 0.927807486631016
2 2 disc 0.5154965211891207 1.0 0.4522454142947502
2 3 inner 0.0 0.7392156862745098 1.0 2118
2 3 outer 0.0 0.3156862745098039 1.0
3 3 disc 1.0 0.7705156136528688 0.0
3 4 inner 0.43959519291587595 1.0 0.5281467425679949 323
3 4 outer 0.0 0.0 0.981283422459893
4 4 disc 0.0 0.0 0.5
4 5 inner 0.8386809269162212 0.0 0.0 9
4 5 outer 0.5 0.0 0.0
5 5 disc 0.7317290552584672 0.0 0.0
5 6 inner 0.0 0.0 0.5 42
