22, 6161, 31, 4062912, 2
22, 6161, 19, 19546040, 9
22, 6161, 14, 238083, 2
22, 6161, 1, 5249714, 3
22, 6161, 7, 19325784, 2
22, 6161, 1, 15204409, 3
22, 6161, 1, 31820411, 2
22, 6161, 1, 201283, 1
22, 6161, 1, 10126754, 7
22, 6161, 1, 7241947, 9
22, 6161, 4, 6552536, 9
22, 6161, 1, 1443591, 2
22, 6161, 9, 201256, 1
22, 6161, 1, 58275384, 1
22, 6161, 1, 2878103, 1
22, 6161, 1, 17833995, 4
22, 6161, 1, 754869, 13
22, 6161, 1, 1623531, 28
22, 6161, 16, 1284, 6
22, 6161, 20, 123, 699
22, 6161, 27, 146, 83
22, 6161, 13, 101, 1363
22, 6161, 7, 101, 1041
22, 6161, 4, 101, 701
22, 6161, 8, 176, 96
22, 6161, 2, 101, 662
22, 6161, 3, 101, 1054
22, 6161, 5, 173, 33
22, 6161, 15, 690, 4
22, 6161, 11, 167, 13
22, 6161, 25, 167, 4
22, 6161, 89, 1202, 1
14, 14107, 80, 49855703, 301
14, 14107, 14, 238083, 17
14, 14107, 1, 15204409, 1
14, 14107, 1, 201283, 2
14, 14107, 1, 10126754, 2
14, 14107, 1, 7241947, 4
14, 14107, 4, 6552536, 2
14, 14107, 1, 1443591, 2
14, 14107, 1, 58275384, 7
14, 14107, 1, 6980866, 1
14, 14107, 1, 60939141, 3
14, 14107, 1, 754869, 4
14, 14107, 1, 1623531, 2
14, 14107, 30, 11086, 30
14, 14107, 35, 1750, 5
14, 14107, 33, 1467, 1
14, 14107, 16, 1284, 4
14, 14107, 20, 123, 24
14, 14107, 27, 146, 5
14, 14107, 13, 101, 105
14, 14107, 7, 101, 1419
14, 14107, 4, 101, 562
14, 14107, 21, 1374, 26
14, 14107, 8, 176, 12
14, 14107, 2, 101, 946
14, 14107, 169, 11459, 1
14, 14107, 6, 284, 3
14, 14107, 3, 101, 1204
14, 14107, 5, 173, 333
14, 14107, 15, 690, 5
14, 14107, 11, 167, 471
14, 14107, 25, 167, 333
14, 14107, 53, 1266, 4
14, 14107, 89, 1202, 2
86, 49855703, 92, 49855703, 86
86, 49855703, 75, 49855703, 78
86, 49855703, 82, 49855703, 75
86, 49855703, 80, 49855703, 80
86, 49855703, 77, 49855703, 83
86, 49855703, 31, 4062912, 54
86, 49855703, 16, 41201, 54
86, 49855703, 19, 19546040, 10
86, 49855703, 7, 19325784, 15
86, 49855703, 1, 8645756, 1
86, 49855703, 8, 176, 29
86, 49855703, 2, 101, 9
86, 49855703, 3, 101, 40
86, 49855703, 5, 173, 20
86, 49855703, 11, 167, 11
86, 49855703, 25, 167, 25
86, 49855703, 53, 1266, 44
92, 49855703, 75, 49855703, 78
92, 49855703, 82, 49855703, 81
92, 49855703, 80, 49855703, 80
92, 49855703, 77, 49855703, 84
92, 49855703, 31, 4062912, 55
92, 49855703, 16, 41201, 54
92, 49855703, 19, 19546040, 10
92, 49855703, 7, 19325784, 13
92, 49855703, 1, 8645756, 5
92, 49855703, 8, 176, 30
92, 49855703, 2, 101, 9
92, 49855703, 3, 101, 39
92, 49855703, 5, 173, 20
92, 49855703, 11, 167, 11
92, 49855703, 25, 167, 25
92, 49855703, 53, 1266, 45
32, 248525, 1, 15204409, 1
32, 248525, 30, 11086, 3
32, 248525, 27, 146, 1
32, 248525, 7, 101, 5
32, 248525, 4, 101, 13
32, 248525, 2, 101, 366
32, 248525, 3, 101, 214
32, 248525, 5, 173, 548
32, 248525, 11, 167, 436
32, 248525, 25, 167, 580
32, 248525, 53, 1266, 43
32, 248525, 89, 1202, 1
20, 9823427, 41, 60187632, 8
20, 9823427, 1, 201283, 2
20, 9823427, 1, 10126754, 5
20, 9823427, 1, 14609, 1
20, 9823427, 1, 8645756, 5
20, 9823427, 1, 2878103, 1
20, 9823427, 1, 17833995, 7
20, 9823427, 1, 6980866, 1
20, 9823427, 4, 101, 5
20, 9823427, 17, 60024, 57
20, 9823427, 2, 101, 201
20, 9823427, 169, 11459, 1
20, 9823427, 6, 284, 455
20, 9823427, 175, 260453, 121
20, 9823427, 3, 101, 699
20, 9823427, 5, 173, 8
20, 9823427, 15, 690, 808
20, 9823427, 140, 180407, 264
20, 9823427, 120, 11459, 1
20, 9823427, 38, 1202, 53
20, 9823427, 11, 167, 6
20, 9823427, 25, 167, 71
20, 9823427, 53, 1266, 1
20, 9823427, 89, 1202, 481
75, 49855703, 82, 49855703, 67
75, 49855703, 80, 49855703, 78
75, 49855703, 77, 49855703, 75
75, 49855703, 31, 4062912, 52
75, 49855703, 16, 41201, 51
75, 49855703, 19, 19546040, 10
75, 49855703, 7, 19325784, 12
75, 49855703, 8, 176, 57
75, 49855703, 2, 101, 6
75, 49855703, 3, 101, 36
75, 49855703, 5, 173, 19
75, 49855703, 11, 167, 11
75, 49855703, 25, 167, 23
75, 49855703, 53, 1266, 36
82, 49855703, 80, 49855703, 69
82, 49855703, 77, 49855703, 78
82, 49855703, 31, 4062912, 46
82, 49855703, 16, 41201, 43
82, 49855703, 19, 19546040, 10
82, 49855703, 7, 19325784, 15
82, 49855703, 1, 8645756, 5
82, 49855703, 8, 176, 25
82, 49855703, 2, 101, 9
82, 49855703, 3, 101, 42
82, 49855703, 5, 173, 17
82, 49855703, 11, 167, 12
82, 49855703, 25, 167, 25
82, 49855703, 53, 1266, 48
80, 49855703, 77, 49855703, 77
80, 49855703, 31, 4062912, 54
80, 49855703, 16, 41201, 53
80, 49855703, 19, 19546040, 10
80, 49855703, 14, 238083, 1
80, 49855703, 7, 19325784, 13
80, 49855703, 1, 10126754, 1
80, 49855703, 1, 58275384, 2
80, 49855703, 1, 8645756, 46
80, 49855703, 1, 6980866, 1
80, 49855703, 1, 754869, 3
80, 49855703, 30, 11086, 1
80, 49855703, 20, 123, 1
80, 49855703, 13, 101, 7
80, 49855703, 7, 101, 503
80, 49855703, 4, 101, 121
80, 49855703, 8, 176, 23
80, 49855703, 2, 101, 255
80, 49855703, 169, 11459, 1
80, 49855703, 3, 101, 321
80, 49855703, 5, 173, 44
80, 49855703, 15, 690, 2
80, 49855703, 11, 167, 132
80, 49855703, 25, 167, 87
80, 49855703, 53, 1266, 40
80, 49855703, 89, 1202, 2
77, 49855703, 31, 4062912, 55
77, 49855703, 16, 41201, 56
77, 49855703, 19, 19546040, 36
77, 49855703, 7, 19325784, 55
77, 49855703, 1, 8645756, 1
77, 49855703, 1, 60939141, 1
77, 49855703, 8, 176, 51
77, 49855703, 2, 101, 10
77, 49855703, 3, 101, 45
77, 49855703, 5, 173, 17
77, 49855703, 11, 167, 11
77, 49855703, 25, 167, 25
77, 49855703, 53, 1266, 51
18, 13234024, 41, 60187632, 1
18, 13234024, 1, 10126754, 1
18, 13234024, 1, 14609, 1
18, 13234024, 1, 2878103, 1
18, 13234024, 1, 1623531, 2
18, 13234024, 16, 1284, 49
18, 13234024, 4, 101, 3
18, 13234024, 17, 60024, 15
18, 13234024, 2, 101, 234
18, 13234024, 6, 284, 267
18, 13234024, 175, 260453, 47
18, 13234024, 3, 101, 518
18, 13234024, 5, 173, 11
18, 13234024, 15, 690, 652
18, 13234024, 140, 180407, 104
18, 13234024, 120, 11459, 1
18, 13234024, 38, 1202, 113
18, 13234024, 11, 167, 9
18, 13234024, 25, 167, 2
18, 13234024, 53, 1266, 2
18, 13234024, 89, 1202, 330
31, 4062912, 16, 41201, 86
31, 4062912, 19, 19546040, 10
31, 4062912, 14, 238083, 19
31, 4062912, 7, 19325784, 14
31, 4062912, 1, 201283, 1
31, 4062912, 1, 10126754, 3
31, 4062912, 1, 14609, 1
31, 4062912, 1, 7241947, 7
31, 4062912, 1, 1443591, 1
31, 4062912, 1, 8645756, 1
31, 4062912, 1, 17833995, 2
31, 4062912, 1, 6980866, 2
31, 4062912, 1, 754869, 3
31, 4062912, 1, 1623531, 3
31, 4062912, 20, 123, 166
31, 4062912, 27, 146, 11
31, 4062912, 13, 101, 164
31, 4062912, 7, 101, 254
31, 4062912, 4, 101, 275
31, 4062912, 29, 735, 1
31, 4062912, 21, 1374, 1
31, 4062912, 71, 102807, 1
31, 4062912, 65, 4182, 1
31, 4062912, 8, 176, 54
31, 4062912, 2, 101, 447
31, 4062912, 6, 284, 191
31, 4062912, 175, 260453, 1
31, 4062912, 3, 101, 524
31, 4062912, 5, 173, 317
31, 4062912, 15, 690, 90
31, 4062912, 140, 180407, 6
31, 4062912, 120, 11459, 5
31, 4062912, 38, 1202, 145
31, 4062912, 11, 167, 136
31, 4062912, 25, 167, 165
31, 4062912, 53, 1266, 62
31, 4062912, 89, 1202, 128
41, 60187632, 16, 41201, 5
41, 60187632, 19, 19546040, 21
41, 60187632, 14, 238083, 15
41, 60187632, 1, 5249714, 17
41, 60187632, 7, 19325784, 17
41, 60187632, 1, 15204409, 32
41, 60187632, 1, 31820411, 1
41, 60187632, 1, 14609, 2
41, 60187632, 4, 6552536, 4
41, 60187632, 9, 201256, 3
41, 60187632, 1, 8645756, 1
41, 60187632, 1, 17833995, 18
41, 60187632, 1, 6980866, 1
41, 60187632, 1, 754869, 2
41, 60187632, 1, 1623531, 1
41, 60187632, 35, 1750, 21
41, 60187632, 16, 1284, 14
41, 60187632, 27, 146, 1
41, 60187632, 12, 131002, 1
41, 60187632, 13, 101, 4
41, 60187632, 7, 101, 7
41, 60187632, 54, 1563, 1
41, 60187632, 4, 101, 118
41, 60187632, 29, 735, 1
41, 60187632, 21, 1374, 25
41, 60187632, 40, 38645, 1
41, 60187632, 71, 102807, 25
41, 60187632, 65, 4182, 1
41, 60187632, 17, 60024, 6
41, 60187632, 8, 176, 21
41, 60187632, 2, 101, 367
41, 60187632, 169, 11459, 1
41, 60187632, 6, 284, 293
41, 60187632, 175, 260453, 10
41, 60187632, 234, 262712, 1
41, 60187632, 3, 101, 614
41, 60187632, 5, 173, 263
41, 60187632, 15, 690, 451
41, 60187632, 140, 180407, 28
41, 60187632, 120, 11459, 12
41, 60187632, 38, 1202, 93
41, 60187632, 11, 167, 346
41, 60187632, 25, 167, 265
41, 60187632, 53, 1266, 116
41, 60187632, 89, 1202, 273
16, 41201, 34, 90152410, 48
16, 41201, 19, 19546040, 10
16, 41201, 1, 5249714, 9
16, 41201, 7, 19325784, 12
16, 41201, 1, 31820411, 1
16, 41201, 1, 10126754, 1
16, 41201, 1, 14609, 7
16, 41201, 1, 7241947, 2
16, 41201, 4, 6552536, 2
16, 41201, 9, 201256, 48
16, 41201, 1, 8645756, 2
16, 41201, 16, 1284, 3
16, 41201, 20, 123, 38
16, 41201, 27, 146, 3
16, 41201, 12, 131002, 2
16, 41201, 13, 101, 135
16, 41201, 7, 101, 138
16, 41201, 4, 101, 192
16, 41201, 29, 735, 1
16, 41201, 21, 1374, 45
16, 41201, 40, 38645, 3
16, 41201, 71, 102807, 5
16, 41201, 17, 60024, 17
16, 41201, 8, 176, 55
16, 41201, 2, 101, 565
16, 41201, 169, 11459, 2
16, 41201, 6, 284, 632
16, 41201, 175, 260453, 10
16, 41201, 234, 262712, 4
16, 41201, 3, 101, 966
16, 41201, 5, 173, 210
16, 41201, 15, 690, 442
16, 41201, 140, 180407, 30
16, 41201, 120, 11459, 9
16, 41201, 38, 1202, 249
16, 41201, 11, 167, 307
16, 41201, 25, 167, 216
16, 41201, 53, 1266, 108
16, 41201, 89, 1202, 170
34, 90152410, 19, 19546040, 37
34, 90152410, 14, 238083, 28
34, 90152410, 1, 5249714, 8
34, 90152410, 7, 19325784, 11
34, 90152410, 1, 201283, 1
34, 90152410, 1, 14609, 1
34, 90152410, 1, 7241947, 1
34, 90152410, 1, 1443591, 2
34, 90152410, 9, 201256, 11
34, 90152410, 1, 58275384, 8
34, 90152410, 1, 8645756, 1
34, 90152410, 1, 2878103, 22
34, 90152410, 1, 1623531, 3
34, 90152410, 16, 1284, 13
34, 90152410, 20, 123, 1
34, 90152410, 12, 131002, 44
34, 90152410, 13, 101, 43
34, 90152410, 7, 101, 113
34, 90152410, 4, 101, 120
34, 90152410, 17, 60024, 27
34, 90152410, 8, 176, 75
34, 90152410, 2, 101, 621
34, 90152410, 169, 11459, 2
34, 90152410, 6, 284, 620
34, 90152410, 175, 260453, 4
34, 90152410, 234, 262712, 1
34, 90152410, 3, 101, 837
34, 90152410, 5, 173, 376
34, 90152410, 15, 690, 387
34, 90152410, 140, 180407, 17
34, 90152410, 120, 11459, 22
34, 90152410, 38, 1202, 317
34, 90152410, 11, 167, 267
34, 90152410, 25, 167, 144
34, 90152410, 53, 1266, 120
34, 90152410, 89, 1202, 193
19, 19546040, 14, 238083, 68
19, 19546040, 1, 5249714, 23
19, 19546040, 7, 19325784, 44
19, 19546040, 1, 14609, 2
19, 19546040, 1, 7241947, 7
19, 19546040, 1, 1443591, 26
19, 19546040, 9, 201256, 21
19, 19546040, 1, 58275384, 8
19, 19546040, 1, 8645756, 1
19, 19546040, 1, 17833995, 3
19, 19546040, 1, 6980866, 9
19, 19546040, 1, 60939141, 4
19, 19546040, 1, 754869, 9
19, 19546040, 1, 1623531, 16
19, 19546040, 30, 11086, 1
19, 19546040, 35, 1750, 1
19, 19546040, 16, 1284, 16
19, 19546040, 20, 123, 70
19, 19546040, 12, 131002, 15
19, 19546040, 13, 101, 72
19, 19546040, 7, 101, 418
19, 19546040, 4, 101, 234
19, 19546040, 304, 1850520, 3
19, 19546040, 29, 735, 4
19, 19546040, 21, 1374, 13
19, 19546040, 40, 38645, 2
19, 19546040, 71, 102807, 2
19, 19546040, 17, 60024, 39
19, 19546040, 8, 176, 159
19, 19546040, 2, 101, 802
19, 19546040, 169, 11459, 9
19, 19546040, 6, 284, 479
19, 19546040, 175, 260453, 13
19, 19546040, 234, 262712, 15
19, 19546040, 3, 101, 1281
19, 19546040, 5, 173, 610
19, 19546040, 15, 690, 297
19, 19546040, 140, 180407, 27
19, 19546040, 120, 11459, 94
19, 19546040, 38, 1202, 187
19, 19546040, 11, 167, 497
19, 19546040, 25, 167, 301
19, 19546040, 53, 1266, 199
19, 19546040, 89, 1202, 217
14, 238083, 1, 5249714, 26
14, 238083, 7, 19325784, 11
14, 238083, 1, 15204409, 3
14, 238083, 1, 201283, 1
14, 238083, 1, 10126754, 1
14, 238083, 1, 14609, 2
14, 238083, 1, 7241947, 4
14, 238083, 4, 6552536, 8
14, 238083, 1, 1443591, 3
14, 238083, 9, 201256, 8
14, 238083, 1, 58275384, 18
14, 238083, 1, 17833995, 16
14, 238083, 1, 60939141, 3
14, 238083, 1, 754869, 12
14, 238083, 1, 1623531, 14
14, 238083, 34, 87642, 1
14, 238083, 9, 164816, 23
14, 238083, 16, 1284, 13
14, 238083, 20, 123, 16
14, 238083, 27, 146, 7
14, 238083, 12, 131002, 7
14, 238083, 13, 101, 96
14, 238083, 7, 101, 286
14, 238083, 54, 1563, 1
14, 238083, 4, 101, 283
14, 238083, 304, 1850520, 1
14, 238083, 29, 735, 6
14, 238083, 21, 1374, 27
14, 238083, 40, 38645, 4
14, 238083, 71, 102807, 1
14, 238083, 65, 4182, 7
14, 238083, 17, 60024, 56
14, 238083, 8, 176, 252
14, 238083, 2, 101, 1051
14, 238083, 169, 11459, 16
14, 238083, 6, 284, 399
14, 238083, 175, 260453, 8
14, 238083, 234, 262712, 9
14, 238083, 3, 101, 1539
14, 238083, 5, 173, 911
14, 238083, 15, 690, 230
14, 238083, 140, 180407, 35
14, 238083, 120, 11459, 62
14, 238083, 38, 1202, 156
14, 238083, 11, 167, 684
14, 238083, 25, 167, 433
14, 238083, 53, 1266, 297
14, 238083, 89, 1202, 238
1, 5249714, 7, 19325784, 18
1, 5249714, 1, 15204409, 3
1, 5249714, 1, 31820411, 3
1, 5249714, 1, 14609, 2
1, 5249714, 1, 7241947, 5
1, 5249714, 4, 6552536, 5
1, 5249714, 1, 1443591, 9
1, 5249714, 9, 201256, 12
1, 5249714, 1, 58275384, 20
1, 5249714, 1, 8645756, 5
1, 5249714, 1, 2878103, 1
1, 5249714, 1, 17833995, 6
1, 5249714, 1, 6980866, 8
1, 5249714, 1, 60939141, 1
1, 5249714, 1, 754869, 6
1, 5249714, 1, 1623531, 23
1, 5249714, 30, 11086, 1
1, 5249714, 41, 1905, 1
1, 5249714, 16, 1284, 7
1, 5249714, 20, 123, 25
1, 5249714, 27, 146, 9
1, 5249714, 12, 131002, 17
1, 5249714, 13, 101, 64
1, 5249714, 7, 101, 250
1, 5249714, 54, 1563, 3
1, 5249714, 4, 101, 404
1, 5249714, 304, 1850520, 3
1, 5249714, 29, 735, 17
1, 5249714, 21, 1374, 39
1, 5249714, 40, 38645, 9
1, 5249714, 71, 102807, 8
1, 5249714, 65, 4182, 23
1, 5249714, 17, 60024, 61
1, 5249714, 8, 176, 351
1, 5249714, 2, 101, 963
1, 5249714, 169, 11459, 30
1, 5249714, 6, 284, 687
1, 5249714, 175, 260453, 26
1, 5249714, 234, 262712, 19
1, 5249714, 3, 101, 1923
1, 5249714, 5, 173, 921
1, 5249714, 15, 690, 441
1, 5249714, 140, 180407, 110
1, 5249714, 120, 11459, 106
1, 5249714, 38, 1202, 359
1, 5249714, 11, 167, 725
1, 5249714, 25, 167, 570
1, 5249714, 53, 1266, 393
1, 5249714, 89, 1202, 410
7, 19325784, 1, 31820411, 1
7, 19325784, 1, 201283, 2
7, 19325784, 1, 10126754, 5
7, 19325784, 1, 14609, 1
7, 19325784, 1, 7241947, 2
7, 19325784, 1, 1443591, 4
7, 19325784, 9, 201256, 17
7, 19325784, 1, 58275384, 5
7, 19325784, 1, 8645756, 5
7, 19325784, 1, 2878103, 1
7, 19325784, 1, 17833995, 1
7, 19325784, 1, 6980866, 14
7, 19325784, 1, 754869, 2
7, 19325784, 1, 1623531, 11
7, 19325784, 58, 2035500, 1
7, 19325784, 9, 164816, 13
7, 19325784, 30, 11086, 1
7, 19325784, 35, 1750, 1
7, 19325784, 16, 1284, 12
7, 19325784, 20, 123, 25
7, 19325784, 48, 6608327, 3
7, 19325784, 27, 146, 23
7, 19325784, 12, 131002, 18
7, 19325784, 13, 101, 96
7, 19325784, 7, 101, 225
7, 19325784, 54, 1563, 4
7, 19325784, 4, 101, 298
7, 19325784, 304, 1850520, 2
7, 19325784, 29, 735, 41
7, 19325784, 21, 1374, 96
7, 19325784, 40, 38645, 23
7, 19325784, 71, 102807, 8
7, 19325784, 65, 4182, 29
7, 19325784, 17, 60024, 126
7, 19325784, 8, 176, 309
7, 19325784, 2, 101, 1040
7, 19325784, 169, 11459, 22
7, 19325784, 6, 284, 1103
7, 19325784, 175, 260453, 56
7, 19325784, 234, 262712, 19
7, 19325784, 3, 101, 2620
7, 19325784, 5, 173, 969
7, 19325784, 15, 690, 866
7, 19325784, 140, 180407, 159
7, 19325784, 120, 11459, 131
7, 19325784, 38, 1202, 564
7, 19325784, 11, 167, 844
7, 19325784, 25, 167, 654
7, 19325784, 53, 1266, 518
7, 19325784, 89, 1202, 640
1, 15204409, 1, 201283, 4
1, 15204409, 1, 14609, 1
1, 15204409, 4, 6552536, 1
1, 15204409, 9, 201256, 4
1, 15204409, 1, 58275384, 1
1, 15204409, 1, 2878103, 6
1, 15204409, 1, 17833995, 3
1, 15204409, 58, 2035500, 3
1, 15204409, 34, 87642, 2
1, 15204409, 9, 164816, 75
1, 15204409, 55, 643725, 6
1, 15204409, 30, 11086, 1
1, 15204409, 41, 1905, 1
1, 15204409, 35, 1750, 8
1, 15204409, 33, 1467, 17
1, 15204409, 16, 1284, 64
1, 15204409, 20, 123, 60
1, 15204409, 48, 6608327, 1
1, 15204409, 27, 146, 42
1, 15204409, 12, 131002, 73
1, 15204409, 13, 101, 253
1, 15204409, 7, 101, 577
1, 15204409, 54, 1563, 39
1, 15204409, 4, 101, 625
1, 15204409, 304, 1850520, 9
1, 15204409, 29, 735, 189
1, 15204409, 21, 1374, 380
1, 15204409, 40, 38645, 143
1, 15204409, 71, 102807, 22
1, 15204409, 65, 4182, 115
1, 15204409, 17, 60024, 456
1, 15204409, 8, 176, 640
1, 15204409, 2, 101, 1048
1, 15204409, 169, 11459, 69
1, 15204409, 6, 284, 3477
1, 15204409, 175, 260453, 170
1, 15204409, 234, 262712, 60
1, 15204409, 3, 101, 6432
1, 15204409, 5, 173, 1973
1, 15204409, 15, 690, 2999
1, 15204409, 140, 180407, 486
1, 15204409, 120, 11459, 369
1, 15204409, 38, 1202, 1846
1, 15204409, 11, 167, 2329
1, 15204409, 25, 167, 1656
1, 15204409, 53, 1266, 1379
1, 15204409, 89, 1202, 1932
1, 31820411, 1, 10126754, 6
1, 31820411, 9, 201256, 4
1, 31820411, 1, 2878103, 1
1, 31820411, 58, 2035500, 4
1, 31820411, 9, 164816, 109
1, 31820411, 55, 643725, 3
1, 31820411, 30, 11086, 2
1, 31820411, 41, 1905, 2
1, 31820411, 35, 1750, 6
1, 31820411, 33, 1467, 18
1, 31820411, 16, 1284, 35
1, 31820411, 20, 123, 46
1, 31820411, 48, 6608327, 4
1, 31820411, 27, 146, 55
1, 31820411, 12, 131002, 68
1, 31820411, 13, 101, 201
1, 31820411, 7, 101, 487
1, 31820411, 54, 1563, 46
1, 31820411, 4, 101, 661
1, 31820411, 304, 1850520, 9
1, 31820411, 29, 735, 268
1, 31820411, 21, 1374, 423
1, 31820411, 40, 38645, 91
1, 31820411, 71, 102807, 35
1, 31820411, 65, 4182, 160
1, 31820411, 17, 60024, 473
1, 31820411, 8, 176, 770
1, 31820411, 2, 101, 987
1, 31820411, 169, 11459, 53
1, 31820411, 6, 284, 3689
1, 31820411, 175, 260453, 189
1, 31820411, 234, 262712, 50
1, 31820411, 3, 101, 6901
1, 31820411, 5, 173, 2465
1, 31820411, 15, 690, 3150
1, 31820411, 140, 180407, 551
1, 31820411, 120, 11459, 370
1, 31820411, 38, 1202, 2003
1, 31820411, 11, 167, 2830
1, 31820411, 25, 167, 2122
1, 31820411, 53, 1266, 1641
1, 31820411, 89, 1202, 2122
1, 201283, 1, 58275384, 1
1, 201283, 1, 17833995, 3
1, 201283, 1, 6980866, 1
1, 201283, 1, 1623531, 1
1, 201283, 58, 2035500, 1
1, 201283, 34, 87642, 1
1, 201283, 9, 164816, 54
1, 201283, 55, 643725, 6
1, 201283, 30, 11086, 2
1, 201283, 41, 1905, 6
1, 201283, 35, 1750, 9
1, 201283, 33, 1467, 8
1, 201283, 16, 1284, 50
1, 201283, 20, 123, 63
1, 201283, 48, 6608327, 8
1, 201283, 27, 146, 46
1, 201283, 12, 131002, 61
1, 201283, 13, 101, 343
1, 201283, 7, 101, 766
1, 201283, 54, 1563, 26
1, 201283, 4, 101, 637
1, 201283, 304, 1850520, 14
1, 201283, 29, 735, 136
1, 201283, 21, 1374, 269
1, 201283, 40, 38645, 51
1, 201283, 71, 102807, 23
1, 201283, 65, 4182, 88
1, 201283, 17, 60024, 344
1, 201283, 8, 176, 670
1, 201283, 2, 101, 1129
1, 201283, 169, 11459, 63
1, 201283, 6, 284, 2937
1, 201283, 175, 260453, 181
1, 201283, 234, 262712, 62
1, 201283, 3, 101, 6242
1, 201283, 5, 173, 2040
1, 201283, 15, 690, 2669
1, 201283, 140, 180407, 485
1, 201283, 120, 11459, 315
1, 201283, 38, 1202, 1730
1, 201283, 11, 167, 2223
1, 201283, 25, 167, 1702
1, 201283, 53, 1266, 1351
1, 201283, 89, 1202, 1802
1, 10126754, 9, 201256, 1
1, 10126754, 1, 58275384, 7
1, 10126754, 1, 754869, 2
1, 10126754, 58, 2035500, 1
1, 10126754, 34, 87642, 4
1, 10126754, 9, 164816, 26
1, 10126754, 55, 643725, 1
1, 10126754, 41, 1905, 11
1, 10126754, 35, 1750, 6
1, 10126754, 33, 1467, 28
1, 10126754, 16, 1284, 75
1, 10126754, 20, 123, 91
1, 10126754, 48, 6608327, 5
1, 10126754, 27, 146, 68
1, 10126754, 12, 131002, 56
1, 10126754, 13, 101, 392
1, 10126754, 7, 101, 942
1, 10126754, 54, 1563, 43
1, 10126754, 4, 101, 866
1, 10126754, 304, 1850520, 16
1, 10126754, 29, 735, 252
1, 10126754, 21, 1374, 433
1, 10126754, 40, 38645, 87
1, 10126754, 71, 102807, 51
1, 10126754, 65, 4182, 157
1, 10126754, 17, 60024, 445
1, 10126754, 8, 176, 643
1, 10126754, 2, 101, 1061
1, 10126754, 169, 11459, 56
1, 10126754, 6, 284, 3154
1, 10126754, 175, 260453, 110
1, 10126754, 234, 262712, 87
1, 10126754, 3, 101, 6715
1, 10126754, 5, 173, 2263
1, 10126754, 15, 690, 2556
1, 10126754, 140, 180407, 401
1, 10126754, 120, 11459, 391
1, 10126754, 38, 1202, 1577
1, 10126754, 11, 167, 2905
1, 10126754, 25, 167, 1946
1, 10126754, 53, 1266, 1692
1, 10126754, 89, 1202, 1690
1, 14609, 4, 6552536, 1
1, 14609, 9, 201256, 8
1, 14609, 1, 58275384, 1
1, 14609, 1, 8645756, 1
1, 14609, 1, 2878103, 4
1, 14609, 1, 17833995, 1
1, 14609, 1, 6980866, 1
1, 14609, 1, 754869, 2
1, 14609, 1, 1623531, 2
1, 14609, 58, 2035500, 5
1, 14609, 34, 87642, 2
1, 14609, 9, 164816, 46
1, 14609, 55, 643725, 2
1, 14609, 30, 11086, 3
1, 14609, 41, 1905, 2
1, 14609, 35, 1750, 5
1, 14609, 33, 1467, 6
1, 14609, 16, 1284, 54
1, 14609, 20, 123, 62
1, 14609, 48, 6608327, 3
1, 14609, 27, 146, 56
1, 14609, 12, 131002, 39
1, 14609, 13, 101, 300
1, 14609, 7, 101, 688
1, 14609, 54, 1563, 35
1, 14609, 4, 101, 671
1, 14609, 304, 1850520, 3
1, 14609, 29, 735, 181
1, 14609, 21, 1374, 270
1, 14609, 40, 38645, 62
1, 14609, 71, 102807, 24
1, 14609, 65, 4182, 85
1, 14609, 17, 60024, 324
1, 14609, 8, 176, 679
1, 14609, 2, 101, 1200
1, 14609, 169, 11459, 38
1, 14609, 6, 284, 2532
1, 14609, 175, 260453, 139
1, 14609, 234, 262712, 50
1, 14609, 3, 101, 5838
1, 14609, 5, 173, 2018
1, 14609, 15, 690, 2169
1, 14609, 140, 180407, 451
1, 14609, 120, 11459, 279
1, 14609, 38, 1202, 1468
1, 14609, 11, 167, 2262
1, 14609, 25, 167, 1690
1, 14609, 53, 1266, 1340
1, 14609, 89, 1202, 1594
1, 7241947, 9, 201256, 2
1, 7241947, 1, 58275384, 5
1, 7241947, 1, 6980866, 1
1, 7241947, 1, 60939141, 3
1, 7241947, 34, 87642, 5
1, 7241947, 9, 164816, 31
1, 7241947, 55, 643725, 3
1, 7241947, 30, 11086, 11
1, 7241947, 41, 1905, 3
1, 7241947, 35, 1750, 15
1, 7241947, 33, 1467, 28
1, 7241947, 16, 1284, 106
1, 7241947, 20, 123, 125
1, 7241947, 48, 6608327, 3
1, 7241947, 27, 146, 68
1, 7241947, 12, 131002, 76
1, 7241947, 13, 101, 496
1, 7241947, 7, 101, 1231
1, 7241947, 54, 1563, 64
1, 7241947, 4, 101, 1205
1, 7241947, 304, 1850520, 6
1, 7241947, 29, 735, 322
1, 7241947, 21, 1374, 436
1, 7241947, 40, 38645, 100
1, 7241947, 71, 102807, 36
1, 7241947, 65, 4182, 175
1, 7241947, 17, 60024, 345
1, 7241947, 8, 176, 574
1, 7241947, 2, 101, 1184
1, 7241947, 169, 11459, 40
1, 7241947, 6, 284, 2540
1, 7241947, 175, 260453, 79
1, 7241947, 234, 262712, 50
1, 7241947, 3, 101, 6451
1, 7241947, 5, 173, 2176
1, 7241947, 15, 690, 1992
1, 7241947, 140, 180407, 286
1, 7241947, 120, 11459, 288
1, 7241947, 38, 1202, 1154
1, 7241947, 11, 167, 2879
1, 7241947, 25, 167, 1853
1, 7241947, 53, 1266, 1484
1, 7241947, 89, 1202, 1326
4, 6552536, 1, 1443591, 2
4, 6552536, 9, 201256, 2
4, 6552536, 1, 8645756, 7
4, 6552536, 1, 2878103, 2
4, 6552536, 1, 6980866, 1
4, 6552536, 1, 60939141, 1
4, 6552536, 1, 1623531, 9
4, 6552536, 2, 2407314, 1
4, 6552536, 58, 2035500, 2
4, 6552536, 9, 164816, 22
4, 6552536, 55, 643725, 2
4, 6552536, 30, 11086, 6
4, 6552536, 41, 1905, 8
4, 6552536, 35, 1750, 5
4, 6552536, 33, 1467, 26
4, 6552536, 16, 1284, 50
4, 6552536, 20, 123, 87
4, 6552536, 48, 6608327, 10
4, 6552536, 27, 146, 52
4, 6552536, 12, 131002, 71
4, 6552536, 13, 101, 355
4, 6552536, 7, 101, 783
4, 6552536, 54, 1563, 46
4, 6552536, 4, 101, 770
4, 6552536, 304, 1850520, 12
4, 6552536, 29, 735, 228
4, 6552536, 21, 1374, 326
4, 6552536, 40, 38645, 108
4, 6552536, 71, 102807, 27
4, 6552536, 65, 4182, 116
4, 6552536, 17, 60024, 289
4, 6552536, 8, 176, 639
4, 6552536, 2, 101, 1276
4, 6552536, 169, 11459, 45
4, 6552536, 6, 284, 2533
4, 6552536, 175, 260453, 93
4, 6552536, 234, 262712, 46
4, 6552536, 3, 101, 5942
4, 6552536, 5, 173, 2268
4, 6552536, 15, 690, 1977
4, 6552536, 140, 180407, 335
4, 6552536, 120, 11459, 270
4, 6552536, 38, 1202, 1216
4, 6552536, 11, 167, 2657
4, 6552536, 25, 167, 1872
4, 6552536, 53, 1266, 1476
4, 6552536, 89, 1202, 1442
1, 1443591, 9, 201256, 3
1, 1443591, 1, 58275384, 1
1, 1443591, 1, 8645756, 3
1, 1443591, 1, 2878103, 2
1, 1443591, 1, 6980866, 6
1, 1443591, 1, 1623531, 2
1, 1443591, 34, 87642, 5
1, 1443591, 9, 164816, 8
1, 1443591, 55, 643725, 1
1, 1443591, 30, 11086, 8
1, 1443591, 41, 1905, 9
1, 1443591, 35, 1750, 10
1, 1443591, 33, 1467, 33
1, 1443591, 16, 1284, 80
1, 1443591, 20, 123, 180
1, 1443591, 48, 6608327, 7
1, 1443591, 27, 146, 80
1, 1443591, 12, 131002, 54
1, 1443591, 13, 101, 647
1, 1443591, 7, 101, 1506
1, 1443591, 54, 1563, 44
1, 1443591, 4, 101, 1154
1, 1443591, 304, 1850520, 8
1, 1443591, 29, 735, 228
1, 1443591, 21, 1374, 270
1, 1443591, 40, 38645, 64
1, 1443591, 71, 102807, 39
1, 1443591, 65, 4182, 93
1, 1443591, 17, 60024, 229
1, 1443591, 8, 176, 581
1, 1443591, 2, 101, 1370
1, 1443591, 169, 11459, 34
1, 1443591, 6, 284, 1869
1, 1443591, 175, 260453, 71
1, 1443591, 234, 262712, 36
1, 1443591, 3, 101, 5738
1, 1443591, 5, 173, 1756
1, 1443591, 15, 690, 1520
1, 1443591, 140, 180407, 249
1, 1443591, 120, 11459, 213
1, 1443591, 38, 1202, 799
1, 1443591, 11, 167, 2154
1, 1443591, 25, 167, 1492
1, 1443591, 53, 1266, 1147
1, 1443591, 89, 1202, 1013
9, 201256, 1, 58275384, 7
9, 201256, 1, 8645756, 1
9, 201256, 1, 2878103, 8
9, 201256, 1, 17833995, 6
9, 201256, 1, 60939141, 1
9, 201256, 1, 754869, 10
9, 201256, 1, 1623531, 9
9, 201256, 58, 2035500, 3
9, 201256, 34, 87642, 1
9, 201256, 9, 164816, 31
9, 201256, 41, 1905, 1
9, 201256, 35, 1750, 1
9, 201256, 33, 1467, 1
9, 201256, 16, 1284, 16
9, 201256, 20, 123, 22
9, 201256, 27, 146, 14
9, 201256, 12, 131002, 32
9, 201256, 13, 101, 87
9, 201256, 7, 101, 274
9, 201256, 54, 1563, 2
9, 201256, 4, 101, 352
9, 201256, 304, 1850520, 1
9, 201256, 29, 735, 30
9, 201256, 21, 1374, 55
9, 201256, 40, 38645, 11
9, 201256, 71, 102807, 9
9, 201256, 65, 4182, 12
9, 201256, 17, 60024, 121
9, 201256, 8, 176, 220
9, 201256, 2, 101, 924
9, 201256, 169, 11459, 22
9, 201256, 6, 284, 992
9, 201256, 175, 260453, 63
9, 201256, 234, 262712, 18
9, 201256, 3, 101, 2389
9, 201256, 5, 173, 875
9, 201256, 15, 690, 844
9, 201256, 140, 180407, 155
9, 201256, 120, 11459, 117
9, 201256, 38, 1202, 525
9, 201256, 11, 167, 742
9, 201256, 25, 167, 589
9, 201256, 53, 1266, 457
9, 201256, 89, 1202, 553
1, 58275384, 1, 8645756, 2
1, 58275384, 1, 2878103, 1
1, 58275384, 1, 17833995, 8
1, 58275384, 1, 60939141, 1
1, 58275384, 1, 754869, 6
1, 58275384, 1, 1623531, 3
1, 58275384, 58, 2035500, 5
1, 58275384, 9, 164816, 88
1, 58275384, 55, 643725, 2
1, 58275384, 30, 11086, 1
1, 58275384, 35, 1750, 1
1, 58275384, 33, 1467, 6
1, 58275384, 16, 1284, 23
1, 58275384, 20, 123, 31
1, 58275384, 48, 6608327, 6
1, 58275384, 27, 146, 36
1, 58275384, 12, 131002, 33
1, 58275384, 13, 101, 113
1, 58275384, 7, 101, 312
1, 58275384, 54, 1563, 13
1, 58275384, 4, 101, 391
1, 58275384, 304, 1850520, 15
1, 58275384, 29, 735, 64
1, 58275384, 21, 1374, 168
1, 58275384, 40, 38645, 49
1, 58275384, 71, 102807, 34
1, 58275384, 65, 4182, 50
1, 58275384, 17, 60024, 278
1, 58275384, 8, 176, 299
1, 58275384, 2, 101, 1109
1, 58275384, 169, 11459, 41
1, 58275384, 6, 284, 2253
1, 58275384, 175, 260453, 91
1, 58275384, 234, 262712, 55
1, 58275384, 3, 101, 4168
1, 58275384, 5, 173, 1288
1, 58275384, 15, 690, 1901
1, 58275384, 140, 180407, 296
1, 58275384, 120, 11459, 228
1, 58275384, 38, 1202, 1282
1, 58275384, 11, 167, 1353
1, 58275384, 25, 167, 943
1, 58275384, 53, 1266, 771
1, 58275384, 89, 1202, 1182
1, 8645756, 1, 2878103, 6
1, 8645756, 1, 17833995, 7
1, 8645756, 1, 60939141, 5
1, 8645756, 1, 1623531, 4
1, 8645756, 58, 2035500, 3
1, 8645756, 9, 164816, 78
1, 8645756, 55, 643725, 4
1, 8645756, 30, 11086, 2
1, 8645756, 41, 1905, 2
1, 8645756, 35, 1750, 1
1, 8645756, 33, 1467, 14
1, 8645756, 16, 1284, 32
1, 8645756, 20, 123, 39
1, 8645756, 48, 6608327, 4
1, 8645756, 27, 146, 40
1, 8645756, 12, 131002, 39
1, 8645756, 13, 101, 153
1, 8645756, 7, 101, 394
1, 8645756, 54, 1563, 13
1, 8645756, 4, 101, 457
1, 8645756, 304, 1850520, 13
1, 8645756, 29, 735, 130
1, 8645756, 21, 1374, 274
1, 8645756, 40, 38645, 66
1, 8645756, 71, 102807, 24
1, 8645756, 65, 4182, 72
1, 8645756, 17, 60024, 351
1, 8645756, 8, 176, 320
1, 8645756, 2, 101, 997
1, 8645756, 169, 11459, 36
1, 8645756, 6, 284, 3194
1, 8645756, 175, 260453, 197
1, 8645756, 234, 262712, 54
1, 8645756, 3, 101, 5458
1, 8645756, 5, 173, 1413
1, 8645756, 15, 690, 2926
1, 8645756, 140, 180407, 500
1, 8645756, 120, 11459, 270
1, 8645756, 38, 1202, 1877
1, 8645756, 11, 167, 1717
1, 8645756, 25, 167, 1114
1, 8645756, 53, 1266, 1061
1, 8645756, 89, 1202, 1775
1, 2878103, 1, 6980866, 3
1, 2878103, 1, 1623531, 1
1, 2878103, 58, 2035500, 3
1, 2878103, 9, 164816, 46
1, 2878103, 55, 643725, 6
1, 2878103, 30, 11086, 1
1, 2878103, 41, 1905, 1
1, 2878103, 33, 1467, 14
1, 2878103, 16, 1284, 45
1, 2878103, 20, 123, 39
1, 2878103, 48, 6608327, 8
1, 2878103, 27, 146, 35
1, 2878103, 12, 131002, 38
1, 2878103, 13, 101, 182
1, 2878103, 7, 101, 391
1, 2878103, 54, 1563, 23
1, 2878103, 4, 101, 488
1, 2878103, 304, 1850520, 14
1, 2878103, 29, 735, 127
1, 2878103, 21, 1374, 290
1, 2878103, 40, 38645, 58
1, 2878103, 71, 102807, 22
1, 2878103, 65, 4182, 84
1, 2878103, 17, 60024, 394
1, 2878103, 8, 176, 404
1, 2878103, 2, 101, 966
1, 2878103, 169, 11459, 47
1, 2878103, 6, 284, 3410
1, 2878103, 175, 260453, 179
1, 2878103, 234, 262712, 63
1, 2878103, 3, 101, 5763
1, 2878103, 5, 173, 1558
1, 2878103, 15, 690, 3116
1, 2878103, 140, 180407, 514
1, 2878103, 120, 11459, 327
1, 2878103, 38, 1202, 2068
1, 2878103, 11, 167, 1903
1, 2878103, 25, 167, 1237
1, 2878103, 53, 1266, 1096
1, 2878103, 89, 1202, 1844
1, 17833995, 1, 6980866, 1
1, 17833995, 1, 754869, 1
1, 17833995, 1, 1623531, 2
1, 17833995, 58, 2035500, 2
1, 17833995, 34, 87642, 5
1, 17833995, 9, 164816, 86
1, 17833995, 55, 643725, 6
1, 17833995, 41, 1905, 1
1, 17833995, 35, 1750, 3
1, 17833995, 33, 1467, 8
1, 17833995, 16, 1284, 50
1, 17833995, 20, 123, 42
1, 17833995, 48, 6608327, 2
1, 17833995, 27, 146, 48
1, 17833995, 12, 131002, 48
1, 17833995, 13, 101, 164
1, 17833995, 7, 101, 438
1, 17833995, 54, 1563, 36
1, 17833995, 4, 101, 556
1, 17833995, 304, 1850520, 6
1, 17833995, 29, 735, 166
1, 17833995, 21, 1374, 402
1, 17833995, 40, 38645, 107
1, 17833995, 71, 102807, 38
1, 17833995, 65, 4182, 114
1, 17833995, 17, 60024, 465
1, 17833995, 8, 176, 488
1, 17833995, 2, 101, 931
1, 17833995, 169, 11459, 50
1, 17833995, 6, 284, 3869
1, 17833995, 175, 260453, 225
1, 17833995, 234, 262712, 46
1, 17833995, 3, 101, 6442
1, 17833995, 5, 173, 1824
1, 17833995, 15, 690, 3549
1, 17833995, 140, 180407, 649
1, 17833995, 120, 11459, 326
1, 17833995, 38, 1202, 2364
1, 17833995, 11, 167, 2210
1, 17833995, 25, 167, 1448
1, 17833995, 53, 1266, 1296
1, 17833995, 89, 1202, 2184
1, 6980866, 1, 1623531, 1
1, 6980866, 58, 2035500, 9
1, 6980866, 34, 87642, 1
1, 6980866, 9, 164816, 63
1, 6980866, 55, 643725, 7
1, 6980866, 30, 11086, 5
1, 6980866, 35, 1750, 3
1, 6980866, 33, 1467, 19
1, 6980866, 16, 1284, 36
1, 6980866, 20, 123, 48
1, 6980866, 48, 6608327, 7
1, 6980866, 27, 146, 47
1, 6980866, 12, 131002, 46
1, 6980866, 13, 101, 177
1, 6980866, 7, 101, 492
1, 6980866, 54, 1563, 30
1, 6980866, 4, 101, 577
1, 6980866, 304, 1850520, 8
1, 6980866, 29, 735, 169
1, 6980866, 21, 1374, 379
1, 6980866, 40, 38645, 93
1, 6980866, 71, 102807, 22
1, 6980866, 65, 4182, 123
1, 6980866, 17, 60024, 425
1, 6980866, 8, 176, 561
1, 6980866, 2, 101, 1035
1, 6980866, 169, 11459, 65
1, 6980866, 6, 284, 3778
1, 6980866, 175, 260453, 204
1, 6980866, 234, 262712, 64
1, 6980866, 3, 101, 6554
1, 6980866, 5, 173, 1971
1, 6980866, 15, 690, 3378
1, 6980866, 140, 180407, 530
1, 6980866, 120, 11459, 339
1, 6980866, 38, 1202, 2220
1, 6980866, 11, 167, 2343
1, 6980866, 25, 167, 1643
1, 6980866, 53, 1266, 1428
1, 6980866, 89, 1202, 2073
1, 60939141, 1, 754869, 1
1, 60939141, 9, 164816, 49
1, 60939141, 55, 643725, 8
1, 60939141, 30, 11086, 3
1, 60939141, 41, 1905, 1
1, 60939141, 35, 1750, 1
1, 60939141, 33, 1467, 9
1, 60939141, 16, 1284, 41
1, 60939141, 20, 123, 33
1, 60939141, 48, 6608327, 9
1, 60939141, 27, 146, 31
1, 60939141, 12, 131002, 82
1, 60939141, 13, 101, 140
1, 60939141, 7, 101, 366
1, 60939141, 54, 1563, 28
1, 60939141, 4, 101, 531
1, 60939141, 304, 1850520, 8
1, 60939141, 29, 735, 153
1, 60939141, 21, 1374, 297
1, 60939141, 40, 38645, 109
1, 60939141, 71, 102807, 35
1, 60939141, 65, 4182, 101
1, 60939141, 17, 60024, 436
1, 60939141, 8, 176, 690
1, 60939141, 2, 101, 976
1, 60939141, 169, 11459, 60
1, 60939141, 6, 284, 3580
1, 60939141, 175, 260453, 201
1, 60939141, 234, 262712, 85
1, 60939141, 3, 101, 6470
1, 60939141, 5, 173, 2101
1, 60939141, 15, 690, 3306
1, 60939141, 140, 180407, 552
1, 60939141, 120, 11459, 374
1, 60939141, 38, 1202, 2077
1, 60939141, 11, 167, 2385
1, 60939141, 25, 167, 1810
1, 60939141, 53, 1266, 1471
1, 60939141, 89, 1202, 2143
1, 754869, 1, 1623531, 9
1, 754869, 58, 2035500, 2
1, 754869, 34, 87642, 4
1, 754869, 9, 164816, 29
1, 754869, 30, 11086, 25
1, 754869, 41, 1905, 6
1, 754869, 35, 1750, 16
1, 754869, 33, 1467, 28
1, 754869, 16, 1284, 124
1, 754869, 20, 123, 284
1, 754869, 27, 146, 105
1, 754869, 12, 131002, 35
1, 754869, 13, 101, 947
1, 754869, 7, 101, 2076
1, 754869, 54, 1563, 42
1, 754869, 4, 101, 1454
1, 754869, 304, 1850520, 7
1, 754869, 29, 735, 182
1, 754869, 21, 1374, 260
1, 754869, 40, 38645, 91
1, 754869, 71, 102807, 29
1, 754869, 65, 4182, 94
1, 754869, 17, 60024, 162
1, 754869, 8, 176, 524
1, 754869, 2, 101, 1479
1, 754869, 169, 11459, 25
1, 754869, 6, 284, 1438
1, 754869, 175, 260453, 29
1, 754869, 234, 262712, 25
1, 754869, 3, 101, 5664
1, 754869, 5, 173, 1597
1, 754869, 15, 690, 1070
1, 754869, 140, 180407, 125
1, 754869, 120, 11459, 163
1, 754869, 38, 1202, 512
1, 754869, 11, 167, 1897
1, 754869, 25, 167, 1367
1, 754869, 53, 1266, 881
1, 754869, 89, 1202, 724
1, 1623531, 2, 2407314, 2
1, 1623531, 58, 2035500, 1
1, 1623531, 34, 87642, 8
1, 1623531, 9, 164816, 9
1, 1623531, 30, 11086, 23
1, 1623531, 41, 1905, 3
1, 1623531, 35, 1750, 33
1, 1623531, 33, 1467, 32
1, 1623531, 16, 1284, 172
1, 1623531, 20, 123, 483
1, 1623531, 48, 6608327, 4
1, 1623531, 27, 146, 117
1, 1623531, 12, 131002, 36
1, 1623531, 13, 101, 1641
1, 1623531, 7, 101, 3371
1, 1623531, 54, 1563, 33
1, 1623531, 4, 101, 2125
1, 1623531, 304, 1850520, 3
1, 1623531, 29, 735, 149
1, 1623531, 21, 1374, 159
1, 1623531, 40, 38645, 40
1, 1623531, 71, 102807, 26
1, 1623531, 65, 4182, 70
1, 1623531, 17, 60024, 134
1, 1623531, 8, 176, 379
1, 1623531, 2, 101, 1688
1, 1623531, 169, 11459, 12
1, 1623531, 6, 284, 982
1, 1623531, 175, 260453, 21
1, 1623531, 234, 262712, 16
1, 1623531, 3, 101, 6079
1, 1623531, 5, 173, 1194
1, 1623531, 15, 690, 710
1, 1623531, 140, 180407, 65
1, 1623531, 120, 11459, 90
1, 1623531, 38, 1202, 283
1, 1623531, 11, 167, 1660
1, 1623531, 25, 167, 1073
1, 1623531, 53, 1266, 607
1, 1623531, 89, 1202, 422
2, 2407314, 16, 1284, 1
2, 2407314, 20, 123, 3
2, 2407314, 27, 146, 1
2, 2407314, 13, 101, 16
2, 2407314, 7, 101, 42
2, 2407314, 4, 101, 20
2, 2407314, 29, 735, 2
2, 2407314, 21, 1374, 1
2, 2407314, 8, 176, 4
2, 2407314, 2, 101, 28
2, 2407314, 6, 284, 2
2, 2407314, 3, 101, 57
2, 2407314, 5, 173, 13
2, 2407314, 15, 690, 1
2, 2407314, 11, 167, 10
2, 2407314, 25, 167, 9
2, 2407314, 53, 1266, 3
58, 2035500, 9, 164816, 861
58, 2035500, 27, 146, 874
58, 2035500, 4, 101, 3
58, 2035500, 304, 1850520, 1
58, 2035500, 29, 735, 1
58, 2035500, 21, 1374, 14
58, 2035500, 40, 38645, 4
58, 2035500, 17, 60024, 901
58, 2035500, 2, 101, 433
58, 2035500, 169, 11459, 12
58, 2035500, 6, 284, 453
58, 2035500, 234, 262712, 13
58, 2035500, 3, 101, 900
58, 2035500, 5, 173, 747
58, 2035500, 15, 690, 147
58, 2035500, 140, 180407, 8
58, 2035500, 120, 11459, 119
58, 2035500, 38, 1202, 5
58, 2035500, 11, 167, 123
58, 2035500, 25, 167, 23
58, 2035500, 53, 1266, 851
58, 2035500, 89, 1202, 92
34, 87642, 41, 1905, 131
34, 87642, 35, 1750, 2
34, 87642, 33, 1467, 1
34, 87642, 16, 1284, 2470
34, 87642, 20, 123, 58
34, 87642, 27, 146, 1655
34, 87642, 12, 131002, 99
34, 87642, 13, 101, 34
34, 87642, 7, 101, 2088
34, 87642, 4, 101, 1908
34, 87642, 29, 735, 45
34, 87642, 21, 1374, 2
34, 87642, 40, 38645, 10
34, 87642, 65, 4182, 24
34, 87642, 17, 60024, 144
34, 87642, 8, 176, 1
34, 87642, 2, 101, 1870
34, 87642, 6, 284, 624
34, 87642, 3, 101, 2244
34, 87642, 5, 173, 468
34, 87642, 15, 690, 205
34, 87642, 140, 180407, 1
34, 87642, 120, 11459, 6
34, 87642, 38, 1202, 5
34, 87642, 11, 167, 1632
34, 87642, 25, 167, 598
34, 87642, 53, 1266, 31
34, 87642, 89, 1202, 12
9, 164816, 35, 1750, 1
9, 164816, 33, 1467, 2
9, 164816, 20, 123, 1
9, 164816, 27, 146, 6102
9, 164816, 12, 131002, 4
9, 164816, 13, 101, 5
9, 164816, 7, 101, 7
9, 164816, 54, 1563, 10
9, 164816, 4, 101, 113
9, 164816, 304, 1850520, 3
9, 164816, 29, 735, 47
9, 164816, 21, 1374, 218
9, 164816, 40, 38645, 47
9, 164816, 71, 102807, 1
9, 164816, 65, 4182, 5
9, 164816, 17, 60024, 8255
9, 164816, 8, 176, 25
9, 164816, 2, 101, 6242
9, 164816, 169, 11459, 27
9, 164816, 6, 284, 3093
9, 164816, 175, 260453, 1
9, 164816, 234, 262712, 27
9, 164816, 3, 101, 18234
9, 164816, 5, 173, 7771
9, 164816, 15, 690, 829
9, 164816, 140, 180407, 28
9, 164816, 120, 11459, 231
9, 164816, 38, 1202, 46
9, 164816, 11, 167, 945
9, 164816, 25, 167, 196
9, 164816, 53, 1266, 3122
9, 164816, 89, 1202, 261
55, 643725, 4, 101, 29
55, 643725, 304, 1850520, 6
55, 643725, 21, 1374, 21
55, 643725, 40, 38645, 3
55, 643725, 71, 102807, 6
55, 643725, 65, 4182, 4
55, 643725, 17, 60024, 430
55, 643725, 8, 176, 1
55, 643725, 2, 101, 1314
55, 643725, 169, 11459, 64
55, 643725, 6, 284, 1475
55, 643725, 175, 260453, 2
55, 643725, 234, 262712, 40
55, 643725, 3, 101, 3551
55, 643725, 5, 173, 2526
55, 643725, 15, 690, 640
55, 643725, 140, 180407, 20
55, 643725, 120, 11459, 1064
55, 643725, 38, 1202, 53
55, 643725, 11, 167, 3861
55, 643725, 25, 167, 3714
55, 643725, 53, 1266, 2924
55, 643725, 89, 1202, 140
30, 11086, 35, 1750, 170
30, 11086, 33, 1467, 149
30, 11086, 16, 1284, 9
30, 11086, 20, 123, 34
30, 11086, 27, 146, 88
30, 11086, 12, 131002, 1
30, 11086, 13, 101, 174
30, 11086, 7, 101, 485
30, 11086, 4, 101, 3773
30, 11086, 29, 735, 1
30, 11086, 65, 4182, 1
30, 11086, 8, 176, 15
30, 11086, 2, 101, 3780
30, 11086, 169, 11459, 2
30, 11086, 6, 284, 39
30, 11086, 3, 101, 3205
30, 11086, 5, 173, 1181
30, 11086, 15, 690, 162
30, 11086, 120, 11459, 2
30, 11086, 38, 1202, 63
30, 11086, 11, 167, 6961
30, 11086, 25, 167, 5629
30, 11086, 53, 1266, 121
30, 11086, 89, 1202, 8
41, 1905, 35, 1750, 2
41, 1905, 33, 1467, 160
41, 1905, 16, 1284, 793
41, 1905, 20, 123, 1
41, 1905, 27, 146, 4445
41, 1905, 12, 131002, 32
41, 1905, 13, 101, 19
41, 1905, 7, 101, 754
41, 1905, 4, 101, 4281
41, 1905, 29, 735, 12
41, 1905, 21, 1374, 69
41, 1905, 40, 38645, 1
41, 1905, 65, 4182, 5
41, 1905, 17, 60024, 25
41, 1905, 8, 176, 1292
41, 1905, 2, 101, 3495
41, 1905, 6, 284, 2273
41, 1905, 234, 262712, 1
41, 1905, 3, 101, 2267
41, 1905, 5, 173, 246
41, 1905, 15, 690, 2762
41, 1905, 140, 180407, 1
41, 1905, 120, 11459, 8
41, 1905, 38, 1202, 11
41, 1905, 11, 167, 3237
41, 1905, 25, 167, 490
41, 1905, 53, 1266, 73
41, 1905, 89, 1202, 15
35, 1750, 33, 1467, 374
35, 1750, 16, 1284, 290
35, 1750, 20, 123, 19
35, 1750, 27, 146, 333
35, 1750, 13, 101, 87
35, 1750, 7, 101, 386
35, 1750, 54, 1563, 3
35, 1750, 4, 101, 2396
35, 1750, 29, 735, 20
35, 1750, 21, 1374, 10
35, 1750, 65, 4182, 1
35, 1750, 17, 60024, 4
35, 1750, 8, 176, 107
35, 1750, 2, 101, 4120
35, 1750, 169, 11459, 1
35, 1750, 6, 284, 672
35, 1750, 3, 101, 4349
35, 1750, 5, 173, 3276
35, 1750, 15, 690, 437
35, 1750, 120, 11459, 3
35, 1750, 38, 1202, 10
35, 1750, 11, 167, 6844
35, 1750, 25, 167, 6504
35, 1750, 53, 1266, 120
35, 1750, 89, 1202, 18
33, 1467, 16, 1284, 15
33, 1467, 20, 123, 7
33, 1467, 27, 146, 317
33, 1467, 13, 101, 327
33, 1467, 7, 101, 780
33, 1467, 54, 1563, 24
33, 1467, 4, 101, 6582
33, 1467, 29, 735, 220
33, 1467, 21, 1374, 339
33, 1467, 40, 38645, 5
33, 1467, 71, 102807, 1
33, 1467, 65, 4182, 57
33, 1467, 17, 60024, 1013
33, 1467, 8, 176, 5000
33, 1467, 2, 101, 5888
33, 1467, 169, 11459, 1
33, 1467, 6, 284, 6961
33, 1467, 234, 262712, 3
33, 1467, 3, 101, 7344
33, 1467, 5, 173, 102
33, 1467, 15, 690, 7710
33, 1467, 140, 180407, 6
33, 1467, 120, 11459, 81
33, 1467, 38, 1202, 428
33, 1467, 11, 167, 3556
33, 1467, 25, 167, 8013
33, 1467, 53, 1266, 926
33, 1467, 89, 1202, 72
16, 1284, 20, 123, 721
16, 1284, 27, 146, 5666
16, 1284, 12, 131002, 239
16, 1284, 13, 101, 6564
16, 1284, 7, 101, 25795
16, 1284, 54, 1563, 3
16, 1284, 4, 101, 10324
16, 1284, 29, 735, 130
16, 1284, 21, 1374, 1120
16, 1284, 40, 38645, 55
16, 1284, 71, 102807, 1
16, 1284, 65, 4182, 91
16, 1284, 17, 60024, 136
16, 1284, 8, 176, 162
16, 1284, 2, 101, 16572
16, 1284, 169, 11459, 10
16, 1284, 6, 284, 4386
16, 1284, 175, 260453, 701
16, 1284, 234, 262712, 2
16, 1284, 3, 101, 25926
16, 1284, 5, 173, 1979
16, 1284, 15, 690, 6514
16, 1284, 140, 180407, 593
16, 1284, 120, 11459, 50
16, 1284, 38, 1202, 1928
16, 1284, 11, 167, 6033
16, 1284, 25, 167, 1165
16, 1284, 53, 1266, 150
16, 1284, 89, 1202, 3498
20, 123, 27, 146, 4771
20, 123, 12, 131002, 7
20, 123, 13, 101, 22125
20, 123, 7, 101, 30510
20, 123, 4, 101, 8606
20, 123, 29, 735, 369
20, 123, 21, 1374, 116
20, 123, 40, 38645, 87
20, 123, 71, 102807, 1
20, 123, 65, 4182, 1
20, 123, 17, 60024, 3
20, 123, 8, 176, 1562
20, 123, 2, 101, 13502
20, 123, 6, 284, 222
20, 123, 3, 101, 26596
20, 123, 5, 173, 1252
20, 123, 15, 690, 562
20, 123, 140, 180407, 8
20, 123, 120, 11459, 2
20, 123, 38, 1202, 27
20, 123, 11, 167, 1122
20, 123, 25, 167, 822
20, 123, 53, 1266, 79
20, 123, 89, 1202, 35
48, 6608327, 12, 131002, 1
48, 6608327, 4, 101, 23
48, 6608327, 21, 1374, 4
48, 6608327, 40, 38645, 1
48, 6608327, 17, 60024, 42
48, 6608327, 8, 176, 6
48, 6608327, 2, 101, 5613
48, 6608327, 169, 11459, 6
48, 6608327, 6, 284, 11903
48, 6608327, 175, 260453, 2098
48, 6608327, 234, 262712, 3
48, 6608327, 3, 101, 10146
48, 6608327, 5, 173, 465
48, 6608327, 15, 690, 13051
48, 6608327, 140, 180407, 6159
48, 6608327, 120, 11459, 30
48, 6608327, 38, 1202, 10641
48, 6608327, 11, 167, 264
48, 6608327, 25, 167, 71
48, 6608327, 53, 1266, 27
48, 6608327, 89, 1202, 2719
27, 146, 12, 131002, 252
27, 146, 13, 101, 6367
27, 146, 7, 101, 14582
27, 146, 54, 1563, 10
27, 146, 4, 101, 18428
27, 146, 304, 1850520, 3
27, 146, 29, 735, 186
27, 146, 21, 1374, 275
27, 146, 40, 38645, 60
27, 146, 71, 102807, 2
27, 146, 65, 4182, 54
27, 146, 17, 60024, 4407
27, 146, 8, 176, 3853
27, 146, 2, 101, 19941
27, 146, 169, 11459, 24
27, 146, 6, 284, 6330
27, 146, 175, 260453, 2
27, 146, 234, 262712, 27
27, 146, 3, 101, 23579
27, 146, 5, 173, 6139
27, 146, 15, 690, 5876
27, 146, 140, 180407, 31
27, 146, 120, 11459, 202
27, 146, 38, 1202, 158
27, 146, 11, 167, 16217
27, 146, 25, 167, 3129
27, 146, 53, 1266, 2517
27, 146, 89, 1202, 309
12, 131002, 13, 101, 3
12, 131002, 7, 101, 153
12, 131002, 54, 1563, 9
12, 131002, 4, 101, 29223
12, 131002, 304, 1850520, 5
12, 131002, 29, 735, 42306
12, 131002, 21, 1374, 1460
12, 131002, 40, 38645, 2009
12, 131002, 71, 102807, 2418
12, 131002, 65, 4182, 36689
12, 131002, 17, 60024, 6798
12, 131002, 8, 176, 162
12, 131002, 2, 101, 39125
12, 131002, 169, 11459, 6916
12, 131002, 6, 284, 44420
12, 131002, 175, 260453, 18
12, 131002, 234, 262712, 624
12, 131002, 3, 101, 81116
12, 131002, 5, 173, 9956
12, 131002, 15, 690, 7307
12, 131002, 140, 180407, 194
12, 131002, 120, 11459, 17447
12, 131002, 38, 1202, 434
12, 131002, 11, 167, 47935
12, 131002, 25, 167, 10381
12, 131002, 53, 1266, 19042
12, 131002, 89, 1202, 3083
13, 101, 7, 101, 96751
13, 101, 54, 1563, 25
13, 101, 4, 101, 37683
13, 101, 29, 735, 416
13, 101, 21, 1374, 443
13, 101, 40, 38645, 130
13, 101, 71, 102807, 4
13, 101, 65, 4182, 2
13, 101, 17, 60024, 19
13, 101, 8, 176, 2327
13, 101, 2, 101, 56227
13, 101, 169, 11459, 7
13, 101, 6, 284, 1100
13, 101, 175, 260453, 1
13, 101, 3, 101, 101376
13, 101, 5, 173, 4664
13, 101, 15, 690, 2033
13, 101, 140, 180407, 24
13, 101, 120, 11459, 13
13, 101, 38, 1202, 121
13, 101, 11, 167, 7368
13, 101, 25, 167, 8023
13, 101, 53, 1266, 512
13, 101, 89, 1202, 262
7, 101, 54, 1563, 98
7, 101, 4, 101, 66179
7, 101, 29, 735, 1099
7, 101, 21, 1374, 1836
7, 101, 40, 38645, 145
7, 101, 71, 102807, 7
7, 101, 65, 4182, 69
7, 101, 17, 60024, 262
7, 101, 8, 176, 6126
7, 101, 2, 101, 134768
7, 101, 169, 11459, 20
7, 101, 6, 284, 5193
7, 101, 175, 260453, 16
7, 101, 234, 262712, 9
7, 101, 3, 101, 200803
7, 101, 5, 173, 8216
7, 101, 15, 690, 5749
7, 101, 140, 180407, 399
7, 101, 120, 11459, 68
7, 101, 38, 1202, 1878
7, 101, 11, 167, 22823
7, 101, 25, 167, 14757
7, 101, 53, 1266, 1232
7, 101, 89, 1202, 1612
54, 1563, 4, 101, 457
54, 1563, 304, 1850520, 1
54, 1563, 29, 735, 21909
54, 1563, 21, 1374, 35100
54, 1563, 40, 38645, 7537
54, 1563, 65, 4182, 179
54, 1563, 17, 60024, 147
54, 1563, 8, 176, 51
54, 1563, 2, 101, 21339
54, 1563, 6, 284, 56460
54, 1563, 234, 262712, 19
54, 1563, 3, 101, 21596
54, 1563, 5, 173, 609
54, 1563, 15, 690, 38473
54, 1563, 140, 180407, 13
54, 1563, 120, 11459, 288
54, 1563, 38, 1202, 107
54, 1563, 11, 167, 1867
54, 1563, 25, 167, 319
54, 1563, 53, 1266, 467
54, 1563, 89, 1202, 8274
4, 101, 304, 1850520, 68
4, 101, 29, 735, 22751
4, 101, 21, 1374, 8962
4, 101, 40, 38645, 2385
4, 101, 71, 102807, 84475
4, 101, 65, 4182, 17795
4, 101, 17, 60024, 80098
4, 101, 8, 176, 30901
4, 101, 2, 101, 551999
4, 101, 169, 11459, 3998
4, 101, 6, 284, 91431
4, 101, 175, 260453, 1330
4, 101, 234, 262712, 1498
4, 101, 3, 101, 344573
4, 101, 5, 173, 26483
4, 101, 15, 690, 62957
4, 101, 140, 180407, 5189
4, 101, 120, 11459, 22112
4, 101, 38, 1202, 18918
4, 101, 11, 167, 518289
4, 101, 25, 167, 352767
4, 101, 53, 1266, 286247
4, 101, 89, 1202, 20125
304, 1850520, 29, 735, 13
304, 1850520, 21, 1374, 393
304, 1850520, 40, 38645, 42
304, 1850520, 71, 102807, 5
304, 1850520, 65, 4182, 59
304, 1850520, 17, 60024, 22026
304, 1850520, 8, 176, 67
304, 1850520, 2, 101, 6775
304, 1850520, 169, 11459, 2367
304, 1850520, 6, 284, 21139
304, 1850520, 175, 260453, 11
304, 1850520, 234, 262712, 22736
304, 1850520, 3, 101, 19423
304, 1850520, 5, 173, 5373
304, 1850520, 15, 690, 6168
304, 1850520, 140, 180407, 668
304, 1850520, 120, 11459, 24193
304, 1850520, 38, 1202, 1020
304, 1850520, 11, 167, 13952
304, 1850520, 25, 167, 3036
304, 1850520, 53, 1266, 22680
304, 1850520, 89, 1202, 6344
29, 735, 21, 1374, 58980
29, 735, 40, 38645, 6653
29, 735, 71, 102807, 406
29, 735, 65, 4182, 47433
29, 735, 17, 60024, 5259
29, 735, 8, 176, 454
29, 735, 2, 101, 66826
29, 735, 169, 11459, 7521
29, 735, 6, 284, 127093
29, 735, 175, 260453, 7
29, 735, 234, 262712, 848
29, 735, 3, 101, 157576
29, 735, 5, 173, 9873
29, 735, 15, 690, 63042
29, 735, 140, 180407, 250
29, 735, 120, 11459, 19928
29, 735, 38, 1202, 1540
29, 735, 11, 167, 103041
29, 735, 25, 167, 8776
29, 735, 53, 1266, 25382
29, 735, 89, 1202, 8161
21, 1374, 40, 38645, 32134
21, 1374, 71, 102807, 559
21, 1374, 65, 4182, 65398
21, 1374, 17, 60024, 26036
21, 1374, 8, 176, 370
21, 1374, 2, 101, 91318
21, 1374, 169, 11459, 125
21, 1374, 6, 284, 197798
21, 1374, 175, 260453, 7743
21, 1374, 234, 262712, 4535
21, 1374, 3, 101, 282269
21, 1374, 5, 173, 5736
21, 1374, 15, 690, 119833
21, 1374, 140, 180407, 6396
21, 1374, 120, 11459, 35281
21, 1374, 38, 1202, 8965
21, 1374, 11, 167, 191870
21, 1374, 25, 167, 7896
21, 1374, 53, 1266, 82651
21, 1374, 89, 1202, 62890
40, 38645, 71, 102807, 69
40, 38645, 65, 4182, 1161
40, 38645, 17, 60024, 8705
40, 38645, 8, 176, 74
40, 38645, 2, 101, 72530
40, 38645, 169, 11459, 261
40, 38645, 6, 284, 155594
40, 38645, 175, 260453, 12
40, 38645, 234, 262712, 478
40, 38645, 3, 101, 96873
40, 38645, 5, 173, 3688
40, 38645, 15, 690, 130294
40, 38645, 140, 180407, 1329
40, 38645, 120, 11459, 5510
40, 38645, 38, 1202, 2277
40, 38645, 11, 167, 8586
40, 38645, 25, 167, 1602
40, 38645, 53, 1266, 3057
40, 38645, 89, 1202, 72015
71, 102807, 65, 4182, 940
71, 102807, 17, 60024, 2906
71, 102807, 8, 176, 31
71, 102807, 2, 101, 72918
71, 102807, 169, 11459, 1035
71, 102807, 6, 284, 14089
71, 102807, 175, 260453, 31
71, 102807, 234, 262712, 217
71, 102807, 3, 101, 45033
71, 102807, 5, 173, 506
71, 102807, 15, 690, 7558
71, 102807, 140, 180407, 321
71, 102807, 120, 11459, 6556
71, 102807, 38, 1202, 946
71, 102807, 11, 167, 108939
71, 102807, 25, 167, 103046
71, 102807, 53, 1266, 85119
71, 102807, 89, 1202, 2543
65, 4182, 17, 60024, 18150
65, 4182, 8, 176, 72
65, 4182, 2, 101, 34930
65, 4182, 169, 11459, 5518
65, 4182, 6, 284, 59762
65, 4182, 234, 262712, 1443
65, 4182, 3, 101, 125281
65, 4182, 5, 173, 4729
65, 4182, 15, 690, 13470
65, 4182, 140, 180407, 399
65, 4182, 120, 11459, 27495
65, 4182, 38, 1202, 581
65, 4182, 11, 167, 117869
65, 4182, 25, 167, 7710
65, 4182, 53, 1266, 55381
65, 4182, 89, 1202, 2294
17, 60024, 8, 176, 1371
17, 60024, 2, 101, 184229
17, 60024, 169, 11459, 4388
17, 60024, 6, 284, 355975
17, 60024, 175, 260453, 2385
17, 60024, 234, 262712, 84679
17, 60024, 3, 101, 470862
17, 60024, 5, 173, 43747
17, 60024, 15, 690, 88063
17, 60024, 140, 180407, 29253
17, 60024, 120, 11459, 210051
17, 60024, 38, 1202, 30616
17, 60024, 11, 167, 264850
17, 60024, 25, 167, 23201
17, 60024, 53, 1266, 296889
17, 60024, 89, 1202, 53873
8, 176, 2, 101, 1133141
8, 176, 169, 11459, 35967
8, 176, 6, 284, 41195
8, 176, 175, 260453, 65
8, 176, 234, 262712, 10478
8, 176, 3, 101, 1375698
8, 176, 5, 173, 1220034
8, 176, 15, 690, 22906
8, 176, 140, 180407, 1202
8, 176, 120, 11459, 133155
8, 176, 38, 1202, 5385
8, 176, 11, 167, 191180
8, 176, 25, 167, 1204561
8, 176, 53, 1266, 825235
8, 176, 89, 1202, 504420
2, 101, 169, 11459, 110442
2, 101, 6, 284, 1600511
2, 101, 175, 260453, 74768
2, 101, 234, 262712, 54180
2, 101, 3, 101, 4542760
2, 101, 5, 173, 5209307
2, 101, 15, 690, 1366284
2, 101, 140, 180407, 284813
2, 101, 120, 11459, 398973
2, 101, 38, 1202, 1002648
2, 101, 11, 167, 5468111
2, 101, 25, 167, 5095006
2, 101, 53, 1266, 3438466
2, 101, 89, 1202, 2022789
169, 11459, 6, 284, 35679
169, 11459, 175, 260453, 368
169, 11459, 234, 262712, 57390
169, 11459, 3, 101, 157260
169, 11459, 5, 173, 173509
169, 11459, 15, 690, 16855
169, 11459, 140, 180407, 3633
169, 11459, 120, 11459, 147511
169, 11459, 38, 1202, 4462
169, 11459, 11, 167, 171364
169, 11459, 25, 167, 192341
169, 11459, 53, 1266, 214756
169, 11459, 89, 1202, 196662
6, 284, 175, 260453, 136562
6, 284, 234, 262712, 90536
6, 284, 3, 101, 2672551
6, 284, 5, 173, 263367
6, 284, 15, 690, 2324395
6, 284, 140, 180407, 548098
6, 284, 120, 11459, 312842
6, 284, 38, 1202, 1895451
6, 284, 11, 167, 504859
6, 284, 25, 167, 256111
6, 284, 53, 1266, 486320
6, 284, 89, 1202, 1583205
175, 260453, 234, 262712, 159
175, 260453, 3, 101, 156139
175, 260453, 5, 173, 5992
175, 260453, 15, 690, 170194
175, 260453, 140, 180407, 128776
175, 260453, 120, 11459, 1548
175, 260453, 38, 1202, 163334
175, 260453, 11, 167, 7247
175, 260453, 25, 167, 2606
175, 260453, 53, 1266, 1722
175, 260453, 89, 1202, 182657
234, 262712, 3, 101, 117076
234, 262712, 5, 173, 64192
234, 262712, 15, 690, 25590
234, 262712, 140, 180407, 5076
234, 262712, 120, 11459, 138900
234, 262712, 38, 1202, 5272
234, 262712, 11, 167, 98923
234, 262712, 25, 167, 62541
234, 262712, 53, 1266, 145915
234, 262712, 89, 1202, 74338
3, 101, 5, 173, 4083869
3, 101, 15, 690, 2645793
3, 101, 140, 180407, 548080
3, 101, 120, 11459, 676150
3, 101, 38, 1202, 1849542
3, 101, 11, 167, 5258027
3, 101, 25, 167, 4824503
3, 101, 53, 1266, 3938609
3, 101, 89, 1202, 2920485
5, 173, 15, 690, 189943
5, 173, 140, 180407, 39163
5, 173, 120, 11459, 487366
5, 173, 38, 1202, 93415
5, 173, 11, 167, 4664442
5, 173, 25, 167, 5273581
5, 173, 53, 1266, 3833488
5, 173, 89, 1202, 1756611
15, 690, 140, 180407, 648438
15, 690, 120, 11459, 100628
15, 690, 38, 1202, 1828073
15, 690, 11, 167, 250726
15, 690, 25, 167, 140985
15, 690, 53, 1266, 147963
15, 690, 89, 1202, 1642922
140, 180407, 120, 11459, 23148
140, 180407, 38, 1202, 652813
140, 180407, 11, 167, 51314
140, 180407, 25, 167, 20710
140, 180407, 53, 1266, 26712
140, 180407, 89, 1202, 563168
120, 11459, 38, 1202, 23089
120, 11459, 11, 167, 590096
120, 11459, 25, 167, 560010
120, 11459, 53, 1266, 749308
120, 11459, 89, 1202, 490160
38, 1202, 11, 167, 90331
38, 1202, 25, 167, 38839
38, 1202, 53, 1266, 30304
38, 1202, 89, 1202, 1197384
11, 167, 25, 167, 4949443
11, 167, 53, 1266, 4540143
11, 167, 89, 1202, 1856247
25, 167, 53, 1266, 3668803
25, 167, 89, 1202, 2129569
53, 1266, 89, 1202, 1763820
