22, 6161, 31, 4062912, 0.0006009615384615385
22, 6161, 19, 19546040, 0.0009170572651314449
22, 6161, 14, 238083, 0.0001611733419292449
22, 6161, 1, 5249714, 0.00016623261483903143
22, 6161, 7, 19325784, 9.739943508327652e-05
22, 6161, 1, 15204409, 8.775778850372971e-05
22, 6161, 1, 31820411, 5.723279439118615e-05
22, 6161, 1, 201283, 2.907822041291073e-05
22, 6161, 1, 10126754, 0.00019911819086900867
22, 6161, 1, 7241947, 0.00025581990278843696
22, 6161, 4, 6552536, 0.000257201646090535
22, 6161, 1, 1443591, 5.701904436081651e-05
22, 6161, 9, 201256, 5.680204487361545e-05
22, 6161, 1, 58275384, 3.798237617745366e-05
22, 6161, 1, 2878103, 3.232166521219173e-05
22, 6161, 1, 17833995, 0.00012083862002295934
22, 6161, 1, 754869, 0.0003713118734112136
22, 6161, 1, 1623531, 0.0007965180781156658
22, 6161, 16, 1284, 0.00012689281786650876
22, 6161, 20, 123, 0.017896919886319994
22, 6161, 27, 146, 0.001753866959682191
22, 6161, 13, 101, 0.008751709569092275
22, 6161, 7, 101, 0.002501952772937571
22, 6161, 4, 101, 0.0004751949587305719
22, 6161, 8, 176, 3.331845571734288e-05
22, 6161, 2, 101, 3.329063549509914e-05
22, 6161, 3, 101, 5.040470579098422e-05
22, 6161, 5, 173, 2.3523633588754848e-06
22, 6161, 15, 690, 7.978454980171545e-07
22, 6161, 11, 167, 9.53260046700943e-07
22, 6161, 25, 167, 3.8231506106288365e-07
22, 6161, 89, 1202, 2.1873246722567393e-07
14, 14107, 80, 49855703, 0.104441360166551
14, 14107, 14, 238083, 0.0013049819605434865
14, 14107, 1, 15204409, 2.871912693854107e-05
14, 14107, 1, 201283, 5.710696133858717e-05
14, 14107, 1, 10126754, 5.58768474282681e-05
14, 14107, 1, 7241947, 0.00011167257600714705
14, 14107, 4, 6552536, 5.612932195779075e-05
14, 14107, 1, 1443591, 5.600828922680557e-05
14, 14107, 1, 58275384, 0.00025969207939157855
14, 14107, 1, 6980866, 2.967535165291709e-05
14, 14107, 1, 60939141, 8.650020183380428e-05
14, 14107, 1, 754869, 0.00011219252236838414
14, 14107, 1, 1623531, 5.5847202055177036e-05
14, 14107, 30, 11086, 0.002719361856417694
14, 14107, 35, 1750, 0.0004086636697997548
14, 14107, 33, 1467, 6.0182956186807895e-05
14, 14107, 16, 1284, 8.34741960391494e-05
14, 14107, 20, 123, 0.0005945745076179859
14, 14107, 27, 146, 0.00010409076714895389
14, 14107, 13, 101, 0.0006661084043848964
14, 14107, 7, 101, 0.003408353949991593
14, 14107, 4, 101, 0.0003807701584600083
14, 14107, 21, 1374, 5.987913626648979e-05
14, 14107, 8, 176, 4.1637708218901924e-06
14, 14107, 2, 101, 4.757158379329674e-05
14, 14107, 169, 11459, 4.334708880951555e-06
14, 14107, 6, 284, 4.727002972969736e-07
14, 14107, 3, 101, 5.75767211004193e-05
14, 14107, 5, 173, 2.373692134838829e-05
14, 14107, 15, 690, 9.971811682735243e-07
14, 14107, 11, 167, 3.45369015794363e-05
14, 14107, 25, 167, 3.182680407562775e-05
14, 14107, 53, 1266, 5.813227679857994e-07
14, 14107, 89, 1202, 4.374044681303824e-07
86, 49855703, 92, 49855703, 0.1365079365079365
86, 49855703, 75, 49855703, 0.12828947368421054
86, 49855703, 82, 49855703, 0.05384063173007897
86, 49855703, 80, 49855703, 0.0706713780918728
86, 49855703, 77, 49855703, 0.08366935483870967
86, 49855703, 31, 4062912, 0.02786377708978328
86, 49855703, 16, 41201, 0.011423735984768353
86, 49855703, 19, 19546040, 0.0011799410029498525
86, 49855703, 7, 19325784, 0.0007819423447844446
86, 49855703, 1, 8645756, 3.4746351633078526e-05
86, 49855703, 8, 176, 1.0069391999694447e-05
86, 49855703, 2, 101, 4.526073123136798e-07
86, 49855703, 3, 101, 1.9129217000020374e-06
86, 49855703, 5, 173, 1.4258094320145547e-06
86, 49855703, 11, 167, 8.066836823144722e-07
86, 49855703, 25, 167, 2.389779543792997e-06
86, 49855703, 53, 1266, 6.396419865651923e-06
92, 49855703, 75, 49855703, 0.1455223880597015
92, 49855703, 82, 49855703, 0.061596958174904945
92, 49855703, 80, 49855703, 0.07547169811320754
92, 49855703, 77, 49855703, 0.09140369967355821
92, 49855703, 31, 4062912, 0.029490616621983913
92, 49855703, 16, 41201, 0.011600429645542427
92, 49855703, 19, 19546040, 0.0011900511722004047
92, 49855703, 7, 19325784, 0.0006801653324962067
92, 49855703, 1, 8645756, 0.0001741917502787068
92, 49855703, 8, 176, 1.0416876450984083e-05
92, 49855703, 2, 101, 4.5260895114664706e-07
92, 49855703, 3, 101, 1.865104990346647e-06
92, 49855703, 5, 173, 1.4258167506092515e-06
92, 49855703, 11, 167, 8.066879417166495e-07
92, 49855703, 25, 167, 2.3897959917194524e-06
92, 49855703, 53, 1266, 6.541862468244709e-06
32, 248525, 1, 15204409, 3.0114132562411538e-05
32, 248525, 30, 11086, 0.0003175947491001482
32, 248525, 27, 146, 2.1539654503941758e-05
32, 248525, 7, 101, 1.2015447058738715e-05
32, 248525, 4, 101, 8.814204701089979e-06
32, 248525, 2, 101, 1.840602977512257e-05
32, 248525, 3, 101, 1.0234041041182641e-05
32, 248525, 5, 173, 3.906765191292476e-05
32, 248525, 11, 167, 3.1974164874781175e-05
32, 248525, 25, 167, 5.54439295062938e-05
32, 248525, 53, 1266, 6.2507204682167585e-06
32, 248525, 89, 1202, 2.1877936429280118e-07
20, 9823427, 41, 60187632, 0.0030804774740084712
20, 9823427, 1, 201283, 5.926277112717791e-05
20, 9823427, 1, 10126754, 0.0001448603546181481
20, 9823427, 1, 14609, 2.9522038201517433e-05
20, 9823427, 1, 8645756, 0.00016964679537203543
20, 9823427, 1, 2878103, 3.300547890949898e-05
20, 9823427, 1, 17833995, 0.0002156633187503851
20, 9823427, 1, 6980866, 3.08413520848754e-05
20, 9823427, 4, 101, 3.3892813300082223e-06
20, 9823427, 17, 60024, 7.720574790020683e-05
20, 9823427, 2, 101, 1.0107973269892139e-05
20, 9823427, 169, 11459, 4.358779890333098e-06
20, 9823427, 6, 284, 7.171238133965032e-05
20, 9823427, 175, 260453, 0.0006109228974911769
20, 9823427, 3, 101, 3.342824595919937e-05
20, 9823427, 5, 173, 5.7029494727944e-07
20, 9823427, 15, 690, 0.00016121125517926072
20, 9823427, 140, 180407, 0.00034499521711176277
20, 9823427, 120, 11459, 1.0989916751380608e-06
20, 9823427, 38, 1202, 1.685073176687235e-05
20, 9823427, 11, 167, 4.399866302729281e-07
20, 9823427, 25, 167, 6.786551578222128e-06
20, 9823427, 53, 1266, 1.4535754175976817e-07
20, 9823427, 89, 1202, 0.00010523612053714616
75, 49855703, 82, 49855703, 0.05157813702848345
75, 49855703, 80, 49855703, 0.0755813953488372
75, 49855703, 77, 49855703, 0.08351893095768374
75, 49855703, 31, 4062912, 0.028291621327529923
75, 49855703, 16, 41201, 0.011019878997407088
75, 49855703, 19, 19546040, 0.0011943150603129105
75, 49855703, 7, 19325784, 0.0006287989939216097
75, 49855703, 8, 176, 1.9792456990470107e-05
75, 49855703, 2, 101, 3.01739710474713e-07
75, 49855703, 3, 101, 1.7216375987287429e-06
75, 49855703, 5, 173, 1.3545287134778958e-06
75, 49855703, 11, 167, 8.066897164808322e-07
75, 49855703, 25, 167, 2.198618197140726e-06
75, 49855703, 53, 1266, 5.233505951804644e-06
82, 49855703, 80, 49855703, 0.03784969829950631
82, 49855703, 77, 49855703, 0.046511627906976744
82, 49855703, 31, 4062912, 0.017517136329017517
82, 49855703, 16, 41201, 0.007936507936507936
82, 49855703, 19, 19546040, 0.0010922992900054614
82, 49855703, 7, 19325784, 0.0007551729346020238
82, 49855703, 1, 8645756, 0.00016974470396523628
82, 49855703, 8, 176, 8.678449223608576e-06
82, 49855703, 2, 101, 4.525918350320865e-07
82, 49855703, 3, 101, 2.008502661266026e-06
82, 49855703, 5, 173, 1.2118790091363558e-06
82, 49855703, 11, 167, 8.799747447248264e-07
82, 49855703, 25, 167, 2.389624213431294e-06
82, 49855703, 53, 1266, 6.977226912792222e-06
80, 49855703, 77, 49855703, 0.05414908579465542
80, 49855703, 31, 4062912, 0.02286198137171888
80, 49855703, 16, 41201, 0.010287267080745342
80, 49855703, 19, 19546040, 0.001123721766490617
80, 49855703, 14, 238083, 8.698677800974252e-05
80, 49855703, 7, 19325784, 0.0006629608853077669
80, 49855703, 1, 10126754, 2.9199637924489735e-05
80, 49855703, 1, 58275384, 7.869987801518908e-05
80, 49855703, 1, 8645756, 0.00157755752940773
80, 49855703, 1, 6980866, 3.1103231625765914e-05
80, 49855703, 1, 754869, 8.795848359574281e-05
80, 49855703, 30, 11086, 0.00010510826150935464
80, 49855703, 20, 123, 2.5745990062047836e-05
80, 49855703, 13, 101, 4.48192184808846e-05
80, 49855703, 7, 101, 0.0012100101275201527
80, 49855703, 4, 101, 8.204224158388988e-05
80, 49855703, 8, 176, 7.984877336661523e-06
80, 49855703, 2, 101, 1.2823759056151217e-05
80, 49855703, 169, 11459, 4.363972786265705e-06
80, 49855703, 3, 101, 1.5351091661081373e-05
80, 49855703, 5, 173, 3.1366913039510904e-06
80, 49855703, 15, 690, 3.9899532975966516e-07
80, 49855703, 11, 167, 9.679989093878954e-06
80, 49855703, 25, 167, 8.316145040451832e-06
80, 49855703, 53, 1266, 5.814565369960443e-06
80, 49855703, 89, 1202, 4.375525063007561e-07
77, 49855703, 31, 4062912, 0.02473021582733813
77, 49855703, 16, 41201, 0.0111731843575419
77, 49855703, 19, 19546040, 0.004120879120879121
77, 49855703, 7, 19325784, 0.0028306742151312406
77, 49855703, 1, 8645756, 3.440327519179826e-05
77, 49855703, 1, 60939141, 3.0303030303030302e-05
77, 49855703, 8, 176, 1.7706611857180552e-05
77, 49855703, 2, 101, 5.028897806912753e-07
77, 49855703, 3, 101, 2.152007890313019e-06
77, 49855703, 5, 173, 1.2119129618368608e-06
77, 49855703, 11, 167, 8.066667043111128e-07
77, 49855703, 25, 167, 2.3897139827804857e-06
77, 49855703, 53, 1266, 7.413730344892551e-06
18, 13234024, 41, 60187632, 0.000425531914893617
18, 13234024, 1, 10126754, 2.9183447148777215e-05
18, 13234024, 1, 14609, 2.9745084624765756e-05
18, 13234024, 1, 2878103, 3.328451604313673e-05
18, 13234024, 1, 1623531, 5.8336250145840624e-05
18, 13234024, 16, 1284, 0.0010572649203814785
18, 13234024, 4, 101, 2.033916231126105e-06
18, 13234024, 17, 60024, 2.03231378924906e-05
18, 13234024, 2, 101, 1.1767661109464142e-05
18, 13234024, 6, 284, 4.208220877693025e-05
18, 13234024, 175, 260453, 0.00023751648718169002
18, 13234024, 3, 101, 2.477237747919252e-05
18, 13234024, 5, 173, 7.841699190708128e-07
18, 13234024, 15, 690, 0.00013008885348024594
18, 13234024, 140, 180407, 0.00013592390352539554
18, 13234024, 120, 11459, 1.0992985376031555e-06
18, 13234024, 38, 1202, 3.5930618928758806e-05
18, 13234024, 11, 167, 6.599923836878922e-07
18, 13234024, 25, 167, 1.9117384757059143e-07
18, 13234024, 53, 1266, 2.9072585961458765e-07
18, 13234024, 89, 1202, 7.220104446468505e-05
31, 4062912, 16, 41201, 0.014578742159688083
31, 4062912, 19, 19546040, 0.0010331645831180907
31, 4062912, 14, 238083, 0.0015500081579376734
31, 4062912, 7, 19325784, 0.0006866784382970375
31, 4062912, 1, 201283, 2.919196637085474e-05
31, 4062912, 1, 10126754, 8.565310492505354e-05
31, 4062912, 1, 14609, 2.908667830133799e-05
31, 4062912, 1, 7241947, 0.00019972039145196724
31, 4062912, 1, 1443591, 2.8618035085711015e-05
31, 4062912, 1, 8645756, 3.335112059765208e-05
31, 4062912, 1, 17833995, 6.066120715802245e-05
31, 4062912, 1, 6980866, 6.073489219556635e-05
31, 4062912, 1, 754869, 8.599191675982457e-05
31, 4062912, 1, 1623531, 8.560666590571853e-05
31, 4062912, 20, 123, 0.004207218167072182
31, 4062912, 27, 146, 0.0002327451229317422
31, 4062912, 13, 101, 0.0010458783464918433
31, 4062912, 7, 101, 0.0006095102800867712
31, 4062912, 4, 101, 0.0001863805307575318
31, 4062912, 29, 735, 4.062431446469341e-06
31, 4062912, 21, 1374, 2.306986015050777e-06
31, 4062912, 71, 102807, 7.786221502429301e-06
31, 4062912, 65, 4182, 6.362982711775972e-06
31, 4062912, 8, 176, 1.8742229783902092e-05
31, 4062912, 2, 101, 2.2478630591766796e-05
31, 4062912, 6, 284, 3.0099781563836515e-05
31, 4062912, 175, 260453, 5.033016588822677e-06
31, 4062912, 3, 101, 2.5058411444004348e-05
31, 4062912, 5, 173, 2.2597618325085917e-05
31, 4062912, 15, 690, 1.79523114797851e-05
31, 4062912, 140, 180407, 7.832969752987299e-06
31, 4062912, 120, 11459, 5.491922480415804e-06
31, 4062912, 38, 1202, 4.609497663302581e-05
31, 4062912, 11, 167, 9.972754581142474e-06
31, 4062912, 25, 167, 1.577094094212734e-05
31, 4062912, 53, 1266, 9.011583372989144e-06
31, 4062912, 89, 1202, 2.7999354264892267e-05
41, 60187632, 16, 41201, 0.0008480325644504749
41, 60187632, 19, 19546040, 0.002191151919866444
41, 60187632, 14, 238083, 0.0012317293480045984
41, 60187632, 1, 5249714, 0.000954252034802133
41, 60187632, 7, 19325784, 0.0008373971725530762
41, 60187632, 1, 15204409, 0.0009428958689374742
41, 60187632, 1, 31820411, 2.8795208477309375e-05
41, 60187632, 1, 14609, 5.831753899985421e-05
41, 60187632, 4, 6552536, 0.00011501193248799563
41, 60187632, 9, 201256, 0.0001725625539257981
41, 60187632, 1, 8645756, 3.3444816053511705e-05
41, 60187632, 1, 17833995, 0.0005476118040766656
41, 60187632, 1, 6980866, 3.044418059487929e-05
41, 60187632, 1, 754869, 5.746465923457074e-05
41, 60187632, 1, 1623531, 2.860248269549797e-05
41, 60187632, 35, 1750, 0.0018472906403940886
41, 60187632, 16, 1284, 0.00029750520634111096
41, 60187632, 27, 146, 2.1191828430957024e-05
41, 60187632, 12, 131002, 8.069331697948776e-06
41, 60187632, 13, 101, 2.5496870259175688e-05
41, 60187632, 7, 101, 1.679095974727207e-05
41, 60187632, 54, 1563, 1.4537207983834624e-05
41, 60187632, 4, 101, 7.99702348075191e-05
41, 60187632, 29, 735, 4.063818201028959e-06
41, 60187632, 21, 1374, 5.768902385556514e-05
41, 60187632, 40, 38645, 4.5966444495518275e-06
41, 60187632, 71, 102807, 0.0001948193634861756
41, 60187632, 65, 4182, 6.366385484641095e-06
41, 60187632, 17, 60024, 8.12170647882062e-06
41, 60187632, 8, 176, 7.288773934511407e-06
41, 60187632, 2, 101, 1.8455613169141067e-05
41, 60187632, 169, 11459, 4.3507581196023405e-06
41, 60187632, 6, 284, 4.6175363946181275e-05
41, 60187632, 175, 260453, 5.035373498829276e-05
41, 60187632, 234, 262712, 6.2726993307029814e-06
41, 60187632, 3, 101, 2.936258139747524e-05
41, 60187632, 5, 173, 1.8748221859471455e-05
41, 60187632, 15, 690, 8.996901355459993e-05
41, 60187632, 140, 180407, 3.655891796048242e-05
41, 60187632, 120, 11459, 1.3181931526456686e-05
41, 60187632, 38, 1202, 2.9564665075261147e-05
41, 60187632, 11, 167, 2.5372407917041905e-05
41, 60187632, 25, 167, 2.532953243785949e-05
41, 60187632, 53, 1266, 1.686071998762772e-05
41, 60187632, 89, 1202, 5.972036431609792e-05
16, 41201, 34, 90152410, 0.005661044934544168
16, 41201, 19, 19546040, 0.0008020532563362208
16, 41201, 1, 5249714, 0.00043486664089679164
16, 41201, 7, 19325784, 0.0005177099961171751
16, 41201, 1, 31820411, 2.65950373660275e-05
16, 41201, 1, 10126754, 2.6443833298074888e-05
16, 41201, 1, 14609, 0.00018835938971557733
16, 41201, 1, 7241947, 5.284993261633591e-05
16, 41201, 4, 6552536, 5.311520688373081e-05
16, 41201, 9, 201256, 0.0023747093454707367
16, 41201, 1, 8645756, 6.102770657878677e-05
16, 41201, 16, 1284, 6.0069680829762525e-05
16, 41201, 20, 123, 0.0008967974889670309
16, 41201, 27, 146, 5.992928344553427e-05
16, 41201, 12, 131002, 1.5773119449833593e-05
16, 41201, 13, 101, 0.0008457374830852503
16, 41201, 7, 101, 0.00032885878851281956
16, 41201, 4, 101, 0.00012987469797368415
16, 41201, 29, 735, 4.016919263939714e-06
16, 41201, 21, 1374, 0.00010316108488781804
16, 41201, 40, 38645, 1.3610318436083676e-05
16, 41201, 71, 102807, 3.810481873537728e-05
16, 41201, 17, 60024, 2.292269792064162e-05
16, 41201, 8, 176, 1.90708541176748e-05
16, 41201, 2, 101, 2.8408770939024018e-05
16, 41201, 169, 11459, 8.59412935024085e-06
16, 41201, 6, 284, 9.956034341387061e-05
16, 41201, 175, 260453, 4.963567415172633e-05
16, 41201, 234, 262712, 2.464708455798535e-05
16, 41201, 3, 101, 4.619028417496478e-05
16, 41201, 5, 173, 1.4966941234015752e-05
16, 41201, 15, 690, 8.812295904136575e-05
16, 41201, 140, 180407, 3.9023984140652844e-05
16, 41201, 120, 11459, 9.855313054019161e-06
16, 41201, 38, 1202, 7.908869495395068e-05
16, 41201, 11, 167, 2.250770595669004e-05
16, 41201, 25, 167, 2.0640193834353654e-05
16, 41201, 53, 1266, 1.5691340864305205e-05
16, 41201, 89, 1202, 3.716431063155062e-05
34, 90152410, 19, 19546040, 0.0030342791536821386
34, 90152410, 14, 238083, 0.001893043066729768
34, 90152410, 1, 5249714, 0.00039119804400977997
34, 90152410, 7, 19325784, 0.0004796581345659094
34, 90152410, 1, 201283, 2.7175389966846023e-05
34, 90152410, 1, 14609, 2.7084123286929202e-05
34, 90152410, 1, 7241947, 2.6597866851078545e-05
34, 90152410, 1, 1443591, 5.3356098602070216e-05
34, 90152410, 9, 201256, 0.000549917512373144
34, 90152410, 1, 58275384, 0.0002784642695534129
34, 90152410, 1, 8645756, 3.0744635061181826e-05
34, 90152410, 1, 2878103, 0.0006601452319510292
34, 90152410, 1, 1623531, 7.981695312084287e-05
34, 90152410, 16, 1284, 0.00026164838482439366
34, 90152410, 20, 123, 2.3717477409102766e-05
34, 90152410, 12, 131002, 0.00034780134219699786
34, 90152410, 13, 101, 0.0002696448839586377
34, 90152410, 7, 101, 0.00026942545617544605
34, 90152410, 4, 101, 8.118129609998288e-05
34, 90152410, 17, 60024, 3.641925850389686e-05
34, 90152410, 8, 176, 2.6008118000565244e-05
34, 90152410, 2, 101, 3.1224983244855006e-05
34, 90152410, 169, 11459, 8.603260635780962e-06
34, 90152410, 6, 284, 9.767357302848256e-05
34, 90152410, 175, 260453, 1.9878048174449752e-05
34, 90152410, 234, 262712, 6.171049140064302e-06
34, 90152410, 3, 101, 4.002224222962429e-05
34, 90152410, 5, 173, 2.6798740744278006e-05
34, 90152410, 15, 690, 7.71603861368905e-05
34, 90152410, 140, 180407, 2.212032415383254e-05
34, 90152410, 120, 11459, 2.409762605522957e-05
34, 90152410, 38, 1202, 0.00010069728901932594
34, 90152410, 11, 167, 1.9575402912380056e-05
34, 90152410, 25, 167, 1.3760359328849941e-05
34, 90152410, 53, 1266, 1.743547928243704e-05
34, 90152410, 89, 1202, 4.219491382945953e-05
19, 19546040, 14, 238083, 0.003635974762057534
19, 19546040, 1, 5249714, 0.0009431641105552366
19, 19546040, 7, 19325784, 0.0016386726751331422
19, 19546040, 1, 14609, 4.893325504012527e-05
19, 19546040, 1, 7241947, 0.0001685041644600645
19, 19546040, 1, 1443591, 0.0006278525029581512
19, 19546040, 9, 201256, 0.0008770464416972937
19, 19546040, 1, 58275384, 0.0002447980416156671
19, 19546040, 1, 8645756, 2.7414535186555912e-05
19, 19546040, 1, 17833995, 7.60225026607876e-05
19, 19546040, 1, 6980866, 0.00022833367160543942
19, 19546040, 1, 60939141, 9.899274878115178e-05
19, 19546040, 1, 754869, 0.00021752791608256394
19, 19546040, 1, 1623531, 0.00038531933339755323
19, 19546040, 30, 11086, 5.95699052838506e-05
19, 19546040, 35, 1750, 5.566379070414695e-05
19, 19546040, 16, 1284, 0.00029832379318703035
19, 19546040, 20, 123, 0.0015202519274622652
19, 19546040, 12, 131002, 0.0001149522181946371
19, 19546040, 13, 101, 0.0004406607463079362
19, 19546040, 7, 101, 0.0009880465280092282
19, 19546040, 4, 101, 0.00015789367143271638
19, 19546040, 304, 1850520, 9.19793966151582e-05
19, 19546040, 29, 735, 1.5832304233558153e-05
19, 19546040, 21, 1374, 2.95490138584875e-05
19, 19546040, 40, 38645, 8.92355193061046e-06
19, 19546040, 71, 102807, 1.4823159704722659e-05
19, 19546040, 17, 60024, 5.2327570591905324e-05
19, 19546040, 8, 176, 5.506337136053625e-05
19, 19546040, 2, 101, 4.031834196499433e-05
19, 19546040, 169, 11459, 3.806881149170523e-05
19, 19546040, 6, 284, 7.541209798975592e-05
19, 19546040, 175, 260453, 6.336239880293807e-05
19, 19546040, 234, 262712, 9.037015615962984e-05
19, 19546040, 3, 101, 6.12424091205198e-05
19, 19546040, 5, 173, 4.346516555560916e-05
19, 19546040, 15, 690, 5.91684383994798e-05
19, 19546040, 140, 180407, 3.4953039943557314e-05
19, 19546040, 120, 11459, 0.00010252696240968901
19, 19546040, 38, 1202, 5.9324964389159076e-05
19, 19546040, 11, 167, 3.6428171598237285e-05
19, 19546040, 25, 167, 2.8752549161844086e-05
19, 19546040, 53, 1266, 2.889757913798086e-05
19, 19546040, 89, 1202, 4.740125357748401e-05
14, 238083, 1, 5249714, 0.0009639983686181454
14, 238083, 7, 19325784, 0.0003732356134636265
14, 238083, 1, 15204409, 6.955392747843828e-05
14, 238083, 1, 201283, 2.307497057941251e-05
14, 238083, 1, 10126754, 2.267162419515734e-05
14, 238083, 1, 14609, 4.601932811780948e-05
14, 238083, 1, 7241947, 9.063512564294292e-05
14, 238083, 4, 6552536, 0.00018206645425580337
14, 238083, 1, 1443591, 6.814774430966335e-05
14, 238083, 9, 201256, 0.0003013750235449237
14, 238083, 1, 58275384, 0.000510522434624766
14, 238083, 1, 17833995, 0.00038061707543354665
14, 238083, 1, 60939141, 6.977393245883338e-05
14, 238083, 1, 754869, 0.00027298164198457655
14, 238083, 1, 1623531, 0.00031735956839098697
14, 238083, 34, 87642, 6.755843804891231e-05
14, 238083, 9, 164816, 0.0006159779319210477
14, 238083, 16, 1284, 0.00023121798520204894
14, 238083, 20, 123, 0.00032862981904820587
14, 238083, 27, 146, 0.00012423021633804816
14, 238083, 12, 131002, 5.259796370740504e-05
14, 238083, 13, 101, 0.000578470067186888
14, 238083, 7, 101, 0.0006717131268246054
14, 238083, 54, 1563, 1.2828078097339456e-05
14, 238083, 4, 101, 0.0001906302856961946
14, 238083, 304, 1850520, 2.8404249275691642e-05
14, 238083, 29, 735, 2.3507839864594843e-05
14, 238083, 21, 1374, 6.101405357033904e-05
14, 238083, 40, 38645, 1.764353011750591e-05
14, 238083, 71, 102807, 7.272039734425109e-06
14, 238083, 65, 4182, 4.210931578377468e-05
14, 238083, 17, 60024, 7.487872321079965e-05
14, 238083, 8, 176, 8.719490864776267e-05
14, 238083, 2, 101, 5.282991932755706e-05
14, 238083, 169, 11459, 6.69470072595661e-05
14, 238083, 6, 284, 6.279080088014133e-05
14, 238083, 175, 260453, 3.850559775127309e-05
14, 238083, 234, 262712, 5.338774929112933e-05
14, 238083, 3, 101, 7.356875078635865e-05
14, 238083, 5, 173, 6.490215448080628e-05
14, 238083, 15, 690, 4.5796453084620095e-05
14, 238083, 140, 180407, 4.5158668206362214e-05
14, 238083, 120, 11459, 6.743147004955126e-05
14, 238083, 38, 1202, 4.9449258879232545e-05
14, 238083, 11, 167, 5.0125724697794645e-05
14, 238083, 25, 167, 4.1351939095565286e-05
14, 238083, 53, 1266, 4.311295885543078e-05
14, 238083, 89, 1202, 5.1959336361383735e-05
1, 5249714, 7, 19325784, 0.0005127620783956245
1, 5249714, 1, 15204409, 6.151196407701298e-05
1, 5249714, 1, 31820411, 6.0569351907934585e-05
1, 5249714, 1, 14609, 4.073402716959612e-05
1, 5249714, 1, 7241947, 0.00010046010729139458
1, 5249714, 4, 6552536, 0.00010084304788027914
1, 5249714, 1, 1443591, 0.000181250629342463
1, 5249714, 9, 201256, 0.00037290242386575515
1, 5249714, 1, 58275384, 0.0004890573419733463
1, 5249714, 1, 8645756, 0.00011185682326621924
1, 5249714, 1, 2878103, 2.196595277320154e-05
1, 5249714, 1, 17833995, 0.00012582309273161934
1, 5249714, 1, 6980866, 0.00016791201410460918
1, 5249714, 1, 60939141, 2.0560478647942926e-05
1, 5249714, 1, 754869, 0.00012095798725909201
1, 5249714, 1, 1623531, 0.0004623673206818913
1, 5249714, 30, 11086, 3.997761253697929e-05
1, 5249714, 41, 1905, 4.259125175688913e-05
1, 5249714, 16, 1284, 0.00011314228450435598
1, 5249714, 20, 123, 0.00046026106007327356
1, 5249714, 27, 146, 0.00014519876097057304
1, 5249714, 12, 131002, 0.000122554320400248
1, 5249714, 13, 101, 0.00037290387237364967
1, 5249714, 7, 101, 0.000579438732466184
1, 5249714, 54, 1563, 3.588903111578998e-05
1, 5249714, 4, 101, 0.00027112874790193996
1, 5249714, 304, 1850520, 7.345199911857601e-05
1, 5249714, 29, 735, 6.516855655480675e-05
1, 5249714, 21, 1374, 8.7024822156966e-05
1, 5249714, 40, 38645, 3.8735334372014154e-05
1, 5249714, 71, 102807, 5.588738691536554e-05
1, 5249714, 65, 4182, 0.00013383219769924994
1, 5249714, 17, 60024, 8.095446643043888e-05
1, 5249714, 8, 176, 0.00012121768866531727
1, 5249714, 2, 101, 4.839255072310682e-05
1, 5249714, 169, 11459, 0.0001226391954868776
1, 5249714, 6, 284, 0.0001080225196292013
1, 5249714, 175, 260453, 0.00012184663258085227
1, 5249714, 234, 262712, 0.00010906565178207535
1, 5249714, 3, 101, 9.190200006566477e-05
1, 5249714, 5, 173, 6.558827950975858e-05
1, 5249714, 15, 690, 8.771491895519398e-05
1, 5249714, 140, 180407, 0.0001409156184466231
1, 5249714, 120, 11459, 0.00011458877224616695
1, 5249714, 38, 1202, 0.0001136009442485171
1, 5249714, 11, 167, 5.3108549626753114e-05
1, 5249714, 25, 167, 5.4406990057361195e-05
1, 5249714, 53, 1266, 5.7002594705894896e-05
1, 5249714, 89, 1202, 8.9403075291345e-05
7, 19325784, 1, 31820411, 1.9224114729516707e-05
7, 19325784, 1, 201283, 3.8864382736441186e-05
7, 19325784, 1, 10126754, 9.573225602634552e-05
7, 19325784, 1, 14609, 1.9385104485713177e-05
7, 19325784, 1, 7241947, 3.827018752391887e-05
7, 19325784, 1, 1443591, 7.670770528899628e-05
7, 19325784, 9, 201256, 0.0004904647875133435
7, 19325784, 1, 58275384, 0.0001152179924416997
7, 19325784, 1, 8645756, 0.00010596363328105794
7, 19325784, 1, 2878103, 2.082856012163879e-05
7, 19325784, 1, 17833995, 1.992944974789246e-05
7, 19325784, 1, 6980866, 0.0002793073178517277
7, 19325784, 1, 754869, 3.839213729028295e-05
7, 19325784, 1, 1623531, 0.00021055855441981546
7, 19325784, 58, 2035500, 5.0632911392405066e-05
7, 19325784, 9, 164816, 0.0002858776443682104
7, 19325784, 30, 11086, 3.6363636363636364e-05
7, 19325784, 35, 1750, 3.486993514192063e-05
7, 19325784, 16, 1284, 0.00018648018648018648
7, 19325784, 20, 123, 0.0004401175994225657
7, 19325784, 48, 6608327, 8.17572355153431e-05
7, 19325784, 27, 146, 0.0003568325679533325
7, 19325784, 12, 131002, 0.00012747965637150405
7, 19325784, 13, 101, 0.0005514705882352941
7, 19325784, 7, 101, 0.0005184773817122658
7, 19325784, 54, 1563, 4.647056089967006e-05
7, 19325784, 4, 101, 0.00019964372304725995
7, 19325784, 304, 1850520, 4.615739672282483e-05
7, 19325784, 29, 735, 0.0001557017210736583
7, 19325784, 21, 1374, 0.00021306014288345832
7, 19325784, 40, 38645, 9.794819817901524e-05
7, 19325784, 71, 102807, 5.493335896890085e-05
7, 19325784, 65, 4182, 0.00016634449371045733
7, 19325784, 17, 60024, 0.00016668187969536902
7, 19325784, 8, 176, 0.00010661992412387924
7, 19325784, 2, 101, 5.2255618810535494e-05
7, 19325784, 169, 11459, 8.902773618653739e-05
7, 19325784, 6, 284, 0.00017337710463379
7, 19325784, 175, 260453, 0.00025945264757527603
7, 19325784, 234, 262712, 0.00010753114158455626
7, 19325784, 3, 101, 0.00012520158889417943
7, 19325784, 5, 173, 6.899458232324623e-05
7, 19325784, 15, 690, 0.00017217685624942343
7, 19325784, 140, 180407, 0.0002030532050479793
7, 19325784, 120, 11459, 0.00014123867395213842
7, 19325784, 38, 1202, 0.00017834183829960542
7, 19325784, 11, 167, 6.181495897105339e-05
7, 19325784, 25, 167, 6.241055322374842e-05
7, 19325784, 53, 1266, 7.51074703803976e-05
7, 19325784, 89, 1202, 0.00013948740123638146
1, 15204409, 1, 201283, 6.143355193438897e-05
1, 15204409, 1, 14609, 1.532848953064165e-05
1, 15204409, 4, 6552536, 1.5215142109427301e-05
1, 15204409, 9, 201256, 8.277117907544593e-05
1, 15204409, 1, 58275384, 1.7527869312206408e-05
1, 15204409, 1, 2878103, 9.731097343410425e-05
1, 15204409, 1, 17833995, 4.70020524229558e-05
1, 15204409, 58, 2035500, 8.982035928143712e-05
1, 15204409, 34, 87642, 5.467767510525452e-05
1, 15204409, 9, 164816, 0.0012698090207232831
1, 15204409, 55, 643725, 0.00016235523325035177
1, 15204409, 30, 11086, 2.4300155520995334e-05
1, 15204409, 41, 1905, 2.5241689173839512e-05
1, 15204409, 35, 1750, 0.00018902251730737424
1, 15204409, 33, 1467, 0.00036409586429932963
1, 15204409, 16, 1284, 0.0008210391276459269
1, 15204409, 20, 123, 0.0008520306731042318
1, 15204409, 48, 6608327, 1.9861762135536665e-05
1, 15204409, 27, 146, 0.0005378478402848033
1, 15204409, 12, 131002, 0.0004715884131372904
1, 15204409, 13, 101, 0.0013487938158070105
1, 15204409, 7, 101, 0.0012900687067787856
1, 15204409, 54, 1563, 0.00039120098703018265
1, 15204409, 4, 101, 0.00041501104925417535
1, 15204409, 304, 1850520, 0.00015796401930671348
1, 15204409, 29, 735, 0.0006827344054792145
1, 15204409, 21, 1374, 0.0008190626044035392
1, 15204409, 40, 38645, 0.0005758002818602779
1, 15204409, 71, 102807, 0.00013813108640099454
1, 15204409, 65, 4182, 0.0006120179028541321
1, 15204409, 17, 60024, 0.0005927828685750982
1, 15204409, 8, 176, 0.00021982053027581294
1, 15204409, 2, 101, 5.262151024738637e-05
1, 15204409, 169, 11459, 0.0002646527487448172
1, 15204409, 6, 284, 0.0005455715422854034
1, 15204409, 175, 260453, 0.0007411379519306644
1, 15204409, 234, 262712, 0.000315285017655961
1, 15204409, 3, 101, 0.0003072206599015709
1, 15204409, 5, 173, 0.0001403548309556599
1, 15204409, 15, 690, 0.0005948943819475838
1, 15204409, 140, 180407, 0.0006102683297106499
1, 15204409, 120, 11459, 0.0003921685325669928
1, 15204409, 38, 1202, 0.0005814473566508633
1, 15204409, 11, 167, 0.00017042519219483354
1, 15204409, 25, 167, 0.0001578398510739067
1, 15204409, 53, 1266, 0.0001995781216645018
1, 15204409, 89, 1202, 0.0004199463199051947
1, 31820411, 1, 10126754, 9.003736550668528e-05
1, 31820411, 9, 201256, 8.149129061831516e-05
1, 31820411, 1, 2878103, 1.6019992951203103e-05
1, 31820411, 58, 2035500, 0.0001171028748755782
1, 31820411, 9, 164816, 0.001823077823679941
1, 31820411, 55, 643725, 7.953762129487248e-05
1, 31820411, 30, 11086, 4.772130756382725e-05
1, 31820411, 41, 1905, 4.9535603715170275e-05
1, 31820411, 35, 1750, 0.00013926283539132856
1, 31820411, 33, 1467, 0.0003793546755463761
1, 31820411, 16, 1284, 0.00044451217963372195
1, 31820411, 20, 123, 0.000646130939839591
1, 31820411, 48, 6608327, 7.827175954915466e-05
1, 31820411, 27, 146, 0.0006976596689287753
1, 31820411, 12, 131002, 0.0004371303677037799
1, 31820411, 13, 101, 0.0010669582665378532
1, 31820411, 7, 101, 0.0010867818759595816
1, 31820411, 54, 1563, 0.00045796206879386727
1, 31820411, 4, 101, 0.0004387050700633899
1, 31820411, 304, 1850520, 0.0001558873454117158
1, 31820411, 29, 735, 0.0009657379246724418
1, 31820411, 21, 1374, 0.0009103410873733754
1, 31820411, 40, 38645, 0.0003652256974406107
1, 31820411, 71, 102807, 0.00021872949410992718
1, 31820411, 65, 4182, 0.0008482798475216974
1, 31820411, 17, 60024, 0.0006142897031798908
1, 31820411, 8, 176, 0.0002644144507648274
1, 31820411, 2, 101, 4.955657658951339e-05
1, 31820411, 169, 11459, 0.0002026815146810252
1, 31820411, 6, 284, 0.0005787865095204026
1, 31820411, 175, 260453, 0.0008213213278462695
1, 31820411, 234, 262712, 0.0002616800908553275
1, 31820411, 3, 101, 0.0003296176005959387
1, 31820411, 5, 173, 0.00017535128589046015
1, 31820411, 15, 690, 0.0006247720325857291
1, 31820411, 140, 180407, 0.0006912861560851374
1, 31820411, 120, 11459, 0.00039291479058703595
1, 31820411, 38, 1202, 0.0006307791240137581
1, 31820411, 11, 167, 0.00020708209041394319
1, 31820411, 25, 167, 0.0002022504894233097
1, 31820411, 53, 1266, 0.00023747943581485113
1, 31820411, 89, 1202, 0.00046118834893049725
1, 201283, 1, 58275384, 1.7465723517596715e-05
1, 201283, 1, 17833995, 4.6853037638606906e-05
1, 201283, 1, 6980866, 1.5626953369171147e-05
1, 201283, 1, 1623531, 1.5126991090202248e-05
1, 201283, 58, 2035500, 2.9757476565987204e-05
1, 201283, 34, 87642, 2.7187211135881682e-05
1, 201283, 9, 164816, 0.0009108082579948725
1, 201283, 55, 643725, 0.00016146828493770015
1, 201283, 30, 11086, 4.836291531653528e-05
1, 201283, 41, 1905, 0.00015069697350244881
1, 201283, 35, 1750, 0.00021164021164021165
1, 201283, 33, 1467, 0.00017056478263650514
1, 201283, 16, 1284, 0.0006396561208694206
1, 201283, 20, 123, 0.0008920985556499575
1, 201283, 48, 6608327, 0.00015827793605571383
1, 201283, 27, 146, 0.0005875740854281627
1, 201283, 12, 131002, 0.00039352045983833404
1, 201283, 13, 101, 0.0018275009590384042
1, 201283, 7, 101, 0.0017125852659537603
1, 201283, 54, 1563, 0.00026023681550210693
1, 201283, 4, 101, 0.0004229256228525902
1, 201283, 304, 1850520, 0.00024487083063683905
1, 201283, 29, 735, 0.0004908258867347086
1, 201283, 21, 1374, 0.000579417954202288
1, 201283, 40, 38645, 0.00020511170544350378
1, 201283, 71, 102807, 0.00014422685002288816
1, 201283, 65, 4182, 0.00046775419517043794
1, 201283, 17, 60024, 0.0004470040334317435
1, 201283, 8, 176, 0.00023011094438561924
1, 201283, 2, 101, 5.668828353099418e-05
1, 201283, 169, 11459, 0.0002414459161147903
1, 201283, 6, 284, 0.0004607871254476868
1, 201283, 175, 260453, 0.0007884339784552792
1, 201283, 234, 262712, 0.000325450775570195
1, 201283, 3, 101, 0.00029813982624112885
1, 201283, 5, 173, 0.000145119657915975
1, 201283, 15, 690, 0.0005293782096901005
1, 201283, 140, 180407, 0.0006088566676081976
1, 201283, 120, 11459, 0.00033468660052976106
1, 201283, 38, 1202, 0.0005448552905291238
1, 201283, 11, 167, 0.00016266493606199677
1, 201283, 25, 167, 0.00016222186384724687
1, 201283, 53, 1266, 0.00019551923744313515
1, 201283, 89, 1202, 0.0003916607131485196
1, 10126754, 9, 201256, 2.0282741415329697e-05
1, 10126754, 1, 58275384, 0.00012064805239572562
1, 10126754, 1, 754869, 2.997601918465228e-05
1, 10126754, 58, 2035500, 2.9090062834535722e-05
1, 10126754, 34, 87642, 0.00010652463382157124
1, 10126754, 9, 164816, 0.00043270590976417526
1, 10126754, 55, 643725, 2.6360880453407144e-05
1, 10126754, 41, 1905, 0.0002710628126463123
1, 10126754, 35, 1750, 0.00013857132959190744
1, 10126754, 33, 1467, 0.0005875687245561758
1, 10126754, 16, 1284, 0.0009504137467844334
1, 10126754, 20, 123, 0.0012751706066168743
1, 10126754, 48, 6608327, 9.7431700378035e-05
1, 10126754, 27, 146, 0.0008603565418727938
1, 10126754, 12, 131002, 0.0003594651671833978
1, 10126754, 13, 101, 0.002080568971922934
1, 10126754, 7, 101, 0.0021032795084309805
1, 10126754, 54, 1563, 0.00042716787697565144
1, 10126754, 4, 101, 0.0005747595600235479
1, 10126754, 304, 1850520, 0.0002761382071726899
1, 10126754, 29, 735, 0.0009073266628021272
1, 10126754, 21, 1374, 0.0009314512138981987
1, 10126754, 40, 38645, 0.0003488651856604379
1, 10126754, 71, 102807, 0.00031832424132722484
1, 10126754, 65, 4182, 0.000831413668017052
1, 10126754, 17, 60024, 0.0005777435026576201
1, 10126754, 8, 176, 0.00022077730780099277
1, 10126754, 2, 101, 5.3271687463796215e-05
1, 10126754, 169, 11459, 0.00021398057362078058
1, 10126754, 6, 284, 0.0004947893380270864
1, 10126754, 175, 260453, 0.0004774077626502207
1, 10126754, 234, 262712, 0.0004548995822244067
1, 10126754, 3, 101, 0.0003207274011484954
1, 10126754, 5, 173, 0.0001609769529801472
1, 10126754, 15, 690, 0.0005068765458148179
1, 10126754, 140, 180407, 0.0005028654552750711
1, 10126754, 120, 11459, 0.00041512983689962775
1, 10126754, 38, 1202, 0.0004965241733596677
1, 10126754, 11, 167, 0.00021256795406015037
1, 10126754, 25, 167, 0.00018546879620934565
1, 10126754, 53, 1266, 0.0002448541554875984
1, 10126754, 89, 1202, 0.0003672472795451523
1, 14609, 4, 6552536, 1.51398162026313e-05
1, 14609, 9, 201256, 0.00016444325679870089
1, 14609, 1, 58275384, 1.74279788772896e-05
1, 14609, 1, 8645756, 1.63481502068041e-05
1, 14609, 1, 2878103, 6.452965944472228e-05
1, 14609, 1, 17833995, 1.5587006671238857e-05
1, 14609, 1, 6980866, 1.5596730925198077e-05
1, 14609, 1, 754869, 3.0269550345829612e-05
1, 14609, 1, 1623531, 3.0197795560924053e-05
1, 14609, 58, 2035500, 0.00014825796886582654
1, 14609, 34, 87642, 5.419319875355643e-05
1, 14609, 9, 164816, 0.0007741501178054527
1, 14609, 55, 643725, 5.363799715718615e-05
1, 14609, 30, 11086, 7.23292427128288e-05
1, 14609, 41, 1905, 5.0071351676138496e-05
1, 14609, 35, 1750, 0.00011722504864839518
1, 14609, 33, 1467, 0.00012758085436645475
1, 14609, 16, 1284, 0.0006897696935634269
1, 14609, 20, 123, 0.0008763870238179377
1, 14609, 48, 6608327, 5.920312592504884e-05
1, 14609, 27, 146, 0.0007142674931761945
1, 14609, 12, 131002, 0.0002513583015912914
1, 14609, 13, 101, 0.001596976391365681
1, 14609, 7, 101, 0.0015375023185445573
1, 14609, 54, 1563, 0.0003499160201551628
1, 14609, 4, 101, 0.00044547274218016084
1, 14609, 304, 1850520, 5.2348712221679346e-05
1, 14609, 29, 735, 0.0006530453199020071
1, 14609, 21, 1374, 0.0005814178844141246
1, 14609, 40, 38645, 0.00024923821545437736
1, 14609, 71, 102807, 0.00015038159329298093
1, 14609, 65, 4182, 0.0004515032401997238
1, 14609, 17, 60024, 0.00042093666202423763
1, 14609, 8, 176, 0.0002331927765875826
1, 14609, 2, 101, 6.0253108244457906e-05
1, 14609, 169, 11459, 0.0001455509294192901
1, 14609, 6, 284, 0.0003972135438523282
1, 14609, 175, 260453, 0.0006050449430865998
1, 14609, 234, 262712, 0.00026227306822771594
1, 14609, 3, 101, 0.0002788363363962185
1, 14609, 5, 173, 0.00014355315105213148
1, 14609, 15, 690, 0.00043015333211168994
1, 14609, 140, 180407, 0.0005660616542806687
1, 14609, 120, 11459, 0.000296386317787747
1, 14609, 38, 1202, 0.00046228343453918563
1, 14609, 11, 167, 0.00016551767739038771
1, 14609, 25, 167, 0.00016107602597803647
1, 14609, 53, 1266, 0.00019392350817467184
1, 14609, 89, 1202, 0.000346427375325808
1, 7241947, 9, 201256, 4.054327995134806e-05
1, 7241947, 1, 58275384, 8.613264427217915e-05
1, 7241947, 1, 6980866, 1.5434242410211294e-05
1, 7241947, 1, 60939141, 4.561003420752566e-05
1, 7241947, 34, 87642, 0.0001330601165606621
1, 7241947, 9, 164816, 0.0005157211778406255
1, 7241947, 55, 643725, 7.902847659439951e-05
1, 7241947, 30, 11086, 0.00026100987091875474
1, 7241947, 41, 1905, 7.386069872220991e-05
1, 7241947, 35, 1750, 0.00034627637471720764
1, 7241947, 33, 1467, 0.0005872236902814479
1, 7241947, 16, 1284, 0.001343302496515017
1, 7241947, 20, 123, 0.0017517552587692868
1, 7241947, 48, 6608327, 5.842486562280907e-05
1, 7241947, 27, 146, 0.0008600518560677923
1, 7241947, 12, 131002, 0.0004878205333932411
1, 7241947, 13, 101, 0.002633618996038952
1, 7241947, 7, 101, 0.0027501558272696605
1, 7241947, 54, 1563, 0.0006357405383927685
1, 7241947, 4, 101, 0.0007999171538084686
1, 7241947, 304, 1850520, 0.00010348395998620214
1, 7241947, 29, 735, 0.0011595371934158454
1, 7241947, 21, 1374, 0.000937854249705845
1, 7241947, 40, 38645, 0.00040097034824274747
1, 7241947, 71, 102807, 0.00022463917332784215
1, 7241947, 65, 4182, 0.0009266859064312002
1, 7241947, 17, 60024, 0.0004478390790870833
1, 7241947, 8, 176, 0.00019707924439680362
1, 7241947, 2, 101, 5.944767088644711e-05
1, 7241947, 169, 11459, 0.00015281757402101241
1, 7241947, 6, 284, 0.0003984268726690459
1, 7241947, 175, 260453, 0.0003427778018831084
1, 7241947, 234, 262712, 0.0002613477179117272
1, 7241947, 3, 101, 0.00030811371693514975
1, 7241947, 5, 173, 0.00015478700142011384
1, 7241947, 15, 690, 0.00039498417683869893
1, 7241947, 140, 180407, 0.0003585878659382903
1, 7241947, 120, 11459, 0.0003057308613011608
1, 7241947, 38, 1202, 0.00036328950143710276
1, 7241947, 11, 167, 0.0002106646201685434
1, 7241947, 25, 167, 0.00017660314290692013
1, 7241947, 53, 1266, 0.00021474654697971427
1, 7241947, 89, 1202, 0.00028812332199671634
4, 6552536, 1, 1443591, 3.0024169456412412e-05
4, 6552536, 9, 201256, 4.06992124702387e-05
4, 6552536, 1, 8645756, 0.00011354604292040422
4, 6552536, 1, 2878103, 3.201280512204882e-05
4, 6552536, 1, 6980866, 1.5479396922695892e-05
4, 6552536, 1, 60939141, 1.5246691467951454e-05
4, 6552536, 1, 1623531, 0.00013491432940083048
4, 6552536, 2, 2407314, 2.9821369993737513e-05
4, 6552536, 58, 2035500, 5.845560296954463e-05
4, 6552536, 9, 164816, 0.0003670949441014517
4, 6552536, 55, 643725, 5.2947872819209485e-05
4, 6552536, 30, 11086, 0.00014299332697807437
4, 6552536, 41, 1905, 0.00019790713207827227
4, 6552536, 35, 1750, 0.00011590440204918983
4, 6552536, 33, 1467, 0.000547426044846826
4, 6552536, 16, 1284, 0.0006347030224557929
4, 6552536, 20, 123, 0.001221807151082774
4, 6552536, 48, 6608327, 0.00019549577729121052
4, 6552536, 27, 146, 0.0006591289357602798
4, 6552536, 12, 131002, 0.0004562659452095289
4, 6552536, 13, 101, 0.0018854296123981603
4, 6552536, 7, 101, 0.0017482751691339006
4, 6552536, 54, 1563, 0.00045771599717410124
4, 6552536, 4, 101, 0.0005110669218903901
4, 6552536, 304, 1850520, 0.00020766634939863287
4, 6552536, 29, 735, 0.0008213197311258564
4, 6552536, 21, 1374, 0.0007013588289458964
4, 6552536, 40, 38645, 0.00043339031613415837
4, 6552536, 71, 102807, 0.00016866882812646415
4, 6552536, 65, 4182, 0.0006146835174734388
4, 6552536, 17, 60024, 0.0003752111374090697
4, 6552536, 8, 176, 0.00021941571552185917
4, 6552536, 2, 101, 6.406781950247522e-05
4, 6552536, 169, 11459, 0.00017204728624080503
4, 6552536, 6, 284, 0.0003973401893993465
4, 6552536, 175, 260453, 0.00040387897527652684
4, 6552536, 234, 262712, 0.00024067262767421297
4, 6552536, 3, 101, 0.0002837984381533615
4, 6552536, 5, 173, 0.00016133452963693258
4, 6552536, 15, 690, 0.0003920234238457319
4, 6552536, 140, 180407, 0.0004201496234330614
4, 6552536, 120, 11459, 0.0002866747218724319
4, 6552536, 38, 1202, 0.00038283790561219593
4, 6552536, 11, 167, 0.0001944197791575704
4, 6552536, 25, 167, 0.00017841750534966592
4, 6552536, 53, 1266, 0.00021359447814860475
4, 6552536, 89, 1202, 0.0003133494469990706
1, 1443591, 9, 201256, 6.095454822520674e-05
1, 1443591, 1, 58275384, 1.725863794829312e-05
1, 1443591, 1, 8645756, 4.8598736432852746e-05
1, 1443591, 1, 2878103, 3.197339813275355e-05
1, 1443591, 1, 6980866, 9.277298450691158e-05
1, 1443591, 1, 1623531, 2.994325752698636e-05
1, 1443591, 34, 87642, 0.00013345789403443215
1, 1443591, 9, 164816, 0.00013328668299428533
1, 1443591, 55, 643725, 2.6419381258090937e-05
1, 1443591, 30, 11086, 0.0001903175924824551
1, 1443591, 41, 1905, 0.00022222770932615621
1, 1443591, 35, 1750, 0.00023142255444215593
1, 1443591, 33, 1467, 0.0006937874487543362
1, 1443591, 16, 1284, 0.0010149193139145439
1, 1443591, 20, 123, 0.0025284450063211127
1, 1443591, 48, 6608327, 0.00013663335415365396
1, 1443591, 27, 146, 0.0010134150821499602
1, 1443591, 12, 131002, 0.0003468096721364118
1, 1443591, 13, 101, 0.0034401901409574043
1, 1443591, 7, 101, 0.0033674400300520544
1, 1443591, 54, 1563, 0.0004374714152200282
1, 1443591, 4, 101, 0.0007660927609544958
1, 1443591, 304, 1850520, 0.00013825044067327966
1, 1443591, 29, 735, 0.0008210919803081976
1, 1443591, 21, 1374, 0.0005807138478744798
1, 1443591, 40, 38645, 0.00025669924875360484
1, 1443591, 71, 102807, 0.00024353386369596982
1, 1443591, 65, 4182, 0.0004925456134311363
1, 1443591, 17, 60024, 0.00029725975829796074
1, 1443591, 8, 176, 0.00019949080058988847
1, 1443591, 2, 101, 6.878760786725377e-05
1, 1443591, 169, 11459, 0.00012994756233661005
1, 1443591, 6, 284, 0.00029314745473820554
1, 1443591, 175, 260453, 0.0003082052038929356
1, 1443591, 234, 262712, 0.000188266794967001
1, 1443591, 3, 101, 0.00027405142767516317
1, 1443591, 5, 173, 0.000124908097231422
1, 1443591, 15, 690, 0.0003013720358474106
1, 1443591, 140, 180407, 0.0003122264883422905
1, 1443591, 120, 11459, 0.00022612233111952848
1, 1443591, 38, 1202, 0.00025151309205914305
1, 1443591, 11, 167, 0.00015760723822582834
1, 1443591, 25, 167, 0.00014219408329656968
1, 1443591, 53, 1266, 0.0001659745753575942
1, 1443591, 89, 1202, 0.0002201026986589814
9, 201256, 1, 58275384, 0.00017299327797548438
9, 201256, 1, 8645756, 2.2593764121102576e-05
9, 201256, 1, 2878103, 0.00017748591205573057
9, 201256, 1, 17833995, 0.00012700563058295585
9, 201256, 1, 60939141, 2.074990143796817e-05
9, 201256, 1, 754869, 0.0002034339653348523
9, 201256, 1, 1623531, 0.00018250395425234214
9, 201256, 58, 2035500, 0.00017838030681412772
9, 201256, 34, 87642, 5.000750112516878e-05
9, 201256, 9, 164816, 0.0007289658091520481
9, 201256, 41, 1905, 4.3412198827870635e-05
9, 201256, 35, 1750, 3.883796799751437e-05
9, 201256, 33, 1467, 3.319502074688797e-05
9, 201256, 16, 1284, 0.0002605184316790413
9, 201256, 20, 123, 0.00040834508872225107
9, 201256, 27, 146, 0.00022751279759486472
9, 201256, 12, 131002, 0.00023145636685834148
9, 201256, 13, 101, 0.0005082993006502725
9, 201256, 7, 101, 0.0006357544595623039
9, 201256, 54, 1563, 2.4053494972819552e-05
9, 201256, 4, 101, 0.00023629315119069594
9, 201256, 304, 1850520, 2.475186257765897e-05
9, 201256, 29, 735, 0.00011520516119122136
9, 201256, 21, 1374, 0.00012285341577169815
9, 201256, 40, 38645, 4.7434238896075895e-05
9, 201256, 71, 102807, 6.306937631394534e-05
9, 201256, 65, 4182, 7.000186671644577e-05
9, 201256, 17, 60024, 0.00016068929065638255
9, 201256, 8, 176, 7.598511244415094e-05
9, 201256, 2, 101, 4.643367281507458e-05
9, 201256, 169, 11459, 9.00959931854667e-05
9, 201256, 6, 284, 0.00015599848782111
9, 201256, 175, 260453, 0.0002959107946379085
9, 201256, 234, 262712, 0.00010358877558067264
9, 201256, 3, 101, 0.00011417754909981111
9, 201256, 5, 173, 6.231419243121136e-05
9, 201256, 15, 690, 0.00016789992209761907
9, 201256, 140, 180407, 0.00019868738142849818
9, 201256, 120, 11459, 0.00012654230190181181
9, 201256, 38, 1202, 0.00016616158818828482
9, 201256, 11, 167, 5.435568912501625e-05
9, 201256, 25, 167, 5.622304109952032e-05
9, 201256, 53, 1266, 6.629034445594412e-05
9, 201256, 89, 1202, 0.00012060056025829892
1, 58275384, 1, 8645756, 3.774866935940508e-05
1, 58275384, 1, 2878103, 1.8585978737640324e-05
1, 58275384, 1, 17833995, 0.00014295159301681468
1, 58275384, 1, 60939141, 1.756975191510296e-05
1, 58275384, 1, 754869, 0.0001036573778138659
1, 58275384, 1, 1623531, 5.1685819134090246e-05
1, 58275384, 58, 2035500, 0.00019577900465954032
1, 58275384, 9, 164816, 0.0017190185966557275
1, 58275384, 55, 643725, 6.872616061303735e-05
1, 58275384, 30, 11086, 3.0036343976211215e-05
1, 58275384, 35, 1750, 2.9009892373299295e-05
1, 58275384, 33, 1467, 0.00015446798650979585
1, 58275384, 16, 1284, 0.00032795300290880056
1, 58275384, 20, 123, 0.0004952867870266816
1, 58275384, 48, 6608327, 0.00014122963939365408
1, 58275384, 27, 146, 0.0005125576627370579
1, 58275384, 12, 131002, 0.00022452492566864203
1, 58275384, 13, 101, 0.0006282804020994573
1, 58275384, 7, 101, 0.0007096247404297323
1, 58275384, 54, 1563, 0.00014151970389723493
1, 58275384, 4, 101, 0.00026095214831692537
1, 58275384, 304, 1850520, 0.00030543677458766036
1, 58275384, 29, 735, 0.00023783510594810735
1, 58275384, 21, 1374, 0.00036818044348211037
1, 58275384, 40, 38645, 0.0002036702205041877
1, 58275384, 71, 102807, 0.0002245736403387099
1, 58275384, 65, 4182, 0.000277609669700015
1, 58275384, 17, 60024, 0.0003650344287867726
1, 58275384, 8, 176, 0.00010296327620191546
1, 58275384, 2, 101, 5.57065565461734e-05
1, 58275384, 169, 11459, 0.00016212710765239947
1, 58275384, 6, 284, 0.00035388372068914496
1, 58275384, 175, 260453, 0.0004106553789085592
1, 58275384, 234, 262712, 0.0003014524527267745
1, 58275384, 3, 101, 0.00019913526181437546
1, 58275384, 5, 173, 9.167223900547009e-05
1, 58275384, 15, 690, 0.00037759684733447614
1, 58275384, 140, 180407, 0.0003753001767460968
1, 58275384, 120, 11459, 0.0002443195699975568
1, 58275384, 38, 1202, 0.00040473035708140796
1, 58275384, 11, 167, 9.905602463793486e-05
1, 58275384, 25, 167, 8.994228719135036e-05
1, 58275384, 53, 1266, 0.00011170150807177409
1, 58275384, 89, 1202, 0.0002573213026553512
1, 8645756, 1, 2878103, 0.00010418656340620604
1, 8645756, 1, 17833995, 0.00011714696924055294
1, 8645756, 1, 60939141, 8.23696089090969e-05
1, 8645756, 1, 1623531, 6.469142191745374e-05
1, 8645756, 58, 2035500, 0.00010228086325048584
1, 8645756, 9, 164816, 0.0014183881291824265
1, 8645756, 55, 643725, 0.00012162121073915291
1, 8645756, 30, 11086, 5.393452348848498e-05
1, 8645756, 41, 1905, 5.626353841393085e-05
1, 8645756, 35, 1750, 2.613627453542772e-05
1, 8645756, 33, 1467, 0.0003284457478005865
1, 8645756, 16, 1284, 0.0004329414311420183
1, 8645756, 20, 123, 0.0005875971795335382
1, 8645756, 48, 6608327, 8.643789437289307e-05
1, 8645756, 27, 146, 0.0005403798870606036
1, 8645756, 12, 131002, 0.00025868759161852203
1, 8645756, 13, 101, 0.0008333061011078069
1, 8645756, 7, 101, 0.0008886342773756871
1, 8645756, 54, 1563, 0.0001359121798222687
1, 8645756, 4, 101, 0.0003042441729251979
1, 8645756, 304, 1850520, 0.0002457374012324676
1, 8645756, 29, 735, 0.0004765081482893357
1, 8645756, 21, 1374, 0.0005956754829536808
1, 8645756, 40, 38645, 0.00027009551559596987
1, 8645756, 71, 102807, 0.00015464116805628938
1, 8645756, 65, 4182, 0.00039156610125246766
1, 8645756, 17, 60024, 0.00045865026153518474
1, 8645756, 8, 176, 0.00011005197548454681
1, 8645756, 2, 101, 5.007083239921349e-05
1, 8645756, 169, 11459, 0.0001402508152078634
1, 8645756, 6, 284, 0.0005014642788342353
1, 8645756, 175, 260453, 0.000874463447871769
1, 8645756, 234, 262712, 0.0002899468967627966
1, 8645756, 3, 101, 0.00026073667330100893
1, 8645756, 5, 173, 0.00010054277443979246
1, 8645756, 15, 690, 0.0005808742296120788
1, 8645756, 140, 180407, 0.0006310836463508219
1, 8645756, 120, 11459, 0.00028816844406116853
1, 8645756, 38, 1202, 0.0005919761216323276
1, 8645756, 11, 167, 0.00012567372130282295
1, 8645756, 25, 167, 0.00010621541324851356
1, 8645756, 53, 1266, 0.00015363843619530413
1, 8645756, 89, 1202, 0.0003861485995532424
1, 2878103, 1, 6980866, 4.955483242207502e-05
1, 2878103, 1, 1623531, 1.5960163432073545e-05
1, 2878103, 58, 2035500, 9.949588750331653e-05
1, 2878103, 9, 164816, 0.00082370847882532
1, 2878103, 55, 643725, 0.000177999288002848
1, 2878103, 30, 11086, 2.6382439848037146e-05
1, 2878103, 41, 1905, 2.749594434820864e-05
1, 2878103, 33, 1467, 0.0003222391014132486
1, 2878103, 16, 1284, 0.0006022403340426386
1, 2878103, 20, 123, 0.0005804176030241245
1, 2878103, 48, 6608327, 0.00016987662709956893
1, 2878103, 27, 146, 0.0004676143651132963
1, 2878103, 12, 131002, 0.00025068774202911934
1, 2878103, 13, 101, 0.0009869955205587912
1, 2878103, 7, 101, 0.0008802321471586062
1, 2878103, 54, 1563, 0.00023843833259037332
1, 2878103, 4, 101, 0.00032471140275991384
1, 2878103, 304, 1850520, 0.00026060087115148357
1, 2878103, 29, 735, 0.00046411004158718324
1, 2878103, 21, 1374, 0.0006293580331042326
1, 2878103, 40, 38645, 0.00023655414030923337
1, 2878103, 71, 102807, 0.00014100665935995796
1, 2878103, 65, 4182, 0.0004548260290438907
1, 2878103, 17, 60024, 0.000514315327510518
1, 2878103, 8, 176, 0.00013890541160355296
1, 2878103, 2, 101, 4.8511890234164784e-05
1, 2878103, 169, 11459, 0.0001825292338044141
1, 2878103, 6, 284, 0.0005353258548887025
1, 2878103, 175, 260453, 0.0007916150716433752
1, 2878103, 234, 262712, 0.00033680293820467994
1, 2878103, 3, 101, 0.0002753001849235721
1, 2878103, 5, 173, 0.00011085499512038795
1, 2878103, 15, 690, 0.0006185158557214503
1, 2878103, 140, 180407, 0.0006480938601302492
1, 2878103, 120, 11459, 0.00034871965499148997
1, 2878103, 38, 1202, 0.0006520849375316504
1, 2878103, 11, 167, 0.00013928129097288896
1, 2878103, 25, 167, 0.00011793511909540236
1, 2878103, 53, 1266, 0.00015868856066869274
1, 2878103, 89, 1202, 0.00040109382898437994
1, 17833995, 1, 6980866, 1.5947182930135393e-05
1, 17833995, 1, 754869, 1.546431609062089e-05
1, 17833995, 1, 1623531, 3.085419848505885e-05
1, 17833995, 58, 2035500, 6.188310281877533e-05
1, 17833995, 34, 87642, 0.00014087284816724426
1, 17833995, 9, 164816, 0.0014835003708750928
1, 17833995, 55, 643725, 0.00016725204883759825
1, 17833995, 41, 1905, 2.595043466978072e-05
1, 17833995, 35, 1750, 7.273432575280028e-05
1, 17833995, 33, 1467, 0.00017536937173922575
1, 17833995, 16, 1284, 0.0006503472854504306
1, 17833995, 20, 123, 0.0006055712555510698
1, 17833995, 48, 6608327, 4.059677255658175e-05
1, 17833995, 27, 146, 0.0006233685276814587
1, 17833995, 12, 131002, 0.00031221745946051423
1, 17833995, 13, 101, 0.0008789701042973063
1, 17833995, 7, 101, 0.0009813586664276753
1, 17833995, 54, 1563, 0.0003650597278276918
1, 17833995, 4, 101, 0.0003694423347692414
1, 17833995, 304, 1850520, 0.00010734220695577502
1, 17833995, 29, 735, 0.0006019530839216881
1, 17833995, 21, 1374, 0.0008685488104986377
1, 17833995, 40, 38645, 0.0004326658687283667
1, 17833995, 71, 102807, 0.00024024631569630336
1, 17833995, 65, 4182, 0.0006102065067283296
1, 17833995, 17, 60024, 0.0006053410608699727
1, 17833995, 8, 176, 0.00016766671156103206
1, 17833995, 2, 101, 4.6749045749540104e-05
1, 17833995, 169, 11459, 0.00019256246726438055
1, 17833995, 6, 284, 0.0006072201917899248
1, 17833995, 175, 260453, 0.0009858044164037854
1, 17833995, 234, 262712, 0.0002430827115348031
1, 17833995, 3, 101, 0.0003077143539527108
1, 17833995, 5, 173, 0.00012976391504561371
1, 17833995, 15, 690, 0.000704222697083637
1, 17833995, 140, 180407, 0.0008162228376383114
1, 17833995, 120, 11459, 0.0003468516826030474
1, 17833995, 38, 1202, 0.0007449808334457317
1, 17833995, 11, 167, 0.00016172873232409238
1, 17833995, 25, 167, 0.00013802605394283148
1, 17833995, 53, 1266, 0.00018759292797821143
1, 17833995, 89, 1202, 0.00047485961853813684
1, 6980866, 1, 1623531, 1.5436386650612826e-05
1, 6980866, 58, 2035500, 0.0002788795240456123
1, 6980866, 34, 87642, 2.8203175677581295e-05
1, 6980866, 9, 164816, 0.0010870690547675743
1, 6980866, 55, 643725, 0.0001953506544246923
1, 6980866, 30, 11086, 0.00012491880277819417
1, 6980866, 35, 1750, 7.280493132068145e-05
1, 6980866, 33, 1467, 0.0004169684201286018
1, 6980866, 16, 1284, 0.0004684084521702925
1, 6980866, 20, 123, 0.0006925407589092483
1, 6980866, 48, 6608327, 0.0001422186103210077
1, 6980866, 27, 146, 0.0006106909903588785
1, 6980866, 12, 131002, 0.00029928237291884896
1, 6980866, 13, 101, 0.000948914109870315
1, 6980866, 7, 101, 0.0011025803068400318
1, 6980866, 54, 1563, 0.00030432136335970786
1, 6980866, 4, 101, 0.0003834116325893243
1, 6980866, 304, 1850520, 0.00014323056540265693
1, 6980866, 29, 735, 0.0006129273264037486
1, 6980866, 21, 1374, 0.0008188857967607557
1, 6980866, 40, 38645, 0.00037609492150535027
1, 6980866, 71, 102807, 0.00013911108019753774
1, 6980866, 65, 4182, 0.0006585534311704583
1, 6980866, 17, 60024, 0.0005532687115478246
1, 6980866, 8, 176, 0.00019275548605821215
1, 6980866, 2, 101, 5.1971656516459876e-05
1, 6980866, 169, 11459, 0.00025038424351215904
1, 6980866, 6, 284, 0.0005929334511457678
1, 6980866, 175, 260453, 0.0008938704150801197
1, 6980866, 234, 262712, 0.00033830572265273974
1, 6980866, 3, 101, 0.00031306651951807816
1, 6980866, 5, 173, 0.00014022372763330165
1, 6980866, 15, 690, 0.0006702740027739581
1, 6980866, 140, 180407, 0.0006664948032268408
1, 6980866, 120, 11459, 0.0003607035314897375
1, 6980866, 38, 1202, 0.0006995783622303314
1, 6980866, 11, 167, 0.00017146389920176712
1, 6980866, 25, 167, 0.0001566173250599731
1, 6980866, 53, 1266, 0.0002067047613312713
1, 6980866, 89, 1202, 0.00045071831192620656
1, 60939141, 1, 754869, 1.5241346725396656e-05
1, 60939141, 9, 164816, 0.0008311564948943244
1, 60939141, 55, 643725, 0.00021728502362974633
1, 60939141, 30, 11086, 7.31457551080119e-05
1, 60939141, 41, 1905, 2.5328639092221576e-05
1, 60939141, 35, 1750, 2.370005214011471e-05
1, 60939141, 33, 1467, 0.00019328651504413376
1, 60939141, 16, 1284, 0.0005267417809011139
1, 60939141, 20, 123, 0.00046934334599138116
1, 60939141, 48, 6608327, 0.00017926858417655964
1, 60939141, 27, 146, 0.0003976194140885537
1, 60939141, 12, 131002, 0.0005302261220425345
1, 60939141, 13, 101, 0.0007464596485241427
1, 60939141, 7, 101, 0.0008181732828420568
1, 60939141, 54, 1563, 0.00028121484814398203
1, 60939141, 4, 101, 0.00035260322110678896
1, 60939141, 304, 1850520, 0.00014074595355383532
1, 60939141, 29, 735, 0.0005528894799225231
1, 60939141, 21, 1374, 0.0006402352271649436
1, 60939141, 40, 38645, 0.0004390770519802778
1, 60939141, 71, 102807, 0.0002199597787833082
1, 60939141, 65, 4182, 0.0005378605929247368
1, 60939141, 17, 60024, 0.0005668691013434538
1, 60939141, 8, 176, 0.00023700915061416285
1, 60939141, 2, 101, 4.900644946968093e-05
1, 60939141, 169, 11459, 0.00023024498065942161
1, 60939141, 6, 284, 0.0005617542046046898
1, 60939141, 175, 260453, 0.0008769250905283364
1, 60939141, 234, 262712, 0.00044703197067470275
1, 60939141, 3, 101, 0.0003090382757517487
1, 60939141, 5, 173, 0.00014946327318877153
1, 60939141, 15, 690, 0.0006558498393505142
1, 60939141, 140, 180407, 0.0006933201368051256
1, 60939141, 120, 11459, 0.00039754204219685557
1, 60939141, 38, 1202, 0.0006542826532563399
1, 60939141, 11, 167, 0.00017452545905683955
1, 60939141, 25, 167, 0.0001725229634259896
1, 60939141, 53, 1266, 0.00021290000343013603
1, 60939141, 89, 1202, 0.00046584515898188814
1, 754869, 1, 1623531, 0.0001348678295270635
1, 754869, 58, 2035500, 5.8416333206764614e-05
1, 754869, 34, 87642, 0.00010691756655618518
1, 754869, 9, 164816, 0.00048376872518600075
1, 754869, 30, 11086, 0.0005957487370126776
1, 754869, 41, 1905, 0.0001483386075949367
1, 754869, 35, 1750, 0.0003707909434312067
1, 754869, 33, 1467, 0.0005892751915144372
1, 754869, 16, 1284, 0.0015750831999593526
1, 754869, 20, 123, 0.0039981979952697375
1, 754869, 27, 146, 0.001331439730161548
1, 754869, 12, 131002, 0.00022483458598316952
1, 754869, 13, 101, 0.005044828118923699
1, 754869, 7, 101, 0.004648454993282579
1, 754869, 54, 1563, 0.00041780235958856416
1, 754869, 4, 101, 0.000965477217327328
1, 754869, 304, 1850520, 0.0001210800339024095
1, 754869, 29, 735, 0.0006554519557317832
1, 754869, 21, 1374, 0.0005592588529600926
1, 754869, 40, 38645, 0.00036511286400950095
1, 754869, 71, 102807, 0.0001811390523304476
1, 754869, 65, 4182, 0.0004979868616232253
1, 754869, 17, 60024, 0.00021028501407741344
1, 754869, 8, 176, 0.0001799192286272094
1, 754869, 2, 101, 7.426109830607874e-05
1, 754869, 169, 11459, 9.556611454936755e-05
1, 754869, 6, 284, 0.0002255329667089502
1, 754869, 175, 260453, 0.00012589319048073833
1, 754869, 234, 262712, 0.0001307702366941284
1, 754869, 3, 101, 0.0002705168706241604
1, 754869, 5, 173, 0.00011359723314982081
1, 754869, 15, 690, 0.00021213339582347012
1, 754869, 140, 180407, 0.00015672644840314555
1, 754869, 120, 11459, 0.0001730427065153233
1, 754869, 38, 1202, 0.00016115802110540554
1, 754869, 11, 167, 0.00013880059892787695
1, 754869, 25, 167, 0.00013028015857010904
1, 754869, 53, 1266, 0.00012747961230570392
1, 754869, 89, 1202, 0.000157301300647108
1, 1623531, 2, 2407314, 5.932605600379687e-05
1, 1623531, 58, 2035500, 2.9073993312981538e-05
1, 1623531, 34, 87642, 0.00021296419539464928
1, 1623531, 9, 164816, 0.000149693129085375
1, 1623531, 30, 11086, 0.0005460199890796002
1, 1623531, 41, 1905, 7.387706855791962e-05
1, 1623531, 35, 1750, 0.0007622831535423067
1, 1623531, 33, 1467, 0.0006712958106945814
1, 1623531, 16, 1284, 0.0021817720555590793
1, 1623531, 20, 123, 0.006803775179602761
1, 1623531, 48, 6608327, 7.791499474073786e-05
1, 1623531, 27, 146, 0.0014808814408849849
1, 1623531, 12, 131002, 0.00023102691463555504
1, 1623531, 13, 101, 0.008766962282295118
1, 1623531, 7, 101, 0.007567424381877691
1, 1623531, 54, 1563, 0.00032773209391014183
1, 1623531, 4, 101, 0.001411512763064464
1, 1623531, 304, 1850520, 5.174733501224687e-05
1, 1623531, 29, 735, 0.0005362393426929293
1, 1623531, 21, 1374, 0.00034181860396122616
1, 1623531, 40, 38645, 0.0001603553474499491
1, 1623531, 71, 102807, 0.0001622383905951653
1, 1623531, 65, 4182, 0.0003704860247378811
1, 1623531, 17, 60024, 0.00017389769624484797
1, 1623531, 8, 176, 0.00013011892663901783
1, 1623531, 2, 101, 8.475528142644745e-05
1, 1623531, 169, 11459, 4.584194461529058e-05
1, 1623531, 6, 284, 0.00015400005739717008
1, 1623531, 175, 260453, 9.109878144534723e-05
1, 1623531, 234, 262712, 8.36203427388798e-05
1, 1623531, 3, 101, 0.00029034115826396715
1, 1623531, 5, 173, 8.49277982126895e-05
1, 1623531, 15, 690, 0.0001407469858834738
1, 1623531, 140, 180407, 8.147558552742907e-05
1, 1623531, 120, 11459, 9.552172907065848e-05
1, 1623531, 38, 1202, 8.906675663563073e-05
1, 1623531, 11, 167, 0.00012145616873686023
1, 1623531, 25, 167, 0.00010225647544133961
1, 1623531, 53, 1266, 8.782667326451889e-05
1, 1623531, 89, 1202, 9.167752712253571e-05
2, 2407314, 16, 1284, 2.182357819388067e-05
2, 2407314, 20, 123, 7.835762419683435e-05
2, 2407314, 27, 146, 2.1767996691264504e-05
2, 2407314, 13, 101, 0.00010281388758586567
2, 2407314, 7, 101, 0.00010105700818321155
2, 2407314, 4, 101, 1.3564858335401974e-05
2, 2407314, 29, 735, 8.169133745057675e-06
2, 2407314, 21, 1374, 2.3141023712607e-06
2, 2407314, 8, 176, 1.3889318107399846e-06
2, 2407314, 2, 101, 1.4081221187872708e-06
2, 2407314, 6, 284, 3.1523779095857034e-07
2, 2407314, 3, 101, 2.7259324554109187e-06
2, 2407314, 5, 173, 9.267841914570744e-07
2, 2407314, 15, 690, 1.9951963652310696e-07
2, 2407314, 11, 167, 7.333556860146431e-07
2, 2407314, 25, 167, 8.603299288803484e-07
2, 2407314, 53, 1266, 4.3612511557315563e-07
58, 2035500, 9, 164816, 0.032164070379917066
58, 2035500, 27, 146, 0.019104660313019148
58, 2035500, 4, 101, 2.0337645592120384e-06
58, 2035500, 304, 1850520, 3.925571170605323e-05
58, 2035500, 29, 735, 4.073203615375529e-06
58, 2035500, 21, 1374, 3.23473551416121e-05
58, 2035500, 40, 38645, 1.8434878790671953e-05
58, 2035500, 17, 60024, 0.001222027969656815
58, 2035500, 2, 101, 2.1775299427968416e-05
58, 2035500, 169, 11459, 5.234072064448874e-05
58, 2035500, 6, 284, 7.13987600257729e-05
58, 2035500, 234, 262712, 8.184233389154002e-05
58, 2035500, 3, 101, 4.3041370169413226e-05
58, 2035500, 5, 173, 5.32546428852011e-05
58, 2035500, 15, 690, 2.932625034563081e-05
58, 2035500, 140, 180407, 1.0452870619593905e-05
58, 2035500, 120, 11459, 0.00013081767643621868
58, 2035500, 38, 1202, 1.5897401982978334e-06
58, 2035500, 11, 167, 9.01989855620757e-06
58, 2035500, 25, 167, 2.198480544068495e-06
58, 2035500, 53, 1266, 0.00012371714335807578
58, 2035500, 89, 1202, 2.0127243558680432e-05
34, 87642, 41, 1905, 0.011743612729717615
34, 87642, 35, 1750, 0.00014288776166321355
34, 87642, 33, 1467, 5.4421768707482996e-05
34, 87642, 16, 1284, 0.052317207489621285
34, 87642, 20, 123, 0.00137799952482775
34, 87642, 27, 146, 0.03437603855101363
34, 87642, 12, 131002, 0.000782992454799981
34, 87642, 13, 101, 0.00021321694196736526
34, 87642, 7, 101, 0.0050021561017680035
34, 87642, 4, 101, 0.0012923598368700508
34, 87642, 29, 735, 0.00018098455598455598
34, 87642, 21, 1374, 4.587250654256625e-06
34, 87642, 40, 38645, 4.542336850616168e-05
34, 87642, 65, 4182, 0.0001503175458155353
34, 87642, 17, 60024, 0.00019427089727521577
34, 87642, 8, 176, 3.467679321499993e-07
34, 87642, 2, 101, 9.403290326940839e-05
34, 87642, 6, 284, 9.830403484499943e-05
34, 87642, 3, 101, 0.00010730707631828465
34, 87642, 5, 173, 3.3356136196240135e-05
34, 87642, 15, 690, 4.087172001954665e-05
34, 87642, 140, 180407, 1.3011955384607377e-06
34, 87642, 120, 11459, 6.572079833244428e-06
34, 87642, 38, 1202, 1.5881359889084583e-06
34, 87642, 11, 167, 0.0001196640168761459
34, 87642, 25, 167, 5.714628100508267e-05
34, 87642, 53, 1266, 4.504117707996886e-06
34, 87642, 89, 1202, 2.6234233225831274e-06
9, 164816, 35, 1750, 2.7354542221735918e-05
9, 164816, 33, 1467, 4.886033273886595e-05
9, 164816, 20, 123, 1.545451735542299e-05
9, 164816, 27, 146, 0.09209731948804636
9, 164816, 12, 131002, 2.682907198240013e-05
9, 164816, 13, 101, 2.7464982147761604e-05
9, 164816, 7, 101, 1.5834954531059132e-05
9, 164816, 54, 1563, 0.00010644072848034573
9, 164816, 4, 101, 7.529704015997622e-05
9, 164816, 304, 1850520, 5.8584596156850495e-05
9, 164816, 29, 735, 0.00017330575190728511
9, 164816, 21, 1374, 0.0004756356718026592
9, 164816, 40, 38645, 0.0001936762639436608
9, 164816, 71, 102807, 6.513936567285707e-06
9, 164816, 65, 4182, 2.7436347673397717e-05
9, 164816, 17, 60024, 0.01092392160183993
9, 164816, 8, 176, 8.601978868034634e-06
9, 164816, 2, 101, 0.00031359202381048675
9, 164816, 169, 11459, 0.00010588733587462939
9, 164816, 6, 284, 0.0004857293258020423
9, 164816, 175, 260453, 4.468814378857145e-06
9, 164816, 234, 262712, 0.0001462907175830606
9, 164816, 3, 101, 0.000871667910301672
9, 164816, 5, 173, 0.0005532670665909707
9, 164816, 15, 690, 0.00016456157540810875
9, 164816, 140, 180407, 3.539572419651706e-05
9, 164816, 120, 11459, 0.00024698301163172373
9, 164816, 38, 1202, 1.4507091602506952e-05
9, 164816, 11, 167, 6.917284141024465e-05
9, 164816, 25, 167, 1.8689211195142636e-05
9, 164816, 53, 1266, 0.0004523287905826363
9, 164816, 89, 1202, 5.6782507332775514e-05
55, 643725, 4, 101, 1.961274963986934e-05
55, 643725, 304, 1850520, 0.00020669698222405952
55, 643725, 21, 1374, 4.8126062783886474e-05
55, 643725, 40, 38645, 1.3602974517094404e-05
55, 643725, 71, 102807, 4.568469943274832e-05
55, 643725, 65, 4182, 2.499000399840064e-05
55, 643725, 17, 60024, 0.0005800393617408734
55, 643725, 8, 176, 3.4672200349842503e-07
55, 643725, 2, 101, 6.60713407564535e-05
55, 643725, 169, 11459, 0.00027494479624012993
55, 643725, 6, 284, 0.00023238648314173922
55, 643725, 175, 260453, 9.920880974230512e-06
55, 643725, 234, 262712, 0.0002463448581669479
55, 643725, 3, 101, 0.00016981474316201555
55, 643725, 5, 173, 0.00018005911584558713
55, 643725, 15, 690, 0.00012760086449585696
55, 643725, 140, 180407, 2.601162459503152e-05
55, 643725, 120, 11459, 0.001166312424844647
55, 643725, 38, 1202, 1.683245576954653e-05
55, 643725, 11, 167, 0.00028314053230420075
55, 643725, 25, 167, 0.0003550112941194014
55, 643725, 53, 1266, 0.0004249950581969977
55, 643725, 89, 1202, 3.060490596642642e-05
30, 11086, 35, 1750, 0.009238126290620584
30, 11086, 33, 1467, 0.006535087719298245
30, 11086, 16, 1284, 0.00016591085056962725
30, 11086, 20, 123, 0.0007282541178486516
30, 11086, 27, 146, 0.0016211038243312947
30, 11086, 12, 131002, 7.627241455582759e-06
30, 11086, 13, 101, 0.0010616553281064096
30, 11086, 7, 101, 0.0011449588759100654
30, 11086, 4, 101, 0.002550915199141086
30, 11086, 29, 735, 3.94855818397912e-06
30, 11086, 65, 4182, 6.087983538092513e-06
30, 11086, 8, 176, 5.193308802450688e-06
30, 11086, 2, 101, 0.00019005175591984823
30, 11086, 169, 11459, 8.437857290519646e-06
30, 11086, 6, 284, 6.139013715501104e-06
30, 11086, 3, 101, 0.00015323519905754377
30, 11086, 5, 173, 8.415120082552257e-05
30, 11086, 15, 690, 3.226893005988277e-05
30, 11086, 120, 11459, 2.179765239283729e-06
30, 11086, 38, 1202, 1.998185774185977e-05
30, 11086, 11, 167, 0.0005104334548689493
30, 11086, 25, 167, 0.000537943972213077
30, 11086, 53, 1266, 1.7569144748553595e-05
30, 11086, 89, 1202, 1.7472006024347677e-06
41, 1905, 35, 1750, 0.00011740534194305841
41, 1905, 33, 1467, 0.007527994730403689
41, 1905, 16, 1284, 0.015271438750553663
41, 1905, 20, 123, 2.2131238242779683e-05
41, 1905, 27, 146, 0.09185402545875351
41, 1905, 12, 131002, 0.00024702222428074074
41, 1905, 13, 101, 0.00011691228501984432
41, 1905, 7, 101, 0.0017876109551627343
41, 1905, 4, 101, 0.002898376069880585
41, 1905, 29, 735, 4.76737210531125e-05
41, 1905, 21, 1374, 0.00015718900497081753
41, 1905, 40, 38645, 4.480326884649504e-06
41, 1905, 65, 4182, 3.072781912376551e-05
41, 1905, 17, 60024, 3.3584545735434384e-05
41, 1905, 8, 176, 0.0004477529180182428
41, 1905, 2, 101, 0.0001757335013268508
41, 1905, 6, 284, 0.0003580067106176474
41, 1905, 234, 262712, 6.058072684756072e-06
41, 1905, 3, 101, 0.00010839129861238578
41, 1905, 5, 173, 1.7529280668153474e-05
41, 1905, 15, 690, 0.0005506188581177607
41, 1905, 140, 180407, 1.2960721238215463e-06
41, 1905, 120, 11459, 8.733729335177605e-06
41, 1905, 38, 1202, 3.4905376284716173e-06
41, 1905, 11, 167, 0.00023732336198858356
41, 1905, 25, 167, 4.681147461972603e-05
41, 1905, 53, 1266, 1.0601855731399515e-05
41, 1905, 89, 1202, 3.277104769694908e-06
35, 1750, 33, 1467, 0.01574537953100661
35, 1750, 16, 1284, 0.005259053733021417
35, 1750, 20, 123, 0.0003968253968253968
35, 1750, 27, 146, 0.006030751399025662
35, 1750, 13, 101, 0.0005267619278275611
35, 1750, 7, 101, 0.0009085067773193401
35, 1750, 54, 1563, 3.888629646912428e-05
35, 1750, 4, 101, 0.0016171356990129803
35, 1750, 29, 735, 7.861140808754166e-05
35, 1750, 21, 1374, 2.2638058197920017e-05
35, 1750, 65, 4182, 6.044633574312725e-06
35, 1750, 17, 60024, 5.353863615678254e-06
35, 1750, 8, 176, 3.7031679044015094e-05
35, 1750, 2, 101, 0.00020713763093976583
35, 1750, 169, 11459, 4.198047068503732e-06
35, 1750, 6, 284, 0.00010577085468359482
35, 1750, 3, 101, 0.0002079309820223131
35, 1750, 5, 173, 0.00023344398644799225
35, 1750, 15, 690, 8.703078061631336e-05
35, 1750, 120, 11459, 3.2654589548136674e-06
35, 1750, 38, 1202, 3.1704855693764066e-06
35, 1750, 11, 167, 0.0005018064739780642
35, 1750, 25, 167, 0.0006215466841382701
35, 1750, 53, 1266, 1.7420962905979208e-05
35, 1750, 89, 1202, 3.930198796005433e-06
33, 1467, 16, 1284, 0.000250857095074839
33, 1467, 20, 123, 0.00013392259274139549
33, 1467, 27, 146, 0.005317899681261533
33, 1467, 13, 101, 0.0019315168018334643
33, 1467, 7, 101, 0.0018187923218982596
33, 1467, 54, 1563, 0.0002944640753828033
33, 1467, 4, 101, 0.004441826048050273
33, 1467, 29, 735, 0.0008507577544635779
33, 1467, 21, 1374, 0.0007604613914424539
33, 1467, 40, 38645, 2.1712320439109968e-05
33, 1467, 71, 102807, 7.0878754802035635e-06
33, 1467, 65, 4182, 0.0003357740770630961
33, 1467, 17, 60024, 0.0013497812101927803
33, 1467, 8, 176, 0.0017307613757752945
33, 1467, 2, 101, 0.0002959869934628498
33, 1467, 169, 11459, 4.122300408519971e-06
33, 1467, 6, 284, 0.0010959710742988406
33, 1467, 234, 262712, 1.742595421620962e-05
33, 1467, 3, 101, 0.0003511023773226111
33, 1467, 5, 173, 7.264493661942942e-06
33, 1467, 15, 690, 0.0015363719622279665
33, 1467, 140, 180407, 7.70567407310373e-06
33, 1467, 120, 11459, 8.775674264305974e-05
33, 1467, 38, 1202, 0.00013552666993872802
33, 1467, 11, 167, 0.0002605817553640014
33, 1467, 25, 167, 0.0007655425779438518
33, 1467, 53, 1266, 0.00013436210791221599
33, 1467, 89, 1202, 1.57059702755787e-05
16, 1284, 20, 123, 0.008701319076525748
16, 1284, 27, 146, 0.06621711641170078
16, 1284, 12, 131002, 0.0014248920897622398
16, 1284, 13, 101, 0.03377133860860439
16, 1284, 7, 101, 0.059278818422280284
16, 1284, 54, 1563, 2.6588437574779982e-05
16, 1284, 4, 101, 0.006839862805231528
16, 1284, 29, 735, 0.0004482928662811348
16, 1284, 21, 1374, 0.0023514246063988144
16, 1284, 40, 38645, 0.00021029288063011394
16, 1284, 71, 102807, 5.800733212678083e-06
16, 1284, 65, 4182, 0.0004526710076655607
16, 1284, 17, 60024, 0.00017376305618551762
16, 1284, 8, 176, 5.5383744392395883e-05
16, 1284, 2, 101, 0.0008322039423929268
16, 1284, 169, 11459, 3.65123411713159e-05
16, 1284, 6, 284, 0.0006868874040260435
16, 1284, 175, 260453, 0.0028973167788119763
16, 1284, 234, 262712, 9.829748751621909e-06
16, 1284, 3, 101, 0.0012387181851627113
16, 1284, 5, 173, 0.00014065062463020577
16, 1284, 15, 690, 0.001289692085519613
16, 1284, 140, 180407, 0.0007326722397530907
16, 1284, 120, 11459, 5.2392064488344334e-05
16, 1284, 38, 1202, 0.0006047951977755583
16, 1284, 11, 167, 0.00044116298548220587
16, 1284, 25, 167, 0.00011089703804958287
16, 1284, 53, 1266, 2.166407227365594e-05
16, 1284, 89, 1202, 0.0007584358096183017
20, 123, 27, 146, 0.060447496452463
20, 123, 12, 131002, 4.363273701926074e-05
20, 123, 13, 101, 0.12918123908892923
20, 123, 7, 101, 0.07214505625469972
20, 123, 4, 101, 0.005723707094643353
20, 123, 29, 735, 0.0013075091419338378
20, 123, 21, 1374, 0.00024692566898762604
20, 123, 40, 38645, 0.0003425547496987881
20, 123, 71, 102807, 6.065826347523323e-06
20, 123, 65, 4182, 5.165689490404732e-06
20, 123, 17, 60024, 3.8695996512200844e-06
20, 123, 8, 176, 0.0005356447214647449
20, 123, 2, 101, 0.000678188334035531
20, 123, 6, 284, 3.478557357650225e-05
20, 123, 3, 101, 0.0012712284054639306
20, 123, 5, 173, 8.902466651658568e-05
20, 123, 15, 690, 0.00011130396757053938
20, 123, 140, 180407, 9.969878504568074e-06
20, 123, 120, 11459, 2.1122513748116135e-06
20, 123, 38, 1202, 8.484634797749875e-06
20, 123, 11, 167, 8.206196409679362e-05
20, 123, 25, 167, 7.830026322033742e-05
20, 123, 53, 1266, 1.1422056106007091e-05
20, 123, 89, 1202, 7.59539875083902e-06
48, 6608327, 12, 131002, 7.127329745910694e-06
48, 6608327, 4, 101, 1.5415311962349105e-05
48, 6608327, 21, 1374, 8.893671707896246e-06
48, 6608327, 40, 38645, 4.2748013286082525e-06
48, 6608327, 17, 60024, 5.562147730643726e-05
48, 6608327, 8, 176, 2.070724204729741e-06
48, 6608327, 2, 101, 0.00028210733829891837
48, 6608327, 169, 11459, 2.436854994943526e-05
48, 6608327, 6, 284, 0.0018744456818617027
48, 6608327, 175, 260453, 0.009855039786552427
48, 6608327, 234, 262712, 1.706504055791306e-05
48, 6608327, 3, 101, 0.0004850411001340245
48, 6608327, 5, 173, 3.3109814788680344e-05
48, 6608327, 15, 690, 0.002601554514038946
48, 6608327, 140, 180407, 0.007935475142855303
48, 6608327, 120, 11459, 3.237300609259975e-05
48, 6608327, 38, 1202, 0.0033765109577157133
48, 6608327, 11, 167, 1.933595355035207e-05
48, 6608327, 25, 167, 6.775669696218098e-06
48, 6608327, 53, 1266, 3.915106569200813e-06
48, 6608327, 89, 1202, 0.0005929899385811598
27, 146, 12, 131002, 0.0015014657165328057
27, 146, 13, 101, 0.032704951715635915
27, 146, 7, 101, 0.032660137028335166
27, 146, 54, 1563, 8.8541805013237e-05
27, 146, 4, 101, 0.012273877714133475
27, 146, 304, 1850520, 4.2735042735042735e-05
27, 146, 29, 735, 0.0006412687467677987
27, 146, 21, 1374, 0.0005761949759988602
27, 146, 40, 38645, 0.00022931221622613242
27, 146, 71, 102807, 1.159366522132307e-05
27, 146, 65, 4182, 0.00026841234100296744
27, 146, 17, 60024, 0.005660733621829083
27, 146, 8, 176, 0.0013188557001402033
27, 146, 2, 101, 0.0010015501652022869
27, 146, 169, 11459, 8.759667570615695e-05
27, 146, 6, 284, 0.0009916191731211988
27, 146, 175, 260453, 8.238453806989504e-06
27, 146, 234, 262712, 0.00013264163178683015
27, 146, 3, 101, 0.0011264482735755367
27, 146, 5, 173, 0.000436433735652392
27, 146, 15, 690, 0.0011632020362766211
27, 146, 140, 180407, 3.8269478856112934e-05
27, 146, 120, 11459, 0.0002116717034751883
27, 146, 38, 1202, 4.953377121605095e-05
27, 146, 11, 167, 0.0011867413686098309
27, 146, 25, 167, 0.0002979037345360685
27, 146, 53, 1266, 0.00036364130202367755
27, 146, 89, 1202, 6.694934166480696e-05
12, 131002, 13, 101, 1.0799835842495194e-05
12, 131002, 7, 101, 0.0002845749231833704
12, 131002, 54, 1563, 4.7448334036271615e-05
12, 131002, 4, 101, 0.01864492966759669
12, 131002, 304, 1850520, 3.402842053683236e-05
12, 131002, 29, 735, 0.1303054196902682
12, 131002, 21, 1374, 0.0026409947505707083
12, 131002, 40, 38645, 0.005971329296964401
12, 131002, 71, 102807, 0.009796216019122473
12, 131002, 65, 4182, 0.152056066245037
12, 131002, 17, 60024, 0.00797075280113687
12, 131002, 8, 176, 5.396580366907503e-05
12, 131002, 2, 101, 0.0019594154356362705
12, 131002, 169, 11459, 0.020114650014978377
12, 131002, 6, 284, 0.006916690010365692
12, 131002, 175, 260453, 5.6340496923182865e-05
12, 131002, 234, 262712, 0.0022309856737827006
12, 131002, 3, 101, 0.0038716331847590837
12, 131002, 5, 173, 0.0007041415276377318
12, 131002, 15, 690, 0.0014252332802796243
12, 131002, 140, 180407, 0.00021880850871850398
12, 131002, 120, 11459, 0.017209491803618266
12, 131002, 38, 1202, 0.00013287592175016571
12, 131002, 11, 167, 0.0034963094187519615
12, 131002, 25, 167, 0.0009818517737694718
12, 131002, 53, 1266, 0.002727349940252388
12, 131002, 89, 1202, 0.000657441025428872
13, 101, 7, 101, 0.20411388065526734
13, 101, 54, 1563, 0.00011229747151013148
13, 101, 4, 101, 0.023672575544557813
13, 101, 29, 735, 0.0010412573182117407
13, 101, 21, 1374, 0.0007549446317131279
13, 101, 40, 38645, 0.00035014099908694
13, 101, 71, 102807, 1.4174193754141522e-05
13, 101, 65, 4182, 6.432274580937311e-06
13, 101, 17, 60024, 2.1285987322514077e-05
13, 101, 8, 176, 0.000767304328328434
13, 101, 2, 101, 0.002813664661233564
13, 101, 169, 11459, 1.824356197728937e-05
13, 101, 6, 284, 0.00016927175903826556
13, 101, 175, 260453, 2.837185285222237e-06
13, 101, 3, 101, 0.004835703611666135
13, 101, 5, 173, 0.0003289730299953715
13, 101, 15, 690, 0.00039360223096764773
13, 101, 140, 180407, 2.6094075666295913e-05
13, 101, 120, 11459, 1.2215817792620519e-05
13, 101, 38, 1202, 3.6672478698896824e-05
13, 101, 11, 167, 0.0005345445420049498
13, 101, 25, 167, 0.0007563020140276443
13, 101, 53, 1266, 7.279595322746262e-05
13, 101, 89, 1202, 5.5447693566416816e-05
7, 101, 54, 1563, 0.0002030827126876961
7, 101, 4, 101, 0.036295121418832725
7, 101, 29, 735, 0.0016680681069627804
7, 101, 21, 1374, 0.002171709345802131
7, 101, 40, 38645, 0.00022969350965346377
7, 101, 71, 102807, 1.2910079452317543e-05
7, 101, 65, 4182, 0.00012086666654988728
7, 101, 17, 60024, 0.00022735654626315218
7, 101, 8, 176, 0.0018626243117776478
7, 101, 2, 101, 0.006683257113879095
7, 101, 169, 11459, 3.107056747284432e-05
7, 101, 6, 284, 0.0007688384291889146
7, 101, 175, 260453, 2.6124197701397153e-05
7, 101, 234, 262712, 1.5699052649389568e-05
7, 101, 3, 101, 0.009505625395243253
7, 101, 5, 173, 0.0005692149752312505
7, 101, 15, 690, 0.0010604254355279228
7, 101, 140, 180407, 0.00033831162994982136
7, 101, 120, 11459, 5.135365981674295e-05
7, 101, 38, 1202, 0.0005278643810157708
7, 101, 11, 167, 0.001626930906725812
7, 101, 25, 167, 0.001358655372189815
7, 101, 53, 1266, 0.00016893721760951095
7, 101, 89, 1202, 0.0003234456350489864
54, 1563, 4, 101, 0.00029656606349758464
54, 1563, 304, 1850520, 1.0892890210559568e-05
54, 1563, 29, 735, 0.07556703733340692
54, 1563, 21, 1374, 0.07563921602430798
54, 1563, 40, 38645, 0.027330152007426316
54, 1563, 65, 4182, 0.0008039198954455019
54, 1563, 17, 60024, 0.00018274899239416098
54, 1563, 8, 176, 1.730646871686108e-05
54, 1563, 2, 101, 0.001070679229289577
54, 1563, 6, 284, 0.008884384977427115
54, 1563, 234, 262712, 8.438256389758621e-05
54, 1563, 3, 101, 0.0010305525720198582
54, 1563, 5, 173, 4.3211676263230206e-05
54, 1563, 15, 690, 0.007632657927852307
54, 1563, 140, 180407, 1.563131264549145e-05
54, 1563, 120, 11459, 0.0002951354907601071
54, 1563, 38, 1202, 3.3318853644599935e-05
54, 1563, 11, 167, 0.00013626641127115178
54, 1563, 25, 167, 3.0300716084759937e-05
54, 1563, 53, 1266, 6.723964829776422e-05
54, 1563, 89, 1202, 0.0017874016054210504
4, 101, 304, 1850520, 4.5375290351811975e-05
4, 101, 29, 735, 0.013414797374706878
4, 101, 21, 1374, 0.004724152109052956
4, 101, 40, 38645, 0.0014130779325810742
4, 101, 71, 102807, 0.05570344599749557
4, 101, 65, 4182, 0.01103962975830066
4, 101, 17, 60024, 0.037581616547209505
4, 101, 8, 176, 0.007148207384761441
4, 101, 2, 101, 0.026530051393416576
4, 101, 169, 11459, 0.00235385964096281
4, 101, 6, 284, 0.011832854571498236
4, 101, 175, 260453, 0.0007964482003264839
4, 101, 234, 262712, 0.0009187010866798768
4, 101, 3, 101, 0.015634233359806834
4, 101, 5, 173, 0.0017114054578861006
4, 101, 15, 690, 0.009801851791305268
4, 101, 140, 180407, 0.0023233998920910823
4, 101, 120, 11459, 0.009366014987657123
4, 101, 38, 1202, 0.004113090642577468
4, 101, 11, 167, 0.03551978723038261
4, 101, 25, 167, 0.030457598288689235
4, 101, 53, 1266, 0.03548632079424735
4, 101, 89, 1202, 0.0033407524320677707
304, 1850520, 29, 735, 4.831348763918001e-05
304, 1850520, 21, 1374, 0.000861834545311006
304, 1850520, 40, 38645, 0.0001746194750605971
304, 1850520, 71, 102807, 3.303426313772645e-05
304, 1850520, 65, 4182, 0.00032772133688087053
304, 1850520, 17, 60024, 0.029774722712249325
304, 1850520, 8, 176, 2.3070743508082163e-05
304, 1850520, 2, 101, 0.0003404153972270842
304, 1850520, 169, 11459, 0.00944936585054273
304, 1850520, 6, 284, 0.0033302649544871142
304, 1850520, 175, 260453, 4.9637197213097e-05
304, 1850520, 234, 262712, 0.14236693800876643
304, 1850520, 3, 101, 0.0009286559570891429
304, 1850520, 5, 173, 0.0003825315300171915
304, 1850520, 15, 690, 0.0012262098783054288
304, 1850520, 140, 180407, 0.0008474350500659046
304, 1850520, 120, 11459, 0.026609984931310976
304, 1850520, 38, 1202, 0.00032199673331157223
304, 1850520, 11, 167, 0.0010224039992176616
304, 1850520, 25, 167, 0.0002896300148277975
304, 1850520, 53, 1266, 0.003296345852374285
304, 1850520, 89, 1202, 0.0013826628377541928
29, 735, 21, 1374, 0.09552190460766054
29, 735, 40, 38645, 0.014655960523852008
29, 735, 71, 102807, 0.001094369120461468
29, 735, 65, 4182, 0.13448921148884288
29, 735, 17, 60024, 0.0053852573587765155
29, 735, 8, 176, 0.00014533780956713343
29, 735, 2, 101, 0.003330951234158156
29, 735, 169, 11459, 0.016161264536757692
29, 735, 6, 284, 0.0196689004711201
29, 735, 175, 260453, 1.5849834142807005e-05
29, 735, 234, 262712, 0.002111443375719895
29, 735, 3, 101, 0.007504672203284908
29, 735, 5, 173, 0.0006922866241922096
29, 735, 15, 690, 0.012139118667096195
29, 735, 140, 180407, 0.00024784081085582404
29, 735, 120, 11459, 0.017581440322973388
29, 735, 38, 1202, 0.00045464650201181077
29, 735, 11, 167, 0.00747908884039174
29, 735, 25, 167, 0.0008204451644218479
29, 735, 53, 1266, 0.0035760996168182914
29, 735, 89, 1202, 0.0016979217986444921
21, 1374, 40, 38645, 0.052184899605698214
21, 1374, 71, 102807, 0.0010015318600005375
21, 1374, 65, 4182, 0.1252756051820479
21, 1374, 17, 60024, 0.022776938917981673
21, 1374, 8, 176, 0.00011174368776518362
21, 1374, 2, 101, 0.004515115560466321
21, 1374, 169, 11459, 0.0001893721329059078
21, 1374, 6, 284, 0.030068597532009016
21, 1374, 175, 260453, 0.01246424357350169
21, 1374, 234, 262712, 0.0077489312113621376
21, 1374, 3, 101, 0.013403297715804447
21, 1374, 5, 173, 0.00039687594423228756
21, 1374, 15, 690, 0.022508879918704837
21, 1374, 140, 180407, 0.005375359071632795
21, 1374, 120, 11459, 0.027026488732004875
21, 1374, 38, 1202, 0.002513224917510716
21, 1374, 11, 167, 0.013827778823571465
21, 1374, 25, 167, 0.0007254139250809843
21, 1374, 53, 1266, 0.011435286057172141
21, 1374, 89, 1202, 0.012733235973041742
40, 38645, 71, 102807, 0.00020128178574866615
40, 38645, 65, 4182, 0.003134127708280468
40, 38645, 17, 60024, 0.009215687312417623
40, 38645, 8, 176, 2.3904796885140357e-05
40, 38645, 2, 101, 0.003621446452547792
40, 38645, 169, 11459, 0.0005876948850279662
40, 38645, 6, 284, 0.024294112494509804
40, 38645, 175, 260453, 2.9047531443952788e-05
40, 38645, 234, 262712, 0.0012798988933426514
40, 38645, 3, 101, 0.004606587630019013
40, 38645, 5, 173, 0.00025900522470002484
40, 38645, 15, 690, 0.025560287488987286
40, 38645, 140, 180407, 0.0013573565353806368
40, 38645, 120, 11459, 0.004922446893855607
40, 38645, 38, 1202, 0.0006780850188178271
40, 38645, 11, 167, 0.0006202348252680171
40, 38645, 25, 167, 0.00015006629333070545
40, 38645, 53, 1266, 0.0004310807986713066
40, 38645, 89, 1202, 0.015276556261383438
71, 102807, 65, 4182, 0.003339764155803551
71, 102807, 17, 60024, 0.003374431885478331
71, 102807, 8, 176, 1.0311150611318185e-05
71, 102807, 2, 101, 0.0036571789226564184
71, 102807, 169, 11459, 0.0029226390159601506
71, 102807, 6, 284, 0.002182006845390203
71, 102807, 175, 260453, 9.571002948486392e-05
71, 102807, 234, 262712, 0.0007626719526510758
71, 102807, 3, 101, 0.0021452590931632103
71, 102807, 5, 173, 3.575194789824826e-05
71, 102807, 15, 690, 0.0014729925701381648
71, 102807, 140, 180407, 0.0003603037326793241
71, 102807, 120, 11459, 0.006370528435139353
71, 102807, 38, 1202, 0.00028928646240269836
71, 102807, 11, 167, 0.007978781256708402
71, 102807, 25, 167, 0.009828285884221445
71, 102807, 53, 1266, 0.012300053148645403
71, 102807, 89, 1202, 0.0005417143480383678
65, 4182, 17, 60024, 0.0207508017355216
65, 4182, 8, 176, 2.3722134728546293e-05
65, 4182, 2, 101, 0.0017460605165679798
65, 4182, 169, 11459, 0.014583377381229253
65, 4182, 6, 284, 0.009279879949453056
65, 4182, 234, 262712, 0.004624599794248575
65, 4182, 3, 101, 0.00598275606581342
65, 4182, 5, 173, 0.00033355483330405
65, 4182, 15, 690, 0.0026135720253495144
65, 4182, 140, 180407, 0.0004339012836518176
65, 4182, 120, 11459, 0.026516488539900587
65, 4182, 38, 1202, 0.00017610292412691898
65, 4182, 11, 167, 0.008620322720356172
65, 4182, 25, 167, 0.0007267620657349219
65, 4182, 53, 1266, 0.007935742566752247
65, 4182, 89, 1202, 0.0004856740961677053
17, 60024, 8, 176, 0.0003791973076161406
17, 60024, 2, 101, 0.009014295635859428
17, 60024, 169, 11459, 0.004565141172933332
17, 60024, 6, 284, 0.05292968540905625
17, 60024, 175, 260453, 0.0025591254550897625
17, 60024, 234, 262712, 0.10447980337626252
17, 60024, 3, 101, 0.022235162167574853
17, 60024, 5, 173, 0.002971892057282715
17, 60024, 15, 690, 0.015556184423712992
17, 60024, 140, 180407, 0.019867549668874173
17, 60024, 120, 11459, 0.14627130080910172
17, 60024, 38, 1202, 0.007950425657833063
17, 60024, 11, 167, 0.018772908831921755
17, 60024, 25, 167, 0.0020761708897771695
17, 60024, 53, 1266, 0.040564912960512164
17, 60024, 89, 1202, 0.010254796662912938
8, 176, 2, 101, 0.05238526477225115
8, 176, 169, 11459, 0.011707950644772242
8, 176, 6, 284, 0.004486197767976399
8, 176, 175, 260453, 2.112669647372684e-05
8, 176, 234, 262712, 0.0034614215679797033
8, 176, 3, 101, 0.06137667406382255
8, 176, 5, 173, 0.07777673370026779
8, 176, 15, 690, 0.002911094566981991
8, 176, 140, 180407, 0.0003299615218747744
8, 176, 120, 11459, 0.03642762760133832
8, 176, 38, 1202, 0.0008947425525767174
8, 176, 11, 167, 0.011711473353947765
8, 176, 25, 167, 0.09925571459836308
8, 176, 53, 1266, 0.0923813989904525
8, 176, 89, 1202, 0.07262759503053434
2, 101, 169, 11459, 0.005521467239854313
2, 101, 6, 284, 0.06498733456106646
2, 101, 175, 260453, 0.003737143385536613
2, 101, 234, 262712, 0.002710608746290924
2, 101, 3, 101, 0.12531160599044844
2, 101, 5, 173, 0.18149731231526228
2, 101, 15, 690, 0.05806588487528969
2, 101, 140, 180407, 0.013986109794789724
2, 101, 120, 11459, 0.019563000655478422
2, 101, 38, 1202, 0.04552115274780055
2, 101, 11, 167, 0.19492778122217666
2, 101, 25, 167, 0.20178047395425067
2, 101, 53, 1266, 0.14741905419869997
2, 101, 89, 1202, 0.09017555843016106
169, 11459, 6, 284, 0.005458169409009628
169, 11459, 175, 260453, 0.0008657703120772606
169, 11459, 234, 262712, 0.174517257108104
169, 11459, 3, 101, 0.007495302924435946
169, 11459, 5, 173, 0.012321709320886045
169, 11459, 15, 690, 0.003226917488744079
169, 11459, 140, 180407, 0.003673036093418259
169, 11459, 120, 11459, 0.14905280218581002
169, 11459, 38, 1202, 0.0013247840916648457
169, 11459, 11, 167, 0.012515025384766336
169, 11459, 25, 167, 0.018323708530130694
169, 11459, 53, 1266, 0.03115985115656042
169, 11459, 89, 1202, 0.04273649889367791
6, 284, 175, 260453, 0.021322210638684225
6, 284, 234, 262712, 0.014120819287015291
6, 284, 3, 101, 0.10872129075358627
6, 284, 5, 173, 0.013097927030630759
6, 284, 15, 690, 0.2573643920694305
6, 284, 140, 180407, 0.08354570420932567
6, 284, 120, 11459, 0.04507714317866754
6, 284, 38, 1202, 0.2496337052539277
6, 284, 11, 167, 0.02592345628146215
6, 284, 25, 167, 0.01547602286316484
6, 284, 53, 1266, 0.03818367800085613
6, 284, 89, 1202, 0.16967128863715011
175, 260453, 234, 262712, 0.0004480892796753466
175, 260453, 3, 101, 0.007452572714836796
175, 260453, 5, 173, 0.0004214422087172845
175, 260453, 15, 690, 0.033777557613902554
175, 260453, 140, 180407, 0.1546457615801786
175, 260453, 120, 11459, 0.0014016939852115851
175, 260453, 38, 1202, 0.05139549204637029
175, 260453, 11, 167, 0.0005241749380150659
175, 260453, 25, 167, 0.00024457238873457906
175, 260453, 53, 1266, 0.00024343120954917587
175, 260453, 89, 1202, 0.039842312069936554
234, 262712, 3, 101, 0.005588113159816523
234, 262712, 5, 173, 0.004546026893454336
234, 262712, 15, 690, 0.004974638867267537
234, 262712, 140, 180407, 0.005534035517692887
234, 262712, 120, 11459, 0.14970205088576408
234, 262712, 38, 1202, 0.001599096352834908
234, 262712, 11, 167, 0.007223463012419861
234, 262712, 25, 167, 0.005924567273835108
234, 262712, 53, 1266, 0.02117628482498562
234, 262712, 89, 1202, 0.0159741827569594
3, 101, 5, 173, 0.13236561372018132
3, 101, 15, 690, 0.11367019376871049
3, 101, 140, 180407, 0.025942909599932104
3, 101, 120, 11459, 0.03198022509178441
3, 101, 38, 1202, 0.08329487309743427
3, 101, 11, 167, 0.1795300039258756
3, 101, 25, 167, 0.18173842099640433
3, 101, 53, 1266, 0.1651411363131598
3, 101, 89, 1202, 0.12945614796188964
5, 173, 15, 690, 0.010077312467673289
5, 173, 140, 180407, 0.0026547615561405163
5, 173, 120, 11459, 0.03373191774900913
5, 173, 38, 1202, 0.005470044690818482
5, 173, 11, 167, 0.20281948901897848
5, 173, 25, 167, 0.27446537454020536
5, 173, 53, 1266, 0.22455147554826815
5, 173, 89, 1202, 0.10431058445330724
15, 690, 140, 180407, 0.1264569536230115
15, 690, 120, 11459, 0.017290090809574808
15, 690, 38, 1202, 0.28888971064299573
15, 690, 11, 167, 0.013628826975386565
15, 690, 25, 167, 0.00919569183614847
15, 690, 53, 1266, 0.012600843667118621
15, 690, 89, 1202, 0.20694538146013888
140, 180407, 120, 11459, 0.014028342730811933
140, 180407, 38, 1202, 0.20050684713561648
140, 180407, 11, 167, 0.003576192540411101
140, 180407, 25, 167, 0.0018483582277109506
140, 180407, 53, 1266, 0.0035072668252499575
140, 180407, 89, 1202, 0.11803247628475025
120, 11459, 38, 1202, 0.005729320203713574
120, 11459, 11, 167, 0.042287353580568524
120, 11459, 25, 167, 0.05180638228430983
120, 11459, 53, 1266, 0.10646566330753301
120, 11459, 89, 1202, 0.09825328605084371
38, 1202, 11, 167, 0.005412416411956964
38, 1202, 25, 167, 0.002862916856660441
38, 1202, 53, 1266, 0.003032698785679545
38, 1202, 89, 1202, 0.183735042365196
11, 167, 25, 167, 0.2584957395891398
11, 167, 53, 1266, 0.2842199422463235
11, 167, 89, 1202, 0.11353532919335198
25, 167, 53, 1266, 0.26837289991867186
25, 167, 89, 1202, 0.1650656962663264
53, 1266, 89, 1202, 0.1821235919346122
