wavemap_89_1202_1 -15.547526165952917 -50.48024823215854 -41.035877599088096 -27.461857085403597 -45.142295588874006 -5.533006929220253 -5.733512695144 68.94860788047798 43.62941345253998 55.003255526576496 72.3495137345254 -0.44970486698718304 36.276441418956345 -50.871499427791065
wavemap_53_1266_1 -129.90859812647753 28.39724955637777 -119.44729059361444 83.23597712340043 -57.01128033212297 104.31990604917375 -7.063973619188829 72.14245388266798 -5.733512695144 68.94860788047798 -45.142295588874006 -5.533006929220253
wavemap_25_167_1 -115.39307230320077 -81.10527678274525 -41.035877599088096 -27.461857085403597 -45.142295588874006 -5.533006929220253 -129.90859812647753 28.39724955637777 -143.00926951877665 21.06458210913952 -156.70045586466216 -44.80028518167573
wavemap_11_167_1 -15.547526165952917 -50.48024823215854 -41.035877599088096 -27.461857085403597 -115.39307230320077 -81.10527678274525 -116.08255803002551 -99.5297852755959 -65.0094541972741 -144.69596500992066 -21.243655812266212 -131.07250643451087
wavemap_38_1202_1 69.15932144065678 -126.3442048566141 4.271011431179041 -149.22918293663207 -21.243655812266212 -131.07250643451087 -15.547526165952917 -50.48024823215854 36.276441418956345 -50.871499427791065 77.29289461135821 -98.010201330348
wavemap_120_11459_1 77.29289461135821 -98.010201330348 122.56542035728037 -80.43806456998172 134.2055967471494 -11.323235389079862 132.00713232269567 -8.474600811705741 72.3495137345254 -0.44970486698718304 36.276441418956345 -50.871499427791065
wavemap_140_180407_1 105.49016926288525 91.75849652526014 43.62941345253998 55.003255526576496 72.3495137345254 -0.44970486698718304 132.00713232269567 -8.474600811705741 144.1129873761581 58.62792221149597
wavemap_15_690_1 107.2184899073556 119.99690895672931 105.49016926288525 91.75849652526014 43.62941345253998 55.003255526576496 -5.733512695144 68.94860788047798 -7.063973619188829 72.14245388266798 30.22405798847332 158.81053208535948 52.599861884995 164.35650394194468
wavemap_5_173_1 -69.68457406530985 171.07837862556374 -13.439559816484824 193.26555505834048 30.22405798847332 158.81053208535948 -7.063973619188829 72.14245388266798 -57.01128033212297 104.31990604917375
wavemap_3_101_1 -84.28927615168261 179.34905741168615 -150.3835782256723 153.02720905396234 -157.246702115823 123.6296569388544 -119.44729059361444 83.23597712340043 -57.01128033212297 104.31990604917375 -69.68457406530985 171.07837862556374
wavemap_234_262712_1 -129.90859812647753 28.39724955637777 -119.44729059361444 83.23597712340043 -157.246702115823 123.6296569388544 -203.8704920708663 103.36653619584001 -211.75365800956686 40.77396006194884 -143.00926951877665 21.06458210913952
wavemap_175_260453_1 -232.46875698935654 -37.912485965217684 -210.40155804117177 -57.828739171675366 -156.70045586466216 -44.80028518167573 -143.00926951877665 21.06458210913952 -211.75365800956686 40.77396006194884 -223.54550325648333 33.31358537457166
wavemap_6_284_1 -115.39307230320077 -81.10527678274525 -116.08255803002551 -99.5297852755959 -166.54794262082245 -145.2096590418816 -215.37390012471806 -109.49456821878073 -210.40155804117177 -57.828739171675366 -156.70045586466216 -44.80028518167573
wavemap_169_11459_1 -107.24528637080938 -205.96918608576638 -165.81408420477726 -163.73839756808908 -166.54794262082245 -145.2096590418816 -116.08255803002551 -99.5297852755959 -65.0094541972741 -144.69596500992066 -85.1359962386687 -198.9949663741126
wavemap_2_101_1 4.271011431179041 -149.22918293663207 10.931655523857962 -209.83376099315007 -38.02475068005446 -231.95689844812773 -85.1359962386687 -198.9949663741126 -65.0094541972741 -144.69596500992066 -21.243655812266212 -131.07250643451087
wavemap_8_176_1 69.15932144065678 -126.3442048566141 103.9803578356773 -181.93232588482806 101.34897979181716 -192.04854460312146 35.746614347069254 -223.6185998018327 10.931655523857962 -209.83376099315007 4.271011431179041 -149.22918293663207
wavemap_17_60024_1 69.15932144065678 -126.3442048566141 103.9803578356773 -181.93232588482806 164.10637767510062 -153.0610845762369 168.77986293501783 -110.32527343439 122.56542035728037 -80.43806456998172 77.29289461135821 -98.010201330348
wavemap_65_4182_1 208.31783258779151 -22.439073528521803 134.2055967471494 -11.323235389079862 122.56542035728037 -80.43806456998172 168.77986293501783 -110.32527343439 204.73940514658594 -90.2162086864216
wavemap_71_102807_1 219.45261371822895 56.30851331473352 198.15078749727985 73.30990205931444 144.1129873761581 58.62792221149597 132.00713232269567 -8.474600811705741 134.2055967471494 -11.323235389079862 208.31783258779151 -22.439073528521803 215.49052856145673 -16.928167496990635
wavemap_40_38645_1 155.00524872476592 157.79983951233234 200.0040892231753 128.7247442129314 198.15078749727985 73.30990205931444 144.1129873761581 58.62792221149597 105.49016926288525 91.75849652526014 107.2184899073556 119.99690895672931
wavemap_21_1374_1 86.21402698247203 224.87505788672695 52.599861884995 164.35650394194468 107.2184899073556 119.99690895672931 155.00524872476592 157.79983951233234 153.23519391039832 187.56659942052718 90.21087309467762 226.07015331552614
wavemap_29_735_1 -6.844616346935041 247.35863732914206 -13.439559816484824 193.26555505834048 30.22405798847332 158.81053208535948 52.599861884995 164.35650394194468 86.21402698247203 224.87505788672695 25.274345600890793 262.32426169848213
wavemap_304_1850520_1 -6.844616346935041 247.35863732914206 -13.439559816484824 193.26555505834048 -69.68457406530985 171.07837862556374 -84.28927615168261 179.34905741168615 -100.92297106751185 242.86978711867667 -49.73628638178552 271.5824368304201
wavemap_4_101_1 -84.28927615168261 179.34905741168615 -100.92297106751185 242.86978711867667 -122.61606683695805 252.2907072668133 -186.69028507406748 215.1893512614345 -188.4201354904381 205.65834934538302 -150.3835782256723 153.02720905396234
wavemap_54_1563_1 -150.3835782256723 153.02720905396234 -188.4201354904381 205.65834934538302 -247.5901361374622 171.4089176082814 -249.4745826291911 133.41416234064002 -203.8704920708663 103.36653619584001 -157.246702115823 123.6296569388544
wavemap_7_101_1 -288.45898809505286 48.311093976612945 -289.4524296465497 108.00413636658976 -249.4745826291911 133.41416234064002 -203.8704920708663 103.36653619584001 -211.75365800956686 40.77396006194884 -223.54550325648333 33.31358537457166
wavemap_13_101_1 -297.14669826951 -45.84228758539529 -232.46875698935654 -37.912485965217684 -223.54550325648333 33.31358537457166 -288.45898809505286 48.311093976612945 -306.3136469414163 34.20033477639528 -304.1819035378429 -40.17183357474811
wavemap_12_131002_1 -297.14669826951 -45.84228758539529 -295.1825629903368 -114.92818964339361 -264.23243589686354 -134.00050260839242 -215.37390012471806 -109.49456821878073 -210.40155804117177 -57.828739171675366 -232.46875698935654 -37.912485965217684
wavemap_27_146_1 -264.23243589686354 -134.00050260839242 -215.37390012471806 -109.49456821878073 -166.54794262082245 -145.2096590418816 -165.81408420477726 -163.73839756808908 -210.3517188326349 -209.77814385496018 -261.0635995665643 -183.14600528381132
wavemap_48_6608327_1 -107.24528637080938 -205.96918608576638 -165.81408420477726 -163.73839756808908 -210.3517188326349 -209.77814385496018 -206.24044379671403 -235.96669259999695 -139.32568656857927 -269.6699554502068 -136.51544767249703 -268.58473707006203
wavemap_20_123_1 -107.24528637080938 -205.96918608576638 -136.51544767249703 -268.58473707006203 -71.16178362835001 -301.6476625817732 -44.15151007008253 -286.92019353502354 -38.02475068005446 -231.95689844812773 -85.1359962386687 -198.9949663741126
wavemap_16_1284_1 -38.02475068005446 -231.95689844812773 10.931655523857962 -209.83376099315007 35.746614347069254 -223.6185998018327 48.18005072955087 -281.8881791044737 4.798931551868222 -310.2451832886003 -44.15151007008253 -286.92019353502354
wavemap_33_1467_1 101.34897979181716 -192.04854460312146 137.38151689060015 -254.01980615988512 79.67150067541317 -294.1746569537997 48.18005072955087 -281.8881791044737 35.746614347069254 -223.6185998018327
wavemap_35_1750_1 103.9803578356773 -181.93232588482806 164.10637767510062 -153.0610845762369 207.5623026322461 -192.13034669742103 206.71778529574985 -213.13548138846548 145.0738537727844 -255.99728841183722 137.38151689060015 -254.01980615988512 101.34897979181716 -192.04854460312146
wavemap_41_1905_1 207.5623026322461 -192.13034669742103 257.9135246284292 -156.42942755449766 255.45875796633976 -113.16151543267841 204.73940514658594 -90.2162086864216 168.77986293501783 -110.32527343439 164.10637767510062 -153.0610845762369
wavemap_30_11086_1 283.1631171838634 -25.198911788065583 289.6218404701581 -86.3537067856316 255.45875796633976 -113.16151543267841 204.73940514658594 -90.2162086864216 208.31783258779151 -22.439073528521803 215.49052856145673 -16.928167496990635
wavemap_55_643725_1 284.97681409767614 68.06767278952226 219.45261371822895 56.30851331473352 215.49052856145673 -16.928167496990635 283.1631171838634 -25.198911788065583 298.76284638046053 -10.368893538376131 290.12879266405326 64.50862973006711
wavemap_9_164816_1 284.97681409767614 68.06767278952226 276.8091262792448 139.33131429244926 249.2764667394821 153.93172079872707 200.0040892231753 128.7247442129314 198.15078749727985 73.30990205931444 219.45261371822895 56.30851331473352
wavemap_34_87642_1 155.00524872476592 157.79983951233234 200.0040892231753 128.7247442129314 249.2764667394821 153.93172079872707 241.8458418853521 207.91248936491783 195.6033795690463 228.19448633137276 153.23519391039832 187.56659942052718
wavemap_58_2035500_1 90.21087309467762 226.07015331552614 153.23519391039832 187.56659942052718 195.6033795690463 228.19448633137276 188.41820422376105 263.5374106921096 125.91695451904691 288.6637993086076
wavemap_22_6161_1 25.274345600890793 262.32426169848213 86.21402698247203 224.87505788672695 90.21087309467762 226.07015331552614 125.91695451904691 288.6637993086076 121.92973542535293 301.3182799308854 51.77899959977224 329.3202047754059 39.61974762377967 322.53022355238267
wavemap_14_14107_1 -6.844616346935041 247.35863732914206 -49.73628638178552 271.5824368304201 -52.329047773433274 326.4320279369634 -22.702026409419993 347.2002511470649 39.61974762377967 322.53022355238267 25.274345600890793 262.32426169848213
wavemap_86_49855703_1 -49.73628638178552 271.5824368304201 -100.92297106751185 242.86978711867667 -122.61606683695805 252.2907072668133 -142.0748792654822 310.01220506273376 -99.94016825379201 343.6169432364865 -52.329047773433274 326.4320279369634
wavemap_92_49855703_1 -186.69028507406748 215.1893512614345 -122.61606683695805 252.2907072668133 -142.0748792654822 310.01220506273376 -173.15928654302203 318.84462879510284 -226.86203356006 273.91517002474245
wavemap_32_248525_1 -293.93901079405794 210.3748021768546 -294.40407662790017 226.84818754787992 -236.28161713166094 275.538226763332 -226.86203356006 273.91517002474245 -186.69028507406748 215.1893512614345 -188.4201354904381 205.65834934538302 -247.5901361374622 171.4089176082814
wavemap_20_9823427_1 -289.4524296465497 108.00413636658976 -339.4031037703369 130.92579653822776 -344.0028345168861 168.04444619175572 -293.93901079405794 210.3748021768546 -247.5901361374622 171.4089176082814 -249.4745826291911 133.41416234064002
wavemap_75_49855703_1 -288.45898809505286 48.311093976612945 -289.4524296465497 108.00413636658976 -339.4031037703369 130.92579653822776 -376.3993297748798 97.57795386600654 -366.6286856939247 44.1934507603122 -306.3136469414163 34.20033477639528
wavemap_82_49855703_2 -304.1819035378429 -40.17183357474811 -374.9012893189022 -47.20299995287762 -388.98919509094446 21.10149471935795 -366.6286856939247 44.1934507603122 -306.3136469414163 34.20033477639528
wavemap_80_49855703_2 -297.14669826951 -45.84228758539529 -295.1825629903368 -114.92818964339361 -352.6244123723723 -136.53170756837932 -365.85646379162637 -129.77064372158782 -381.2920816686494 -55.311397271877524 -374.9012893189022 -47.20299995287762 -304.1819035378429 -40.17183357474811
wavemap_77_49855703_4 -295.1825629903368 -114.92818964339361 -352.6244123723723 -136.53170756837932 -332.14595466889375 -233.65478752497881 -261.0635995665643 -183.14600528381132 -264.23243589686354 -134.00050260839242
wavemap_18_13234024_3 -261.0635995665643 -183.14600528381132 -210.3517188326349 -209.77814385496018 -206.24044379671403 -235.96669259999695 -454.5967028589023 -532.3487895551334 -332.14595466889375 -233.65478752497881
wavemap_31_4062912_8 -297.14669826951 -45.84228758539529 -454.5967028589023 -532.3487895551334 -206.24044379671403 -235.96669259999695 -139.32568656857927 -269.6699554502068
wavemap_41_60187632_16 -136.51544767249703 -268.58473707006203 -139.32568656857927 -269.6699554502068 -297.14669826951 -45.84228758539529 -71.16178362835001 -301.6476625817732
wavemap_16_41201_32 -71.16178362835001 -301.6476625817732 -297.14669826951 -45.84228758539529 4.798931551868222 -310.2451832886003 -44.15151007008253 -286.92019353502354
wavemap_34_90152410_52 4.798931551868222 -310.2451832886003 -297.14669826951 -45.84228758539529 79.67150067541317 -294.1746569537997 48.18005072955087 -281.8881791044737
wavemap_19_19546040_102 145.0738537727844 -255.99728841183722 -297.14669826951 -45.84228758539529 79.67150067541317 -294.1746569537997 137.38151689060015 -254.01980615988512
wavemap_14_238083_160 206.71778529574985 -213.13548138846548 -297.14669826951 -45.84228758539529 145.0738537727844 -255.99728841183722
wavemap_1_5249714_247 206.71778529574985 -213.13548138846548 -297.14669826951 -45.84228758539529 257.9135246284292 -156.42942755449766 207.5623026322461 -192.13034669742103
wavemap_7_19325784_356 -297.14669826951 -45.84228758539529 257.9135246284292 -156.42942755449766 255.45875796633976 -113.16151543267841 289.6218404701581 -86.3537067856316
wavemap_9_201256_351 283.1631171838634 -25.198911788065583 289.6218404701581 -86.3537067856316 -297.14669826951 -45.84228758539529 298.76284638046053 -10.368893538376131
wavemap_1_58275384_547 290.12879266405326 64.50862973006711 -297.14669826951 -45.84228758539529 298.76284638046053 -10.368893538376131
wavemap_1_8645756_634 284.97681409767614 68.06767278952226 276.8091262792448 139.33131429244926 -297.14669826951 -45.84228758539529 290.12879266405326 64.50862973006711
wavemap_1_2878103_708 241.8458418853521 207.91248936491783 -297.14669826951 -45.84228758539529 276.8091262792448 139.33131429244926 249.2764667394821 153.93172079872707
wavemap_1_17833995_771 241.8458418853521 207.91248936491783 -297.14669826951 -45.84228758539529 188.41820422376105 263.5374106921096 195.6033795690463 228.19448633137276
wavemap_1_6980866_827 121.92973542535293 301.3182799308854 -297.14669826951 -45.84228758539529 188.41820422376105 263.5374106921096 125.91695451904691 288.6637993086076
wavemap_1_60939141_881 121.92973542535293 301.3182799308854 -297.14669826951 -45.84228758539529 51.77899959977224 329.3202047754059
wavemap_1_15204409_930 -22.702026409419993 347.2002511470649 -297.14669826951 -45.84228758539529 51.77899959977224 329.3202047754059 39.61974762377967 322.53022355238267
wavemap_1_31820411_979 -22.702026409419993 347.2002511470649 -297.14669826951 -45.84228758539529 -99.94016825379201 343.6169432364865 -52.329047773433274 326.4320279369634
wavemap_1_201283_1031 -142.0748792654822 310.01220506273376 -99.94016825379201 343.6169432364865 -297.14669826951 -45.84228758539529 -173.15928654302203 318.84462879510284
wavemap_1_10126754_1079 -226.86203356006 273.91517002474245 -236.28161713166094 275.538226763332 -297.14669826951 -45.84228758539529 -173.15928654302203 318.84462879510284
wavemap_1_14609_1141 -297.14669826951 -45.84228758539529 -236.28161713166094 275.538226763332 -294.40407662790017 226.84818754787992
wavemap_1_7241947_1198 -344.0028345168861 168.04444619175572 -297.14669826951 -45.84228758539529 -294.40407662790017 226.84818754787992 -293.93901079405794 210.3748021768546
wavemap_4_6552536_1280 -297.14669826951 -45.84228758539529 -344.0028345168861 168.04444619175572 -339.4031037703369 130.92579653822776 -376.3993297748798 97.57795386600654
wavemap_1_1443591_1372 -366.6286856939247 44.1934507603122 -376.3993297748798 97.57795386600654 -297.14669826951 -45.84228758539529 -388.98919509094446 21.10149471935795
wavemap_1_754869_1520 -388.98919509094446 21.10149471935795 -374.9012893189022 -47.20299995287762 -381.2920816686494 -55.311397271877524 -297.14669826951 -45.84228758539529
wavemap_1_1623531_1994 -365.85646379162637 -129.77064372158782 -297.14669826951 -45.84228758539529 -381.2920816686494 -55.311397271877524
wavemap_2_2407314_44 -352.6244123723723 -136.53170756837932 -365.85646379162637 -129.77064372158782 -297.14669826951 -45.84228758539529 -454.5967028589023 -532.3487895551334 -332.14595466889375 -233.65478752497881
