0 0 11.641600215834357 ground
1 0.03261529602705926 11.91513244895065 inner
1 0.03261529602705926 11.91513244895065 outer
1 0.03261529602705926 9.663558104217273 ground
2 0.07084955454778546 11.159240650411673 inner
2 0.07084955454778546 11.159240650411673 outer
2 0.07084955454778546 8.67595703294175 ground
3 0.11518410104055554 9.513727595952437 inner
3 0.11518410104055554 9.513727595952437 outer
3 0.11518410104055554 7.383704292474052 ground
4 0.17091765865213832 7.475733430966398 inner
4 0.17091765865213832 7.475733430966398 outer
4 0.17091765865213832 5.614709844115208 ground
5 0.24513769400997854 6.189824558880018 inner
5 0.24513769400997854 6.189824558880018 outer
5 0.24513769400997854 4.247927513443585 ground
6 0.3585525431738963 4.459431618637297 inner
6 0.3585525431738963 4.459431618637297 outer
6 0.3585525431738963 1.584962500721156 ground
7 0.6741261797612605 2.584962500721156 inner
7 0.6741261797612605 2.584962500721156 outer
