0 0 ground 0.7762232479536498 0.7784976833297179 0.7801951168954856
0 1 inner 0.7760072845708282 0.7784137285411358 0.7802071890796544 0
0 0 ceil 0.7771322978396984 0.7788533819804383 0.7801453799105282
0 1 outer 0.78 0.78 0.78
0 1 next 0.77698944663016 0.7787972389293949 0.7801530801050626
1 1 ground 0.7691597012605306 0.7758604127584509 0.7806400674615498
1 2 inner 0.7703441485961331 0.7762870587678462 0.7805583320413174 0
1 1 ceil 0.7772316193701261 0.7788924714915959 0.7801400515937111
1 2 outer 0.78 0.78 0.78
1 2 next 0.7747652623663662 0.777934981068925 0.7802785162332323
2 2 ground 0.751078317810554 0.7701143226608124 0.7822256493532938
2 3 inner 0.7549552865275378 0.7712263260367486 0.7818339613714219 0
2 2 ceil 0.77447895880678 0.777825608503562 0.7802954152549706
2 3 outer 0.78 0.78 0.78
2 3 next 0.7703700554823145 0.7762964605049617 0.7805565759498514
3 3 ground 0.6873930940557873 0.7607877659465101 0.7921216166944984
3 4 inner 0.7027285280726769 0.7615375538074944 0.7891965006966131 0
3 3 ceil 0.764406507648249 0.774210949154088 0.780996214539981
3 4 outer 0.78 0.78 0.78
3 4 next 0.757366282585812 0.7719506609736585 0.7816042694956272
4 4 ground 0.5138171635293574 0.8115439345604921 0.8422066597006364
4 5 inner 0.5634309143007693 0.7865537923827287 0.8252525304097779 0
4 4 ceil 0.7472782091270335 0.769087103442621 0.7826357627645911
4 5 outer 0.78 0.78 0.78
4 5 next 0.7165550686106721 0.7630118836798806 0.7868361346687236
5 5 ground 0.16129032258064513 1.0 0.8064516129032259
5 6 inner 0.18947381269292696 0.9850319602354829 0.8186353688748844 0
5 5 ceil 0.755992731435692 0.7715349123207714 0.7817338069464461
5 6 outer 0.78 0.78 0.78
5 6 next 0.7083782352827683 0.7620475125444874 0.7881991630799217
6 6 ground 0.571301247771836 0.0 0.0
6 7 inner 0.8208556149732622 0.0 0.0 0
6 6 ceil 0.78 0.78 0.78
6 7 outer 0.78 0.78 0.78
