0 0 4.584962500721156 ground
1 0.08721235762522536 6.845490050944376 inner
1 0.08721235762522536 6.339850002884624 outer
1 0.08721235762522536 1.584962500721156 ground
2 0.2343228241056791 4.523561956057013 inner
2 0.2343228241056791 4.643856189774724 outer
2 0.2343228241056791 2.0 ground
3 0.3733739593606793 5.087462841250339 inner
3 0.3733739593606793 5.321928094887363 outer
3 0.3733739593606793 2.0 ground
4 0.49749885246884007 5.321928094887363 inner
4 0.49749885246884007 5.584962500721156 outer
4 0.49749885246884007 2.584962500721156 ground
5 0.6228161406886007 6.0 inner
5 0.6228161406886007 6.285402218862249 outer
5 0.6228161406886007 3.584962500721156 ground
6 0.747091253818066 5.727920454563199 inner
6 0.747091253818066 6.149747119504682 outer
6 0.747091253818066 2.0 ground
7 0.9719312173384991 4.321928094887363 inner
7 0.9719312173384991 6.475733430966398 outer
