0 0 ground 0.2059784317514025 0.9767654898152763 0.8261330435890656
0 1 inner 0.38875715466934735 0.8916756389347824 0.8752744559649157 0
0 0 ceil 0.5972368416675389 0.774163592221277 0.8147750187855434
0 1 outer 0.5227757523088661 0.8064482117651118 0.8390176494143871
0 1 next 0.707514051065709 0.7619612703832666 0.7883488204805513
1 1 ground 0.78 0.78 0.78
1 2 inner 1.0 0.6252723311546844 0.0 0
1 1 ceil 1.0 0.5090777051561368 0.0
1 2 outer 1.0 0.5090777051561368 0.0
1 2 next 1.0 0.6252723311546844 0.0
2 2 ground 1.0 0.3783587509077707 0.0
2 3 inner 0.8570524984187222 1.0 0.11068943706514867 0
2 2 ceil 0.7179000632511068 1.0 0.2498418722327641
2 3 outer 0.7811511701454774 1.0 0.18659076533839347
2 3 next 0.7052498418722326 1.0 0.26249209361163817
3 3 ground 0.8191018342820998 1.0 0.14864010120177107
3 4 inner 0.6799493991144844 1.0 0.2877925363693865 0
3 3 ceil 0.6672991777356103 1.0 0.30044275774826057
3 4 outer 0.7052498418722326 1.0 0.26249209361163817
3 4 next 0.2245414294750158 1.0 0.7432005060088551
4 4 ground 0.5913978494623655 1.0 0.3763440860215054
4 5 inner 0.30044275774826057 1.0 0.6672991777356103 0
4 4 ceil 0.2539310085772657 0.9532461183540164 0.8450587222376102
4 5 outer 0.1728892704229834 0.9934224700687371 0.8105963778530697
4 5 next 0.19924098671726753 1.0 0.7685009487666035
5 5 ground 0.5787476280834913 1.0 0.38899430740037955
5 6 inner 0.46489563567362424 1.0 0.5028462998102468 0
5 5 ceil 0.4553242656735581 0.8509139642783273 0.8642663253526195
5 6 outer 0.1875218903854724 0.9860151608737796 0.8177154716477881
5 6 next 0.2877925363693864 1.0 0.6799493991144845
6 6 ground 1.0 0.13144517066085715 0.0
6 7 inner 1.0 0.20406681190994935 0.0 0
6 6 ceil 0.78 0.78 0.78
6 7 outer 0.26249209361163817 1.0 0.7052498418722328
