wavemap_6_132382_1 55.864905537514765 -0.3472410333839093 33.688589395732315 42.47093747613755 -4.427149936178658 53.23888534095228 -34.85676611556233 -4.272328775746836 -31.68598249511252 -21.20475968352916 -12.00507143406712 -38.97848310836795 28.010968816506278 -39.28058895479633
wavemap_4_306155_1 -92.23160269203032 64.27092262684462 -100.30933434433601 21.927025934318593 -34.85676611556233 -4.272328775746836 -4.427149936178658 53.23888534095228 -5.454469540783663 55.705023618928905 -44.0214401718495 80.55094493798164
wavemap_7_468734_1 -120.99675191579612 -34.592681699444505 -89.10112523431755 -62.62569562924206 -31.68598249511252 -21.20475968352916 -34.85676611556233 -4.272328775746836 -100.30933434433601 21.927025934318593 -110.42505913682412 16.265083605568925
wavemap_5_420410_1 -50.197255383114516 -111.72744638753974 -16.40335593102123 -101.20804982045097 -12.00507143406712 -38.97848310836795 -31.68598249511252 -21.20475968352916 -89.10112523431755 -62.62569562924206 -89.6335138159446 -76.85223805363218
wavemap_3_61055_1 28.010968816506278 -39.28058895479633 -12.00507143406712 -38.97848310836795 -16.40335593102123 -101.20804982045097 3.297874966070246 -115.2277849272838 53.40158848195809 -97.5570768232956 59.68195269464633 -75.67888651088266
wavemap_2_371088_1 101.92972415191832 -6.54368978278513 55.864905537514765 -0.3472410333839093 28.010968816506278 -39.28058895479633 59.68195269464633 -75.67888651088266 94.63927643728984 -62.11050561184581 103.62727540085085 -8.743271968780938
wavemap_9_235373_1 101.92972415191832 -6.54368978278513 111.27729836636404 45.26973530497984 81.45456737458733 70.85161290036224 33.688589395732315 42.47093747613755 55.864905537514765 -0.3472410333839093
wavemap_8_106752_1 81.45456737458733 70.85161290036224 33.688589395732315 42.47093747613755 -4.427149936178658 53.23888534095228 -5.454469540783663 55.705023618928905 23.33760183492007 122.62605393403425 40.615149484955474 126.9083936193941 82.78909561891197 92.65599224701408
wavemap_5_175320_1 -53.80716395503238 132.0987103865986 -10.377398559562135 149.23060874474544 23.33760183492007 122.62605393403425 -5.454469540783663 55.705023618928905 -44.0214401718495 80.55094493798164
wavemap_11_348225_1 -116.11915489573731 118.16044278939785 -65.08423079825303 138.48494113326592 -53.80716395503238 132.0987103865986 -44.0214401718495 80.55094493798164 -92.23160269203032 64.27092262684462 -121.41853768388411 95.46103007501819
wavemap_10_214404_1 -121.41853768388411 95.46103007501819 -157.41924435340917 79.81479739462412 -163.50625583102618 31.483742041575056 -110.42505913682412 16.265083605568925 -100.30933434433601 21.927025934318593 -92.23160269203032 64.27092262684462
wavemap_7_581383_1 -179.50148493446636 -29.274245780155475 -172.61136638158436 25.72319016400376 -163.50625583102618 31.483742041575056 -110.42505913682412 16.265083605568925 -120.99675191579612 -34.592681699444505 -162.46222756998193 -44.65264359665702
wavemap_6_14351_1 -128.6005199166902 -112.12409685676013 -166.30163721434778 -84.54657667580352 -162.46222756998193 -44.65264359665702 -120.99675191579612 -34.592681699444505 -89.10112523431755 -62.62569562924206 -89.6335138159446 -76.85223805363218
wavemap_1_1522961_2 -82.80978659280112 -159.0397575654917 -128.03386882293563 -126.4311208306056 -128.6005199166902 -112.12409685676013 -89.6335138159446 -76.85223805363218 -50.197255383114516 -111.72744638753974 -65.73802838768536 -153.6545917878884
wavemap_21_159176_1 -65.73802838768536 -153.6545917878884 -29.360931334291678 -179.10625174521175 8.440912339090534 -162.02380128603187 3.297874966070246 -115.2277849272838 -16.40335593102123 -101.20804982045097 -50.197255383114516 -111.72744638753974
wavemap_14_116564_1 27.60186116955243 -172.66780810994288 8.440912339090534 -162.02380128603187 3.297874966070246 -115.2277849272838 53.40158848195809 -97.5570768232956 80.28876171250727 -140.47962004375128 78.25693484504377 -148.2908902779641
wavemap_13_64784_1 59.68195269464633 -75.67888651088266 53.40158848195809 -97.5570768232956 80.28876171250727 -140.47962004375128 126.71525783245622 -118.1865998809138 130.3239042365528 -85.18800833172085 94.63927643728984 -62.11050561184581
wavemap_12_72659_5 103.62727540085085 -8.743271968780938 160.85327237995315 -17.326401496214046 158.09017832918573 -69.66073047446896 130.3239042365528 -85.18800833172085 94.63927643728984 -62.11050561184581
wavemap_11_677020_11 153.00275640190281 56.60647241577351 111.27729836636404 45.26973530497984 101.92972415191832 -6.54368978278513 103.62727540085085 -8.743271968780938 160.85327237995315 -17.326401496214046 166.39169223013283 -13.071137998420628 169.45102879771264 43.478796399765656
wavemap_10_195248_9 153.00275640190281 56.60647241577351 111.27729836636404 45.26973530497984 81.45456737458733 70.85161290036224 82.78909561891197 92.65599224701408 119.68779236861373 121.84564447161786 154.43378918298762 99.39521780592844
wavemap_9_360031_27 82.78909561891197 92.65599224701408 40.615149484955474 126.9083936193941 66.57043323134604 173.63798618856845 69.65661058045191 174.5607828984835 118.32103895319042 144.83014214952922 119.68779236861373 121.84564447161786
wavemap_8_295493_22 19.515665781765687 202.55450719070592 66.57043323134604 173.63798618856845 40.615149484955474 126.9083936193941 23.33760183492007 122.62605393403425 -10.377398559562135 149.23060874474544 -5.285092130198523 190.99875306676162
wavemap_7_194157_11 -5.285092130198523 190.99875306676162 -10.377398559562135 149.23060874474544 -53.80716395503238 132.0987103865986 -65.08423079825303 138.48494113326592 -77.92799086307285 187.53267319924709 -38.40403061588671 209.7032363596855
wavemap_5_374226_2 -144.15349325917472 166.15913722668742 -94.67838327653405 194.80706644649544 -77.92799086307285 187.53267319924709 -65.08423079825303 138.48494113326592 -116.11915489573731 118.16044278939785 -145.48920272170358 158.79974399466397
wavemap_1_736456_11 -191.1775056027676 132.3539371060723 -192.6325869131578 103.01616682421269 -157.41924435340917 79.81479739462412 -121.41853768388411 95.46103007501819 -116.11915489573731 118.16044278939785 -145.48920272170358 158.79974399466397
wavemap_24_214637_1 -172.61136638158436 25.72319016400376 -222.73451872126697 37.30356379893104 -223.50160775292338 83.39573501378118 -192.6325869131578 103.01616682421269 -157.41924435340917 79.81479739462412 -163.50625583102618 31.483742041575056
wavemap_16_3185_1 -179.50148493446636 -29.274245780155475 -229.4427615715816 -35.39726714651813 -234.8750175393902 -31.018808172737305 -236.52104994131975 26.407896515314963 -222.73451872126697 37.30356379893104 -172.61136638158436 25.72319016400376
wavemap_14_275258_3 -179.50148493446636 -29.274245780155475 -229.4427615715816 -35.39726714651813 -227.92614831227849 -88.74216462027037 -204.0279099247292 -103.46891131384393 -166.30163721434778 -84.54657667580352 -162.46222756998193 -44.65264359665702
wavemap_13_364950_8 -128.03386882293563 -126.4311208306056 -162.4237440676988 -161.9808563371184 -201.58108294389305 -141.41676642493906 -204.0279099247292 -103.46891131384393 -166.30163721434778 -84.54657667580352 -128.6005199166902 -112.12409685676013
wavemap_12_259668_8 -82.80978659280112 -159.0397575654917 -105.4108340882495 -207.38855302184402 -107.5807689276673 -208.22650782160702 -159.2492100637355 -182.20242696403915 -162.4237440676988 -161.9808563371184 -128.03386882293563 -126.4311208306056
wavemap_11_298134_25 -82.80978659280112 -159.0397575654917 -105.4108340882495 -207.38855302184402 -36.40504124631018 -242.2991188176411 -29.360931334291678 -179.10625174521175 -65.73802838768536 -153.6545917878884
wavemap_10_371570_64 99.20298117073939 -508.22806769719296 -36.40504124631018 -242.2991188176411 -29.360931334291678 -179.10625174521175 8.440912339090534 -162.02380128603187 27.60186116955243 -172.66780810994288
wavemap_9_145132_97 99.20298117073939 -508.22806769719296 27.60186116955243 -172.66780810994288 78.25693484504377 -148.2908902779641 153.00275640190281 56.60647241577351
wavemap_8_22889_117 153.00275640190281 56.60647241577351 126.71525783245622 -118.1865998809138 80.28876171250727 -140.47962004375128 78.25693484504377 -148.2908902779641
wavemap_7_260729_142 130.3239042365528 -85.18800833172085 158.09017832918573 -69.66073047446896 153.00275640190281 56.60647241577351 126.71525783245622 -118.1865998809138
wavemap_6_1405661_50 160.85327237995315 -17.326401496214046 158.09017832918573 -69.66073047446896 153.00275640190281 56.60647241577351 166.39169223013283 -13.071137998420628
wavemap_5_430620_220 169.45102879771264 43.478796399765656 166.39169223013283 -13.071137998420628 153.00275640190281 56.60647241577351
wavemap_4_327079_72 153.00275640190281 56.60647241577351 154.43378918298762 99.39521780592844 153.00275640190281 56.60647241577351 169.45102879771264 43.478796399765656
wavemap_3_301454_92 153.00275640190281 56.60647241577351 118.32103895319042 144.83014214952922 119.68779236861373 121.84564447161786 154.43378918298762 99.39521780592844
wavemap_2_1724230_23 153.00275640190281 56.60647241577351 118.32103895319042 144.83014214952922 69.65661058045191 174.5607828984835
wavemap_1_1124071_27 153.00275640190281 56.60647241577351 69.65661058045191 174.5607828984835 66.57043323134604 173.63798618856845 19.515665781765687 202.55450719070592
wavemap_9_321808_1 153.00275640190281 56.60647241577351 -38.40403061588671 209.7032363596855 -5.285092130198523 190.99875306676162 19.515665781765687 202.55450719070592
wavemap_8_92400_5 153.00275640190281 56.60647241577351 -94.67838327653405 194.80706644649544 -77.92799086307285 187.53267319924709 -38.40403061588671 209.7032363596855
wavemap_7_208944_16 153.00275640190281 56.60647241577351 -94.67838327653405 194.80706644649544 -144.15349325917472 166.15913722668742
wavemap_6_57702_11 153.00275640190281 56.60647241577351 -144.15349325917472 166.15913722668742 -145.48920272170358 158.79974399466397 -191.1775056027676 132.3539371060723
wavemap_5_143171_75 153.00275640190281 56.60647241577351 -223.50160775292338 83.39573501378118 -192.6325869131578 103.01616682421269 -191.1775056027676 132.3539371060723
wavemap_4_799380_41 -222.73451872126697 37.30356379893104 -223.50160775292338 83.39573501378118 153.00275640190281 56.60647241577351 -236.52104994131975 26.407896515314963
wavemap_3_1341272_115 -236.52104994131975 26.407896515314963 153.00275640190281 56.60647241577351 -234.8750175393902 -31.018808172737305
wavemap_2_153564_49 -229.4427615715816 -35.39726714651813 -227.92614831227849 -88.74216462027037 153.00275640190281 56.60647241577351 -234.8750175393902 -31.018808172737305
wavemap_1_1376472_44 153.00275640190281 56.60647241577351 -227.92614831227849 -88.74216462027037 -204.0279099247292 -103.46891131384393 -201.58108294389305 -141.41676642493906
wavemap_3_259332_1 153.00275640190281 56.60647241577351 -201.58108294389305 -141.41676642493906 -162.4237440676988 -161.9808563371184 -159.2492100637355 -182.20242696403915
wavemap_2_716628_6 153.00275640190281 56.60647241577351 -159.2492100637355 -182.20242696403915 -107.5807689276673 -208.22650782160702
wavemap_1_1097867_6 99.20298117073939 -508.22806769719296 -36.40504124631018 -242.2991188176411 -105.4108340882495 -207.38855302184402 -107.5807689276673 -208.22650782160702 153.00275640190281 56.60647241577351
