1,3562069,2,13,0.03419821868970188
1,3562069,3,42,0.11987922849918652
1,4136,3,42,0.20125837117975356
1,3562069,4,1243,0.03314182411088904
1,3562069,5,2061,0.09028941724276712
1,3562069,6,2182,0.06793769704589124
1,3562069,7,30601,0.04478399633447201
1,4136,2,13,0.13053216091390404
1,3562069,4,2705331,0.00018942487432170016
1,3562069,10,196384,0.010084175120520034
1,4136,5,2061,0.13038395745327588
1,4136,6,2182,0.09118806867001633
1,4136,8,27645,0.03761309761148748
1,4136,7,30601,0.055450462765043305
1,3562069,9,28722,0.015202422234983444
1,4136,4,1243,0.0478942804854882
1,3562069,13,30471,0.0025991493081824447
1,4136,6,2854843,0.00021948677912944116
1,4136,9,28722,0.018915331900492258
1,3562069,8,27645,0.02830952567371894
1,3562069,17,389660,0.0006239235620033947
1,4136,10,196384,0.014138150875211
1,4136,9,2271155,0.00029912463841705675
1,3562069,11,2985218,0.0003874664790513189
1,3562069,4,1637749,0.001262075149300445
1,531576,2,13,0.00016340131899687663
1,531576,3,42,0.0016599026581804567
1,531576,4,1243,0.00163604707012488
1,531576,6,2182,0.0020875092871716944
1,4136,2,3206938,0.0010554270515829055
1,4136,4,1637749,0.0015632535070491216
1,3562069,11,164183,0.003744377572584994
1,4136,2,1898436,0.003648686646046745
1,4136,17,389660,0.0005782312466179882
1,4136,10,350507,0.00044015421599555526
1,3562069,14,1037462,0.0007173560563973111
1,3562069,25,4089775,4.31275167175874e-05
1,3562069,2,3206938,0.00032229446709115204
1,3562069,10,2321769,9.079106252780476e-05
1,3562069,16,3246486,0.0001259350107271669
1,3562069,2,1898436,0.0010915994304698624
1,3562069,12,508033,0.0017777438161035272
1,3562069,8,3811762,0.00035024800732687093
1,3562069,10,350507,0.00034113099090052915
1,4136,11,2985218,0.0005237885028423627
1,4136,16,3316405,0.00028901538939421565
1,4136,13,30471,0.0033522877634444134
1,4136,28,109669,0.00011955145913569024
1,3562069,19,3845159,0.00019961755091948836
1,531576,5,2061,0.0016604147837701653
1,531576,8,27645,0.001408663583325776
1,4136,11,164183,0.00435218296193767
1,4136,14,1037462,0.0007932278843883849
1,4136,12,508033,0.0028482419808265012
1,3562069,16,1362234,0.0002506191767897158
1,3562069,7,1980308,6.242168915360729e-05
1,4136,14,3893615,0.0002775253115238503
1,3562069,12,4447068,0.0003173286368695077
1,531576,4,1637749,0.0008846761453396525
1,531576,7,30601,0.002090625258375297
1,531576,9,28722,0.0017524095631493302
1,3562069,14,3893615,0.0002517452066351872
1,4136,8,4342010,2.769862277042976e-05
1,4136,4,2705331,0.00020935138887763345
1,4136,6,48677,0.0001154976971380211
1,3562069,7,4562409,0.0001554151399303468
1,4136,12,4447068,0.000395584841134883
1,4136,22,919138,0.00029439289567823127
1,4136,7,4562409,0.0001978867317959403
1,531576,13,30471,0.0014610820862481183
1,531576,15,275340,0.000380517503805175
1,3562069,9,2271155,0.00025966339006997305
1,3562069,12,3156442,0.00023360034835935445
1,3562069,15,275340,0.0007802164252518742
1,4136,26,2645934,5.5393016832046346e-05
1,3562069,8,2266567,4.9939278377427444e-05
1,4136,16,1362234,0.0002923907501882308
1,3562069,22,919138,0.00027553644564788486
1,4136,9,2961765,6.349935487357548e-05
1,4136,20,2954021,0.00027413539317497403
1,3562069,13,3946236,9.078570488290914e-05
1,4136,19,239987,0.00015533057385192135
1,531576,10,196384,0.001396297458424851
1,531576,11,164183,0.0015106296746619505
1,531576,14,1037462,0.0006393861892583121
1,3562069,28,109669,9.871410692666677e-05
1,4136,17,1851996,0.0002107040351173392
1,4136,36,4100479,4.9313895101914254e-05
1,4136,17,1677227,0.00017357241751933273
1,4136,8,3811762,0.0004010159069643096
1,3562069,17,1851996,0.00017921695800765189
1,3562069,23,3655077,0.00011458743418313341
1,4136,15,275340,0.0010176404498928409
1,3562069,14,519977,0.00018830426339002122
1,3562069,20,2954021,0.00021770114395147985
1,3562069,18,3472857,0.000213221067148758
1,3562069,21,2779235,0.00015767807129090698
1,3562069,28,3991666,4.8801303789251e-05
1,3562069,13,2379714,0.00020754958790632368
1,4136,19,3845159,0.00022082270300494454
1,3562069,19,239987,0.00017243335224049916
1,3562069,33,3657741,4.7671313106319516e-05
1,4136,18,2481954,0.00017761641472825027
1,4136,16,3246486,0.00015939774668320982
1,4136,23,3655077,0.00014926441684891335
1,4136,10,2321769,8.443720911381461e-05
1,4136,12,3156442,0.0002917119371630879
1,4136,31,732889,3.985683963634349e-05
1,4136,39,557526,1.9591205845475376e-05
1,3562069,16,3316405,0.00020298282697244876
1,4136,15,3369533,0.00014723770582041458
1,3562069,15,3718944,0.00017130280891228388
1,3562069,15,3369533,0.00012026048875677883
1,3562069,6,2854843,0.000162201769927565
1,531576,9,2271155,0.00019563728846718183
1,3562069,31,732889,2.2700290336713407e-05
1,3562069,38,882538,3.291654181081842e-05
1,531576,12,508033,0.00046035805626598467
1,531576,18,3472857,0.0001001401962747847
1,531576,2,1898436,0.00011402508551881414
1,4136,5,244947,3.377937877020091e-06
1,4136,18,3472857,0.00024648372397064345
1,4136,38,882538,4.391087848103489e-05
1,3562069,26,2645934,4.880379625436539e-05
1,3562069,11,2479897,6.582568677187427e-05
1,531576,16,3246486,0.00020831163420477033
1,4136,43,1965538,4.931412829509574e-05
1,3562069,18,2481954,0.00015767646151333104
1,4136,13,2379714,0.00023432583040482318
1,4136,19,3570712,2.3644654619152172e-05
1,531576,12,3156442,9.863878477017163e-05
1,531576,17,389660,0.0006809090135330666
1,3562069,26,575228,3.405070604138977e-05
1,3562069,22,4163813,7.375493165187218e-05
1,3562069,43,1965538,4.199529879655094e-05
1,3562069,3,2155674,2.269995539458765e-05
1,3562069,17,1677227,0.00014634362163026794
1,3562069,18,3070080,6.241708457741931e-05
1,3562069,24,1095205,6.241552625934672e-05
1,3562069,30,3537058,5.674035725998545e-05
1,531576,14,519977,0.00020406081012141618
1,531576,15,3369533,0.0002081382037673015
1,3562069,9,2961765,4.766817502391921e-05
1,3562069,6,48677,0.00010779114387961886
1,4136,14,519977,0.00019314888740162744
1,3562069,31,2951740,2.610613391992681e-05
1,3562069,27,3053081,3.6316878382718614e-05
1,4136,11,2479897,7.971109456843198e-05
1,3562069,39,557526,2.724269838927546e-05
1,4136,53,524219,2.1617867708107443e-05
1,3562069,53,524219,1.702643524335884e-05
1,4136,3,2155674,3.58031421648201e-05
1,4136,21,2779235,0.00020125956067334154
1,4136,25,4089775,7.4307906293677e-05
1,4136,24,1095205,8.91647893650724e-05
1,3562069,8,4342010,1.021613945711435e-05
1,3562069,5,244947,1.0216846899414008e-05
1,4136,22,4163813,0.00011820506620159165
1,4136,33,3657741,4.120772408388812e-05
1,4136,7,1980308,5.471608767813971e-05
1,4136,27,4107720,5.4043939073565285e-05
1,3562069,46,2826169,1.9296955167497572e-05
1,531576,6,2854843,0.00010157440325038091
1,531576,43,1965538,0.00010902747492368077
1,531576,8,3811762,0.0002824060999717594
1,4136,29,3893042,2.161823281755833e-05
1,4136,13,3946236,9.051405906244997e-05
1,531576,22,919138,0.000390625
1,531576,7,4562409,0.0001027643613194944
1,3562069,5,3340591,7.602931781276135e-05
1,4136,31,2951740,4.458655093979667e-05
1,531576,11,2985218,0.00018047283883775492
1,531576,19,3845159,0.00020110608345902463
1,531576,13,2379714,0.00010016025641025641
1,531576,12,4447068,0.0002796420581655481
1,531576,21,2779235,0.00010239606799098914
1,4136,25,3804978,4.9989090218823865e-05
1,4136,5,3340591,9.118775085074794e-05
1,3562069,19,3570712,1.5891393675225317e-05
1,4136,34,4011872,1.3511441150580282e-05
1,531576,14,3893615,9.852216748768474e-05
1,531576,30,3537058,0.00021413276231263382
1,3562069,34,4011872,1.3621751212335857e-05
1,4136,27,3053081,6.552464638645085e-05
1,4136,15,3718944,0.0001654648515510135
1,531576,17,1851996,0.00010147133434804668
1,531576,26,575228,0.00010925379656943078
1,531576,28,109669,0.0002104598547827002
1,531576,19,239987,0.00010271158586688578
1,4136,30,3537058,8.105764008786648e-05
1,4136,18,3070080,8.173499757496991e-05
1,3562069,20,3758587,1.8162334949781144e-05
1,3562069,25,3804978,3.291426288508269e-05
1,3562069,29,3893042,1.0216081474384878e-05
1,4136,2,2387,6.755633860858262e-07
1,3562069,36,4100479,3.0644626748446206e-05
1,3562069,32,3491091,3.405190418248189e-05
1,4136,26,575228,3.647894421829e-05
1,4136,28,3991666,6.755122747335442e-05
1,531576,16,1362234,9.880446596186147e-05
1,531576,25,3804978,0.0001088139281828074
1,4136,32,3491091,2.904844063917378e-05
1,3562069,27,4107720,3.0645635437250794e-05
1,531576,16,3316405,0.0009899029895070284
1,531576,17,1677227,0.00020620682544592226
1,4136,64,4096341,2.1617911520590385e-05
1,4136,8,2266567,5.2015499267729856e-05
1,531576,7,1980308,0.00010818998160770312
1,4136,46,2826169,2.0266901582574787e-05
1,531576,20,2954021,9.785693316371466e-05
1,3562069,64,4096341,1.589137563693201e-05
1,4136,3,3191982,4.053511759913201e-06
1,4136,20,3758587,1.3511404638870555e-05
1,3562069,3,3191982,1.1351871696605335e-06
2,13,3,42,0.0863973857120039
2,13,3,2155674,3.1167718915959636e-05
2,13,4,1243,0.05325687308891905
2,13,4,1637749,0.0015332864380814553
2,13,4,2705331,0.00023832285705774185
2,13,5,2061,0.11017935125480333
2,13,5,244947,2.710791117279667e-06
2,13,5,3340591,0.00013277423637878593
2,13,6,2182,0.06567097321765372
2,13,6,48677,0.00013681651009529743
2,13,6,2854843,0.0002464568443232322
2,13,7,30601,0.04219664635600433
2,13,7,4562409,0.00020856469568514857
2,13,7,1980308,6.233062330623306e-05
2,13,8,27645,0.03500148115233652
2,13,8,3811762,0.000473563006881547
2,13,8,2266567,7.859685639676777e-05
2,13,8,4342010,1.8974277656026163e-05
2,13,9,28722,0.01801261743159742
2,13,9,2271155,0.00029506949698771944
2,13,9,2961765,7.181892957273157e-05
2,13,10,196384,0.015368277579505889
2,13,10,350507,0.000507324411638969
2,13,10,2321769,7.316508074579606e-05
2,13,11,2985218,0.0004895040593679178
2,13,11,164183,0.003644261648693177
2,13,11,2479897,7.859057292527663e-05
2,13,12,3156442,0.0002246962877736794
2,13,12,4447068,0.0004748492252246402
2,13,12,508033,0.0037367132749891022
2,13,13,30471,0.0034788252387769492
2,13,13,2379714,0.00019495209458425788
2,13,13,3946236,9.077409984609048e-05
2,13,14,3893615,0.00030728578661100325
2,13,14,519977,0.00018822802945565536
2,13,14,1037462,0.000646560742289527
2,13,15,275340,0.00090114518285288
2,13,15,3369533,0.00011106129906505348
2,13,15,3718944,0.00015032360202435783
2,13,16,3246486,0.00013544537826508016
2,13,16,1362234,0.0002693830586483468
2,13,16,3316405,0.0003601174036889019
2,13,17,389660,0.0003755330746027522
2,13,17,1677227,0.00018554483819677503
2,13,17,1851996,0.0002830256388728267
2,13,18,3472857,0.000272140895871582
2,13,18,3070080,9.07804954718147e-05
2,13,18,2481954,0.0002044887307750123
2,13,19,3845159,0.0002003788242907876
2,13,19,239987,0.00010833370573044679
2,13,19,3570712,2.5750072506783112e-05
2,13,20,2954021,0.00029371755740689357
2,13,20,3758587,1.3553128943113452e-05
2,13,21,2779235,0.00019230066072881952
2,13,22,919138,0.00027746159187159346
2,13,22,4163813,0.00015037838452972209
2,13,23,3655077,0.00012325279011810597
2,13,24,1095205,0.00012871965942133062
2,13,25,4089775,6.775223819518878e-05
2,13,25,3804978,0.00011790119608730652
2,13,26,575228,5.556195496771308e-05
2,13,26,2645934,2.439054134806522e-05
2,13,27,3053081,6.097503140214117e-05
2,13,27,4107720,7.724665806563527e-05
2,13,28,109669,0.00015172142861980914
2,13,28,3991666,5.961978834975136e-05
2,13,29,3893042,5.150293702275074e-05
2,13,30,3537058,0.0001097467289377736
2,13,31,732889,5.014120848443454e-05
2,13,31,2951740,2.8458832266352987e-05
2,13,32,3491091,4.7432544146146445e-05
2,13,33,3657741,2.5747246061010132e-05
2,13,34,4011872,2.7106110937180233e-06
2,13,36,4100479,8.266467548694238e-05
2,13,38,882538,2.7103502856709202e-05
2,13,39,557526,2.8460683598514623e-05
2,13,43,1965538,2.9812196711714702e-05
2,13,46,2826169,1.3552669740412163e-05
2,13,53,524219,3.117114040294798e-05
2,13,64,4096341,2.981595424606294e-05
2,3206938,3,42,0.0015198851136860895
2,3206938,5,2061,0.0022727454349302754
2,1898436,3,42,0.005883046465348976
2,3206938,8,3811762,0.0008673026886383347
2,2387,3,42,1.2024744519271757e-06
2,2387,4,1243,1.0455329604265775e-05
2,2387,5,2061,3.2400522296419416e-06
2,3206938,7,30601,0.0021185110790283095
2,1898436,5,2061,0.007323351736966877
2,1898436,7,30601,0.008366616679782037
2,1898436,10,196384,0.003893318123767839
2,1898436,15,275340,0.0011571778086358526
2,3206938,4,1243,0.0015687407245092082
2,3206938,6,2182,0.001177194651149779
2,1898436,6,2182,0.00485767299905491
2,3206938,8,27645,0.0009254918929314054
2,3206938,13,30471,0.0010634677556576484
2,1898436,4,1243,0.004915106902419176
2,3206938,9,28722,0.0018359163813299693
2,1898436,4,1637749,0.002340567815672685
2,1898436,9,28722,0.0060842030746271515
2,1898436,13,30471,0.002648171500630517
2,3206938,10,196384,0.0011597699016515123
2,3206938,11,164183,0.0012472827055343715
2,3206938,14,519977,0.0003733781387099785
2,3206938,18,3472857,0.0002752798678656634
2,3206938,23,3655077,0.000190095998479232
2,3206938,4,1637749,0.0020336144506250373
2,3206938,15,3369533,0.0005703964255157335
2,3206938,12,508033,0.000635386119257087
2,3206938,19,239987,0.0005636449037106623
2,3206938,22,919138,0.00017927572606669058
2,1898436,5,3340591,0.0002639517345399698
2,1898436,8,27645,0.004445909927733355
2,3206938,9,2271155,0.0005389382915656157
2,1898436,7,4562409,0.0005585968048262764
2,1898436,4,2705331,0.0006299329306703227
2,3206938,12,3156442,9.048136083966703e-05
2,1898436,11,164183,0.003509725335688246
2,1898436,9,2271155,0.0006217086015213575
2,1898436,12,4447068,0.00028716034315661007
2,1898436,10,350507,0.0006819323810207451
2,1898436,6,2854843,0.0008160237388724036
2,3206938,43,1965538,0.00019831432821021318
2,1898436,28,3991666,0.00011370096645821489
2,1898436,32,3491091,0.0001523519329651495
2,1898436,12,508033,0.0014737589039600448
2,3206938,6,48677,0.001152073732718894
2,1898436,14,3893615,0.0005133282000513328
2,1898436,17,389660,0.0010393929944912171
2,1898436,20,2954021,0.0005486266047328188
2,1898436,11,2985218,0.0006027727546714888
2,3206938,15,275340,0.0004981497295758611
2,3206938,11,2985218,0.00025010421008753647
2,1898436,22,919138,0.0005481454412570802
2,3206938,46,2826169,0.00010017028949213663
2,3206938,12,4447068,0.0003436130916587922
2,1898436,8,3811762,0.0006487889273356401
2,1898436,15,3718944,0.00040982079654260274
2,3206938,13,2379714,0.00027533039647577095
2,1898436,28,109669,0.00037550223423829374
2,1898436,14,519977,0.0002599138571216397
2,3206938,30,3537058,0.000292597288598459
2,1898436,14,1037462,0.0011139992573338284
2,1898436,18,2481954,0.0002973535533749628
2,3206938,10,350507,0.0003432003432003432
2,1898436,13,2379714,0.0005902969931746911
2,1898436,27,3053081,0.00011370958571807603
2,1898436,17,1677227,0.0004100499515395512
2,1898436,22,4163813,0.0002257591150242691
2,1898436,6,48677,0.00037537537537537537
2,1898436,16,3246486,0.00018702775491882996
2,1898436,18,3472857,0.0003688267620698558
2,3206938,17,1677227,0.000942951438000943
2,3206938,27,3053081,0.001182033096926714
2,1898436,16,1362234,0.00025687130747495504
2,1898436,13,3946236,3.7741545893719805e-05
2,1898436,15,3369533,3.738876841396844e-05
2,3206938,16,3316405,9.070294784580499e-05
2,3206938,21,2779235,0.00018728345350688266
2,3206938,11,2479897,0.0003933910306845004
2,1898436,16,3316405,0.0002569656033185272
2,1898436,12,3156442,0.00036677058499908307
2,3206938,20,2954021,8.982304859426928e-05
2,1898436,43,1965538,3.80112513303938e-05
2,3206938,10,2321769,0.0005872565332289321
2,3206938,16,1362234,9.062075215224287e-05
2,1898436,19,3845159,0.00011078286558345643
2,1898436,31,2951740,7.615856212634706e-05
2,3206938,26,575228,0.00029806259314456036
2,1898436,17,1851996,0.00025940337224383917
2,1898436,7,1980308,0.00015165301789505612
2,1898436,11,2479897,0.00011367511651699443
2,3206938,4,2705331,0.0005567928730512249
2,1898436,19,3570712,7.629802006637928e-05
2,3206938,7,1980308,0.00019692792437967703
2,1898436,38,882538,3.807348181991243e-05
2,3206938,6,2854843,0.00018590816136828406
2,1898436,21,2779235,0.0002230732051901699
2,1898436,25,4089775,7.585814526834819e-05
2,1898436,30,3537058,0.00022665457842248413
2,1898436,10,2321769,0.00022693747872461136
2,3206938,24,1095205,9.761811792268645e-05
2,3206938,14,3893615,0.0004520795660036166
2,1898436,8,2266567,7.59503284851707e-05
2,1898436,26,575228,3.803872342044201e-05
2,3206938,14,1037462,7.444353457902182e-05
2,1898436,23,3655077,7.478592528886064e-05
2,1898436,19,239987,0.00037225924133566613
2,3206938,16,3246486,0.0001902044698050404
2,3206938,7,4562409,0.0003758691975192633
2,1898436,18,3070080,7.563438339068941e-05
3,42,4,1243,0.036117792658771734
3,42,4,1637749,0.001413941172132047
3,42,4,2705331,0.00019173588291969873
3,42,5,2061,0.12523611207058197
3,42,5,244947,4.208797227965894e-06
3,42,5,3340591,7.213840474334057e-05
3,42,6,2182,0.10573296620059197
3,42,6,48677,0.00015570022116645314
3,42,6,2854843,0.00022961394802550037
3,42,7,30601,0.07852094948628541
3,42,7,4562409,0.00018513821048291018
3,42,7,1980308,8.296739501618466e-05
3,42,8,27645,0.04404847345783873
3,42,8,4342010,2.5853651497587793e-05
3,42,8,3811762,0.0004200405618568317
3,42,8,2266567,6.312782121239085e-05
3,42,9,28722,0.023667557801345517
3,42,9,2271155,0.00035580536725184227
3,42,9,2961765,7.214590788410482e-05
3,42,10,196384,0.015406392586113147
3,42,10,350507,0.00046810290331962475
3,42,10,2321769,9.799536355678681e-05
3,42,11,2985218,0.0006375355196214926
3,42,11,164183,0.006108890113579042
3,42,11,2479897,7.81566572036991e-05
3,42,12,3156442,0.0004039274733795566
3,42,12,4447068,0.0005168054930414544
3,42,12,508033,0.002841797612242917
3,42,13,30471,0.0041271314579996105
3,42,13,2379714,0.00028550683172768297
3,42,13,3946236,0.00010520721613289535
3,42,14,3893615,0.0003492073414081771
3,42,14,519977,0.0002398410196669636
3,42,14,1037462,0.0012308753271671425
3,42,15,275340,0.0014330700432503662
3,42,15,3369533,0.00024768591021866697
3,42,15,3718944,0.00022001168586659357
3,42,16,3246486,0.00017132387064506743
3,42,16,1362234,0.0003257646152311186
3,42,16,3316405,0.00036545006257130184
3,42,17,389660,0.001005839759031077
3,42,17,1677227,0.0002025773611082725
3,42,17,1851996,0.00021217754873021055
3,42,18,3472857,0.00027949414564950833
3,42,18,3070080,9.498908527314473e-05
3,42,18,2481954,0.00027952959677404813
3,42,19,3845159,0.00028310834935209664
3,42,19,239987,0.0002470658673995686
3,42,19,3570712,3.366960854871361e-05
3,42,20,2954021,0.00032995386055031977
3,42,20,3758587,2.3448717054552538e-05
3,42,21,2779235,0.00025547927912764344
3,42,22,919138,0.00039127510606800975
3,42,22,4163813,0.00012864976064531683
3,42,23,3655077,0.00020800006732950155
3,42,24,1095205,8.657045723028644e-05
3,42,25,4089775,7.936045095975042e-05
3,42,25,3804978,3.7875918491023404e-05
3,42,26,575228,3.607304069279477e-05
3,42,26,2645934,9.138717922047938e-05
3,42,27,3053081,8.65746730603666e-05
3,42,27,4107720,3.366815107139873e-05
3,42,28,109669,0.00013766370860019453
3,42,28,3991666,8.056196176793827e-05
3,42,29,3893042,1.5632233665818918e-05
3,42,30,3537058,9.137976226833426e-05
3,42,31,732889,3.2465678066728994e-05
3,42,31,2951740,5.892160240303939e-05
3,42,32,3491091,2.7656280530880343e-05
3,42,33,3657741,5.110405808306875e-05
3,42,34,4011872,2.465130429449771e-05
3,42,36,4100479,3.847740114013349e-05
3,42,38,882538,6.252916023337806e-05
3,42,39,557526,1.7435764239608285e-05
3,42,43,1965538,8.477480564924876e-05
3,42,46,2826169,3.787867400591027e-05
3,42,53,524219,2.1644436027163768e-05
3,42,64,4096341,2.4650726264507104e-05
3,2155674,5,2061,4.8593304814462666e-05
3,2155674,8,27645,3.8253595838008776e-05
3,2155674,7,30601,2.0347287503102963e-05
3,2155674,13,30471,0.0001445817971517386
3,2155674,39,557526,0.010273972602739725
3,2155674,9,28722,5.047637074894315e-05
3,2155674,4,1243,6.269494208554725e-05
3,2155674,6,2182,1.3709679262053664e-05
3,3191982,5,2061,3.2402779510426404e-06
4,1243,5,2061,0.008676448570145231
4,1243,5,244947,4.183334640625409e-05
4,1243,5,3340591,0.0003549542213452765
4,1243,6,2182,0.035869755057520124
4,1243,6,48677,0.00033907146583202923
4,1243,6,2854843,0.0002186873551847127
4,1243,7,30601,0.015874012671299786
4,1243,7,4562409,0.00038559942472734474
4,1243,7,1980308,0.00016713411990828514
4,1243,8,27645,0.0655491166597241
4,1243,8,3811762,0.0004979743854425488
4,1243,8,2266567,0.00010970124693750686
4,1243,9,28722,0.010241306102921389
4,1243,9,2271155,0.0006706629164998675
4,1243,9,2961765,2.6114569840805582e-05
4,1243,10,196384,0.026094353312039763
4,1243,10,350507,0.000679231586861276
4,1243,10,2321769,4.17641162712997e-05
4,1243,11,2985218,0.0007919992545889369
4,1243,11,164183,0.004132885204558639
4,1243,11,2479897,8.355396803016298e-05
4,1243,12,508033,0.010312891113892365
4,1243,12,4447068,0.0007052259315723427
4,1243,12,3156442,0.0004159950080599033
4,1243,13,30471,0.003035495716034272
4,1243,13,2379714,0.00022893772893772894
4,1243,13,3946236,1.5656884593103663e-05
4,1243,14,3893615,0.00038996084793086773
4,1243,14,1037462,0.0013006508395109965
4,1243,14,519977,0.00022394550312221695
4,1243,15,275340,0.0012810921053980097
4,1243,15,3369533,0.0002606719079098284
4,1243,15,3718944,5.7304799016441266e-05
4,1243,16,3246486,0.0002502528596602817
4,1243,16,1362234,0.00021837353312778492
4,1243,16,3316405,0.0012856815673863706
4,1243,17,389660,0.00031451891496130384
4,1243,17,1677227,0.00030746301324175454
4,1243,17,1851996,0.0003697223437272178
4,1243,18,3472857,0.0005881587508132726
4,1243,18,2481954,0.00032297554241658634
4,1243,18,3070080,9.919547250980208e-05
4,1243,19,3845159,0.000718525460793502
4,1243,19,239987,6.250781347668459e-05
4,1243,19,3570712,5.2265992086928795e-06
4,1243,20,2954021,0.0004782226750320981
4,1243,21,2779235,0.00026046007667944655
4,1243,22,919138,0.0005977752365110718
4,1243,22,4163813,6.78195998643608e-05
4,1243,23,3655077,0.00018767203269663858
4,1243,24,1095205,9.39633751644359e-05
4,1243,25,4089775,1.0444955086693127e-05
4,1243,25,3804978,0.0004912515416936681
4,1243,26,575228,1.0449157014257874e-05
4,1243,26,2645934,2.6116070262675434e-05
4,1243,27,3053081,0.00018280007938746305
4,1243,27,4107720,0.0003815417422345802
4,1243,28,109669,4.172142603834199e-05
4,1243,28,3991666,0.0002925091539695059
4,1243,29,3893042,1.568168274910353e-05
4,1243,30,3537058,0.00010439884534877045
4,1243,31,2951740,4.702956069164807e-05
4,1243,33,3657741,4.702145223142914e-05
4,1243,34,4011872,3.659461013670701e-05
4,1243,36,4100479,5.22384161312229e-06
4,1243,38,882538,2.6126578045313936e-05
4,1243,43,1965538,2.6120709020525655e-05
4,1243,64,4096341,5.226571891496368e-06
4,1637749,7,30601,0.0034586531924959154
4,1637749,5,2061,0.0016113759288683455
4,1637749,9,28722,0.0034333761532173305
4,1637749,18,3472857,0.001143728555089592
4,1637749,21,2779235,0.0006533385600418136
4,2705331,5,2061,9.546245898350279e-05
4,2705331,12,3156442,0.004390243902439025
4,2705331,31,732889,0.013245033112582781
4,2705331,39,557526,0.014213197969543147
4,1637749,6,2182,0.0012483831860361355
4,1637749,8,27645,0.0018256336112625665
4,2705331,6,2182,0.00015971269966939472
4,2705331,9,28722,0.0004504673598858816
4,2705331,11,164183,0.000261821228465204
4,2705331,14,3893615,0.0019351717464925011
4,2705331,15,275340,0.0007903576368306659
4,1637749,11,164183,0.004205382890099327
4,1637749,10,196384,0.002631664446538224
4,2705331,8,27645,0.00015234806454479668
4,2705331,10,196384,0.0002691355366562601
4,1637749,18,2481954,0.00013044612575006522
4,1637749,12,508033,0.0029888492930221864
4,1637749,6,48677,0.0012168739859383451
4,1637749,12,3156442,0.0006230529595015577
4,1637749,15,3369533,0.0005334755934915977
4,1637749,12,4447068,0.0008125362739408009
4,2705331,7,30601,0.00031660469873845203
4,1637749,19,239987,0.003948407475651487
4,1637749,22,919138,0.0007380981670562184
4,1637749,13,30471,0.00293398533007335
4,1637749,14,1037462,0.0020211742059672764
4,1637749,8,3811762,0.002943947244465379
4,1637749,15,275340,0.002452538831864838
4,1637749,14,519977,0.0005201560468140442
4,1637749,17,1677227,0.0007909306617453203
4,1637749,16,3246486,0.0008012820512820513
4,1637749,17,1851996,0.001421923474663909
4,1637749,19,3845159,0.0005105948429920858
4,1637749,16,1362234,0.0003745318352059925
4,1637749,23,3655077,0.00066711140760507
4,1637749,19,3570712,0.0005742176284811944
4,1637749,11,2985218,0.002121482804823582
4,1637749,17,389660,0.0012453300124533001
4,1637749,18,3070080,0.00013890818169190166
4,1637749,9,2271155,0.0007398273736128237
4,1637749,14,3893615,0.0008711885500933416
4,1637749,13,2379714,0.00038104915534103897
4,2705331,11,2985218,0.000333000333000333
4,1637749,28,3991666,0.00014001680201624196
4,2705331,7,4562409,0.004866180048661801
4,1637749,6,2854843,0.0020722704312912837
4,2705331,20,2954021,0.004694835680751174
4,2705331,13,30471,0.00041285350581435354
4,1637749,10,350507,0.0005793071486502144
4,1637749,20,2954021,0.0009872886585215353
4,1637749,15,3718944,0.0009210526315789473
4,1637749,16,3316405,0.00012496875781054737
4,1637749,10,2321769,0.00041684035014589413
4,1637749,32,3491091,0.00014259232853272493
4,1637749,36,4100479,0.00014144271570014144
4,1637749,46,2826169,0.00014367816091954023
4,1637749,30,3537058,0.000691754288876591
4,1637749,7,4562409,0.000525003281270508
4,1637749,22,4163813,0.000545404963185165
4,1637749,31,732889,0.00042619690296917176
4,1637749,53,524219,0.0005738880918220947
4,1637749,13,3946236,0.00013791201213625708
5,2061,6,2182,0.02576192588097072
5,2061,6,48677,9.713626112817292e-05
5,2061,6,2854843,0.00030102201830408076
5,2061,7,30601,0.07727874915560262
5,2061,7,4562409,0.00020879259611742885
5,2061,7,1980308,6.964284557427814e-05
5,2061,8,27645,0.03459372163257339
5,2061,8,3811762,0.0008441971151746857
5,2061,8,2266567,0.00014254567130912
5,2061,8,4342010,5.670284308055206e-05
5,2061,9,28722,0.0367085855863636
5,2061,9,2271155,0.0005581485645874959
5,2061,9,2961765,9.394309963637542e-05
5,2061,10,196384,0.010233654412737353
5,2061,10,350507,0.0009621837528400592
5,2061,10,2321769,0.00022999601556198394
5,2061,11,2985218,0.0007562401935199265
5,2061,11,164183,0.007907276280391859
5,2061,11,2479897,0.00011499428267862175
5,2061,12,3156442,0.0003947389707666672
5,2061,12,4447068,0.0007760887069392031
5,2061,12,508033,0.002374234999768484
5,2061,13,30471,0.005947787040521492
5,2061,13,2379714,0.0005000720168438497
5,2061,13,3946236,0.00010039933023930666
5,2061,14,3893615,0.00048536934989629275
5,2061,14,519977,0.00044029616391967185
5,2061,14,1037462,0.0011773718801661223
5,2061,15,275340,0.0013052516235074205
5,2061,15,3369533,0.0002671281778134668
5,2061,15,3718944,0.0002703210183494555
5,2061,16,3246486,0.0003092381246893452
5,2061,16,1362234,0.0006602486612972916
5,2061,16,3316405,0.00016336539176961922
5,2061,17,389660,0.0010058624180415874
5,2061,17,1677227,0.00030271194287647573
5,2061,17,1851996,0.0003673947664858286
5,2061,18,3472857,0.0005146430513477822
5,2061,18,3070080,0.00014252027674846468
5,2061,18,2481954,0.0001666914815797821
5,2061,19,3845159,0.0002669829470710353
5,2061,19,239987,0.0002784072515377145
5,2061,19,3570712,4.6979920134135774e-05
5,2061,20,2954021,0.0005257793667998641
5,2061,20,3758587,4.050189953908838e-05
5,2061,21,2779235,0.0002897269930060875
5,2061,22,919138,0.000614788245895884
5,2061,22,4163813,0.00014896614258650561
5,2061,23,3655077,0.0002266457720850116
5,2061,24,1095205,0.00012793791610187744
5,2061,25,4089775,0.0001538783000821224
5,2061,26,575228,9.719290686165723e-05
5,2061,26,2645934,6.154803013909855e-05
5,2061,27,3053081,3.562966525929489e-05
5,2061,28,109669,0.00019429422622324407
5,2061,28,3991666,7.93601948697683e-05
5,2061,30,3537058,0.00013927328495476048
5,2061,31,732889,0.00016361972184647286
5,2061,31,2951740,7.451613112247212e-05
5,2061,32,3491091,9.881791098936169e-05
5,2061,33,3657741,0.00015713642357499942
5,2061,34,4011872,1.2960334895053688e-05
5,2061,36,4100479,6.479044340959708e-05
5,2061,38,882538,6.317569647155636e-05
5,2061,39,557526,8.586319239349319e-05
5,2061,43,1965538,5.831168242161938e-05
5,2061,46,2826169,4.698060511019382e-05
5,2061,53,524219,0.00010854579417449304
5,2061,64,4096341,5.994057782717025e-05
5,3340591,6,2182,8.907343076596299e-05
5,3340591,8,27645,0.0002228646383862053
5,3340591,9,28722,0.00015101177891875566
5,3340591,7,30601,4.065635621473061e-06
5,3340591,10,196384,0.0003257682701704854
5,3340591,12,508033,0.0012741172187841281
5,3340591,13,30471,0.0008540925266903915
5,3340591,16,3316405,0.004521963824289405
5,3340591,20,2954021,0.004227053140096618
5,3340591,6,48677,0.005252100840336135
5,3340591,10,350507,0.0004572473708276177
5,3340591,9,2271155,0.003006614552014432
5,3340591,11,164183,5.3694158075601374e-05
5,3340591,15,275340,0.0004361098996947231
5,3340591,29,3893042,0.002
6,2182,7,30601,0.014106694778102774
6,2182,7,4562409,0.0002944586981729865
6,2182,7,1980308,8.224867888059549e-05
6,2182,8,27645,0.05594231592941273
6,2182,8,4342010,3.428359849792127e-05
6,2182,8,3811762,0.0003690600132588227
6,2182,8,2266567,6.169158321166382e-05
6,2182,9,28722,0.023379206771252294
6,2182,9,2271155,0.0006660249713746117
6,2182,9,2961765,9.139368515332433e-05
6,2182,10,196384,0.04084803920532266
6,2182,10,350507,0.0005740554282407935
6,2182,10,2321769,0.00012335977192148837
6,2182,11,2985218,0.001136482688567303
6,2182,11,164183,0.006829731760130806
6,2182,11,2479897,0.00025134986301432466
6,2182,12,3156442,0.0006912678948268979
6,2182,12,508033,0.001997070367098657
6,2182,12,4447068,0.0005740737365821654
6,2182,13,30471,0.008274363776972146
6,2182,13,3946236,0.0004089830032147435
6,2182,13,2379714,0.000207581042148076
6,2182,14,519977,0.00019397225512143805
6,2182,14,3893615,0.0006752687387074992
6,2182,14,1037462,0.0014897139340483657
6,2182,15,275340,0.0024582851928607583
6,2182,15,3369533,0.00025343102224028457
6,2182,15,3718944,0.00020770849596223813
6,2182,16,3246486,0.00025343565131820785
6,2182,16,1362234,0.00022348254213672115
6,2182,16,3316405,0.0007872111277426892
6,2182,17,389660,0.000590927893160237
6,2182,17,1677227,0.0002328299337119483
6,2182,17,1851996,0.0005889241178122154
6,2182,18,3472857,0.0003513398825520964
6,2182,18,3070080,0.0001576317767385757
6,2182,18,2481954,0.0007603920243325448
6,2182,19,239987,9.127793675351763e-06
6,2182,19,3845159,0.0005454167874266597
6,2182,19,3570712,1.5997769453859006e-05
6,2182,20,2954021,0.0005359496800266378
6,2182,20,3758587,2.742719223261916e-05
6,2182,21,2779235,0.0005136622750444603
6,2182,22,919138,0.0003055182524355961
6,2182,22,4163813,0.0003837649165768169
6,2182,23,3655077,0.00023059518672502324
6,2182,24,1095205,0.0002787309971715658
6,2182,25,4089775,0.00011881151923375709
6,2182,25,3804978,0.0001051106632482851
6,2182,26,575228,2.970545894934077e-05
6,2182,26,2645934,0.00011881803474970524
6,2182,27,3053081,0.00016679385650244708
6,2182,27,4107720,1.8280198888563907e-05
6,2182,28,109669,0.000312887540909475
6,2182,28,3991666,5.711465881987407e-05
6,2182,29,3893042,0.0001600084118707955
6,2182,30,3537058,0.00016675880280885786
6,2182,31,732889,4.5699870669366005e-06
6,2182,31,2951740,6.855795203685675e-05
6,2182,32,3491091,2.513705407437369e-05
6,2182,33,3657741,1.8279822959914634e-05
6,2182,36,4100479,0.00021024871051266407
6,2182,53,524219,2.285343407127072e-06
6,2182,64,4096341,2.285359075617961e-06
6,48677,7,30601,9.347123727470383e-05
6,48677,9,28722,0.00013821179072221943
6,48677,12,508033,0.0004496402877697842
6,2854843,8,27645,0.0001968191485984572
6,2854843,7,30601,0.00021106637225613717
6,2854843,10,196384,0.0004128967399109579
6,2854843,9,28722,0.00046311362555385884
6,2854843,13,30471,6.888950124001103e-05
6,2854843,10,350507,0.0022753128555176336
6,2854843,32,3491091,0.000980392156862745
6,48677,11,164183,0.0005336748852598997
6,48677,16,3246486,0.002572898799313894
6,48677,8,3811762,0.006427915518824609
6,48677,11,2985218,0.0022692889561270802
6,48677,8,27645,4.453011189780975e-05
6,2854843,11,164183,0.0002621231979030144
6,48677,10,196384,9.026900162484202e-05
6,48677,12,4447068,0.003933566433566434
6,2854843,18,3472857,0.0026595744680851063
6,2854843,11,2985218,0.0006711409395973154
7,30601,8,27645,0.01944543012115375
7,30601,8,3811762,0.0004775742466063898
7,30601,8,2266567,4.475875033569063e-05
7,30601,8,4342010,3.664226563199765e-05
7,30601,9,28722,0.04302799341936147
7,30601,9,2271155,0.0005756982368227944
7,30601,9,2961765,0.0002604505795025394
7,30601,10,196384,0.025308203748959
7,30601,10,350507,0.0015834575260804768
7,30601,10,2321769,0.00032546388774750513
7,30601,11,2985218,0.0013140179434204089
7,30601,11,164183,0.019654233933320962
7,30601,11,2479897,0.00020343230993319283
7,30601,12,3156442,0.0006448891520721626
7,30601,12,508033,0.00650350914420893
7,30601,12,4447068,0.0010889101183633155
7,30601,13,30471,0.0051733699424879485
7,30601,13,2379714,0.0008524491676442771
7,30601,13,3946236,0.00028064067418837903
7,30601,14,3893615,0.0007382079393858272
7,30601,14,519977,0.0010564081310921228
7,30601,14,1037462,0.0018138455536652952
7,30601,15,275340,0.0031373273666535444
7,30601,15,3369533,0.0005608684519624299
7,30601,15,3718944,0.0007069836987436818
7,30601,16,3246486,0.00042670437920608605
7,30601,16,1362234,0.0010347304222917454
7,30601,16,3316405,0.00047856980630089875
7,30601,17,389660,0.001072299598895451
7,30601,17,1677227,0.0006541683935086993
7,30601,17,1851996,0.00043438899331365725
7,30601,18,3472857,0.000714329200235404
7,30601,18,3070080,0.00041093326606504954
7,30601,18,2481954,5.683294362171993e-05
7,30601,19,3845159,0.0005154346290899941
7,30601,19,239987,0.0015084980076441408
7,30601,19,3570712,0.00016692995456248067
7,30601,20,2954021,0.0008435190967857056
7,30601,20,3758587,8.142758848125333e-06
7,30601,21,2779235,0.0005280024044417187
7,30601,22,919138,0.0005715976763135598
7,30601,22,4163813,0.0002642749109596838
7,30601,23,3655077,0.00040230165309406546
7,30601,24,1095205,0.00028067492149237705
7,30601,25,4089775,0.00018717524078467116
7,30601,26,575228,6.511688480823077e-05
7,30601,26,2645934,0.00019126372418957083
7,30601,27,3053081,0.00017495249836236323
7,30601,28,109669,0.00038620398074671523
7,30601,28,3991666,4.06793450625445e-06
7,30601,30,3537058,0.00014641288433382137
7,30601,31,732889,5.2907468906687506e-05
7,30601,31,2951740,4.07000407000407e-06
7,30601,32,3491091,9.769083293646433e-05
7,30601,33,3657741,1.2208471865576586e-05
7,30601,36,4100479,9.766817238432426e-05
7,30601,38,882538,0.0002768323861323259
7,30601,39,557526,6.106547032625246e-05
7,30601,43,1965538,0.0003948707510685935
7,30601,46,2826169,0.0001506471721082868
7,30601,53,524219,4.477988650334221e-05
7,30601,64,4096341,7.327916103502744e-05
7,1980308,8,27645,0.00020394896177231648
7,1980308,9,28722,0.00017651137867994704
7,1980308,8,3811762,0.005230125523012552
7,1980308,12,4447068,0.0034653465346534654
7,1980308,10,196384,0.00025403277022735933
7,1980308,13,30471,0.0005033074489502444
7,4562409,8,27645,0.0001334171955705491
7,4562409,10,196384,0.0003597575234292087
7,4562409,13,30471,0.000486246179494304
7,4562409,16,3316405,0.0037056643726839597
7,4562409,12,508033,8.816787162757891e-05
7,4562409,14,1037462,0.0006975122064636131
7,4562409,17,1851996,0.0006101281269066504
7,4562409,14,3893615,0.000517063081695967
7,4562409,11,2985218,0.0017464198393293748
7,4562409,9,28722,0.00026317108626998847
8,27645,9,28722,0.010537371658842947
8,27645,9,2271155,0.0008936833698835043
8,27645,10,196384,0.03895612708018154
8,27645,10,350507,0.0006758122378859077
8,27645,10,2321769,3.184835089239079e-05
8,27645,11,2985218,0.00183615908330862
8,27645,11,164183,0.012787842283278505
8,27645,11,2479897,0.0002549264537181023
8,27645,12,3156442,0.0018153773890302964
8,27645,12,508033,0.02751104312193204
8,27645,12,4447068,0.002404439354344759
8,27645,13,30471,0.01109593920683923
8,27645,13,2379714,0.001022131366100791
8,27645,13,3946236,0.00022290721964640547
8,27645,14,519977,0.0012842438537487841
8,27645,14,3893615,0.0009448798924485706
8,27645,14,1037462,0.0019512439179977235
8,27645,15,275340,0.003938728121644902
8,27645,15,3369533,0.0008016542070940035
8,27645,15,3718944,0.0007820298442934074
8,27645,16,3246486,0.0005279562368806055
8,27645,16,1362234,0.0011101454607738031
8,27645,16,3316405,0.0009641611163970821
8,27645,17,389660,1.8815383457514865e-05
8,27645,17,1677227,0.0004322317779345677
8,27645,17,1851996,0.0012074531635272885
8,27645,18,3472857,0.0009839895379692995
8,27645,18,3070080,0.00021660879813971268
8,27645,18,2481954,0.0008771483779111156
8,27645,19,3845159,0.0007999441308860968
8,27645,19,239987,0.00046392211192597583
8,27645,19,3570712,0.00011483180330588003
8,27645,20,2954021,0.0010269543829398789
8,27645,20,3758587,0.00010847509539427507
8,27645,21,2779235,0.0006736531703007925
8,27645,22,919138,0.0010585230117831992
8,27645,22,4163813,0.00013365920720995953
8,27645,23,3655077,0.0007698278385015715
8,27645,24,1095205,0.00015286916310502748
8,27645,25,4089775,8.922482744555692e-05
8,27645,25,3804978,0.000733577433882347
8,27645,26,575228,7.651499693940013e-05
8,27645,26,2645934,8.923847708164683e-05
8,27645,27,3053081,1.911595098670167e-05
8,27645,27,4107720,0.0006954546614603271
8,27645,28,109669,0.0001845182800351221
8,27645,28,3991666,0.00021031298395885514
8,27645,29,3893042,7.656186198448347e-05
8,27645,30,3537058,0.0006754776136522947
8,27645,31,732889,0.00026785885114063225
8,27645,31,2951740,0.00019134239445872426
8,27645,36,4100479,6.374745807010945e-06
8,27645,38,882538,1.9130578955087777e-05
8,27645,39,557526,0.00019140099145713575
8,27645,43,1965538,1.275014184532803e-05
8,27645,53,524219,0.0002807393654014254
8,27645,64,4096341,7.655111700838235e-05
8,3811762,9,28722,0.0005826638897153624
8,3811762,12,4447068,0.0023522493384298734
8,3811762,10,2321769,0.0035353535353535356
8,3811762,22,4163813,0.0033050047214353163
8,3811762,10,350507,0.002342606149341142
8,3811762,12,3156442,0.002847988608045568
8,2266567,9,28722,0.00015137753557372085
8,2266567,10,196384,1.815573993718114e-05
8,2266567,13,30471,0.0005771172990910403
8,3811762,10,196384,0.0002301129323467979
8,3811762,15,3369533,0.0035072336694432268
8,3811762,11,164183,0.00010071507704703394
8,2266567,16,3246486,0.005889281507656066
8,3811762,15,3718944,0.0004178854993731718
8,3811762,19,239987,0.0008288437629506838
8,3811762,14,1037462,0.00019241870309794111
8,3811762,11,2985218,0.002398081534772182
8,3811762,15,275340,0.0006874033339061695
8,4342010,10,196384,1.8203993956274005e-05
8,3811762,13,30471,0.0005232520112499182
8,3811762,12,508033,0.0011453816575308843
9,28722,10,196384,0.014799827221679133
9,28722,10,2321769,0.00041582137321858345
9,28722,10,350507,0.0009907120743034056
9,28722,11,2985218,0.0028416461779858905
9,28722,11,164183,0.03847837459829388
9,28722,11,2479897,0.00020169677411221903
9,28722,12,508033,0.013946228410491908
9,28722,12,4447068,0.0019340441358789984
9,28722,12,3156442,0.0020359475899626536
9,28722,13,30471,0.0354055442625148
9,28722,13,2379714,0.0014758855313187912
9,28722,13,3946236,0.0005793450881612091
9,28722,14,519977,0.0016676070465801516
9,28722,14,1037462,0.0186075762059781
9,28722,14,3893615,0.001197903668579985
9,28722,15,275340,0.011324698048555251
9,28722,15,3369533,0.00159609898327238
9,28722,15,3718944,0.0005516757149842647
9,28722,16,3246486,0.0010300731100670803
9,28722,16,1362234,0.0022116706235161816
9,28722,16,3316405,0.002274573517465475
9,28722,17,389660,0.019304538434713296
9,28722,17,1677227,0.0014182972901735846
9,28722,17,1851996,0.0015786506295809059
9,28722,18,3472857,0.0031194016762086116
9,28722,18,2481954,0.002762396253186173
9,28722,18,3070080,0.0005797247567676563
9,28722,19,239987,0.00016288889724216566
9,28722,19,3845159,0.0010381618281654554
9,28722,19,3570712,0.0003538212697128993
9,28722,20,2954021,0.0034989065916900966
9,28722,20,3758587,0.0001390310797659222
9,28722,21,2779235,0.0024102435350238515
9,28722,22,919138,0.003673392890610358
9,28722,22,4163813,0.0014858841010401188
9,28722,23,3655077,0.0011305964524395758
9,28722,24,1095205,0.0011850432414714706
9,28722,25,4089775,0.0007949225896811478
9,28722,26,575228,0.0001388398041096582
9,28722,26,2645934,1.261177182782409e-05
9,28722,27,3053081,0.0011230850768493047
9,28722,28,109669,0.0008928683710811252
9,28722,28,3991666,0.001299946992452735
9,28722,30,3537058,0.00028965795174046646
9,28722,31,732889,3.786301162394457e-05
9,28722,31,2951740,0.0006695385237307192
9,28722,32,3491091,0.00044206989756608944
9,28722,33,3657741,0.0006692595211637539
9,28722,34,4011872,0.00044252822697904946
9,28722,36,4100479,0.0003281212534231881
9,28722,38,882538,3.78730495379488e-05
9,28722,43,1965538,1.2617182078554575e-05
9,28722,46,2826169,0.00026537265903404353
9,28722,53,524219,0.0001263296192425276
9,2271155,11,164183,0.0016471920522983477
9,2271155,10,196384,0.0007848453497913025
9,2271155,14,3893615,0.00579950289975145
9,2271155,16,3246486,0.014023732470334413
9,2271155,10,350507,0.0026542800265428003
9,2271155,12,3156442,0.0033222591362126247
9,2271155,19,3845159,0.0036101083032490976
9,2271155,11,2479897,0.01053324555628703
9,2271155,11,2985218,0.0026849642004773268
9,2271155,23,3655077,0.00909577314071696
9,2271155,12,508033,0.0008455944529003889
9,2271155,13,30471,0.0006045543091287701
9,2271155,21,2779235,0.0004894762604013706
9,2271155,25,3804978,0.006858710562414266
9,2271155,27,4107720,0.007052186177715092
9,2271155,28,3991666,0.0065832784726793945
10,196384,11,164183,0.011504596300808505
10,196384,11,2985218,0.0016352510901673934
10,196384,11,2479897,0.000381000762001524
10,196384,12,508033,0.016101734391255066
10,196384,12,4447068,0.0015037061935004512
10,196384,12,3156442,0.0025591925121248456
10,196384,13,30471,0.034243266094939
10,196384,13,2379714,0.0008420072018488329
10,196384,13,3946236,0.0016681776971894833
10,196384,14,519977,0.002033434705151968
10,196384,14,1037462,0.0058905596031623006
10,196384,14,3893615,0.0026304017178133666
10,196384,15,275340,0.015308930782991606
10,196384,15,3369533,0.0022033592197941124
10,196384,15,3718944,0.0009001386213476876
10,196384,16,3246486,0.0008117029527949639
10,196384,16,1362234,0.0030986924592512986
10,196384,16,3316405,0.009974747474747475
10,196384,17,389660,0.0012681316772344307
10,196384,17,1677227,0.0013511809321346856
10,196384,17,1851996,0.002247716320218658
10,196384,18,3472857,0.0022604140504467007
10,196384,18,2481954,0.003678791048275116
10,196384,18,3070080,0.0006164333889332076
10,196384,19,239987,0.005368666510005242
10,196384,19,3845159,0.003992374923569399
10,196384,19,3570712,0.00016378227875743845
10,196384,20,2954021,0.0027346822049045543
10,196384,20,3758587,7.283055970285132e-05
10,196384,21,2779235,0.0017822103008154962
10,196384,22,4163813,0.002246214042460691
10,196384,22,919138,0.003989123823834567
10,196384,23,3655077,0.0012269495868066833
10,196384,24,1095205,0.0010516009718243464
10,196384,25,4089775,0.0011262488646684831
10,196384,25,3804978,0.0005450383343628502
10,196384,26,575228,0.00010903341874284468
10,196384,26,2645934,0.00036318733202585896
10,196384,27,3053081,0.00018141905988643166
10,196384,27,4107720,0.00014539110206455364
10,196384,28,109669,0.00021670820240546104
10,196384,28,3991666,1.8138286294710874e-05
10,196384,29,3893042,0.0004552573114324216
10,196384,30,3537058,0.0005435471889551211
10,196384,31,732889,0.00030900663455421247
10,196384,31,2951740,1.817950442670933e-05
10,196384,32,3491091,3.6362314097669174e-05
10,196384,36,4100479,0.0017465659965432549
10,196384,38,882538,0.0002909355395945086
10,196384,39,557526,0.00029120559114735004
10,196384,43,1965538,0.0002725340213303294
10,196384,46,2826169,0.00018201343259132525
10,196384,53,524219,0.0004550501465261472
10,350507,14,3893615,0.004771642808452625
10,350507,12,3156442,0.007204116638078902
10,350507,19,3845159,0.0036576444769568397
10,2321769,22,4163813,0.030612244897959183
10,350507,11,2985218,0.005440414507772021
10,350507,11,164183,0.001554040505313816
10,350507,13,30471,0.0016894087069525667
10,2321769,14,519977,0.0008598452278589854
10,2321769,17,1851996,0.028740490278951817
10,350507,14,1037462,0.004154863078375827
10,350507,15,3369533,0.0004154549231408392
10,350507,18,3070080,0.002857142857142857
10,350507,23,3655077,0.003336113427856547
10,350507,30,3537058,0.0028129395218002813
10,2321769,11,164183,0.0005935678825814807
10,2321769,12,508033,9.158347834050737e-05
10,2321769,13,30471,0.00042936882782310007
10,2321769,16,3246486,0.003121748178980229
10,350507,64,4096341,0.007514761137949544
11,164183,12,508033,0.006079877004787029
11,164183,12,4447068,0.003316749585406302
11,164183,12,3156442,0.0005681231277760561
11,164183,13,30471,0.017635219322066388
11,164183,13,2379714,0.0015633956954505185
11,164183,13,3946236,0.000699601765149069
11,164183,14,519977,0.00549305445518407
11,164183,14,1037462,0.013039023935922512
11,164183,14,3893615,0.0013947721872094225
11,164183,15,275340,0.026418382791358986
11,164183,15,3369533,0.0009560737239071546
11,164183,15,3718944,0.00047515970645689245
11,164183,16,3246486,0.0008501142341002072
11,164183,16,1362234,0.006814044213263979
11,164183,16,3316405,0.00010339123242349049
11,164183,17,389660,0.019376456876456876
11,164183,17,1851996,0.0020471366332475986
11,164183,17,1677227,0.0025945144551519643
11,164183,18,3472857,0.006545873481357352
11,164183,18,2481954,0.004969338126453796
11,164183,18,3070080,0.0008636044691531278
11,164183,19,239987,0.0014781185662249908
11,164183,19,3845159,0.003715332286760858
11,164183,20,2954021,0.005114957375355205
11,164183,20,3758587,0.0006021458287716225
11,164183,21,2779235,0.0014229998945926004
11,164183,22,919138,0.0024188152951469303
11,164183,22,4163813,0.00021416715746640252
11,164183,23,3655077,0.0034614974970710406
11,164183,24,1095205,0.0004311041655439996
11,164183,25,4089775,0.0007045306741816606
11,164183,26,2645934,5.422993492407809e-05
11,164183,27,3053081,0.0007038059661090358
11,164183,28,109669,0.00272902397260274
11,164183,28,3991666,0.0015712195914829063
11,164183,29,3893042,5.467169646274124e-05
11,164183,30,3537058,5.383580080753701e-05
11,164183,31,732889,5.4395126196692775e-05
11,164183,31,2951740,0.001090453083256093
11,164183,33,3657741,0.0003262997607135088
11,164183,34,4011872,0.0014247356019507918
11,164183,36,4100479,0.00016294606485253382
11,164183,38,882538,0.0005993570533427778
11,164183,39,557526,5.4608999563128004e-05
11,164183,43,1965538,0.0008155719878207916
11,164183,46,2826169,0.00010927767457108513
11,164183,53,524219,5.4597073596855206e-05
11,2985218,14,3893615,0.006429883649724434
11,2985218,15,275340,0.0036752956216043464
11,2985218,23,3655077,0.008449669360764144
11,2985218,13,30471,0.00012695994413762458
11,2985218,12,4447068,0.0028526970954356845
11,2479897,13,30471,0.0003590922148807814
11,2985218,14,1037462,0.002126151665485471
11,2479897,15,3718944,0.020895522388059702
11,2985218,19,3845159,0.0019499512512187196
11,2985218,20,2954021,0.0014920919128618322
11,2985218,24,1095205,0.0020308692120227455
11,2985218,26,2645934,0.0047169811320754715
11,2985218,12,508033,0.0020522535322440604
11,2985218,15,3718944,0.007062146892655367
11,2985218,16,3246486,0.003664345914254306
11,2985218,14,519977,0.003756830601092896
11,2985218,17,1851996,0.0013386880856760374
11,2985218,21,2779235,0.00034458993797381116
11,2985218,18,3472857,0.002890173410404624
11,2985218,12,3156442,0.00030543677458766036
11,2985218,27,4107720,0.007045354469396741
11,2985218,30,3537058,0.006498781478472786
12,3156442,19,3845159,0.009442870632672332
12,4447068,13,30471,0.0031915586530319806
12,508033,13,30471,0.006103890711290121
12,508033,14,519977,0.0041347761062725434
12,508033,14,1037462,0.003907360045467463
12,508033,14,3893615,0.003583617747440273
12,508033,15,275340,0.017304377800758358
12,508033,15,3369533,0.0016065690824705462
12,508033,15,3718944,0.0010605391073795847
12,508033,16,1362234,0.0036783575705731392
12,508033,16,3316405,0.012961202799619804
12,508033,16,3246486,0.001339405304045004
12,508033,17,1851996,0.004203520448375514
12,508033,17,1677227,0.0013277861379127202
12,508033,18,2481954,0.0018476156959352456
12,508033,18,3070080,0.0011001100110011
12,508033,18,3472857,0.0019870410367170627
12,508033,19,239987,0.015390121689334287
12,508033,19,3845159,0.0027763317716467117
12,508033,20,2954021,0.008352510014489048
12,508033,21,2779235,0.0022903453136011278
12,508033,22,919138,0.009537596866218172
12,508033,22,4163813,9.044044496698923e-05
12,508033,23,3655077,0.002054121639724926
12,508033,24,1095205,9.139932364500503e-05
12,508033,25,4089775,0.00046138230137491925
12,508033,25,3804978,0.002412769116555308
12,508033,27,3053081,9.208103130755064e-05
12,508033,27,4107720,0.003917910447761194
12,508033,28,3991666,0.0013827433628318584
12,508033,30,3537058,0.002471169686985173
12,4447068,15,3718944,0.005633802816901409
12,4447068,18,3070080,0.006737247353224254
12,4447068,17,389660,0.002428792227864871
12,3156442,19,239987,0.0005189413596263622
12,3156442,31,732889,0.009022556390977444
12,3156442,39,557526,0.009538950715421303
12,4447068,14,1037462,0.002268002268002268
12,4447068,15,275340,0.0042351346772827375
12,4447068,16,1362234,0.0038009675190048375
12,4447068,21,2779235,0.005520504731861199
12,4447068,14,3893615,0.011724137931034483
12,3156442,14,1037462,0.002553734837199404
12,4447068,16,3246486,0.005054759898904802
12,3156442,19,3570712,0.009538950715421303
12,3156442,20,2954021,0.00794314381270903
12,3156442,27,3053081,0.004181184668989547
12,3156442,14,519977,0.006562342251388188
12,3156442,13,30471,0.0008109203946479254
12,3156442,14,3893615,0.0055817947617003
12,3156442,16,1362234,0.005215123859191656
12,3156442,18,3472857,0.007866728366496992
12,3156442,20,3758587,0.0008097165991902834
12,3156442,31,2951740,0.0007593014426727411
12,3156442,16,3316405,0.0004344048653344917
12,3156442,21,2779235,0.000510986203372509
12,4447068,18,3472857,0.00036114120621162876
12,4447068,14,519977,0.004662004662004662
12,4447068,13,2379714,0.0043541364296081275
12,4447068,20,2954021,0.004347826086956522
13,30471,14,1037462,0.007501611674383168
13,30471,14,519977,0.0004147083218136577
13,30471,14,3893615,0.0037924962752268723
13,30471,15,275340,0.014751950788859144
13,30471,15,3369533,0.004784015759110736
13,30471,15,3718944,0.003277545327754533
13,30471,16,3246486,0.002035802035802036
13,30471,16,1362234,0.006943026342658771
13,30471,16,3316405,0.00804636890555745
13,30471,17,389660,0.028743189930490326
13,30471,17,1677227,0.0022315202231520223
13,30471,17,1851996,0.007559994451380219
13,30471,18,3472857,0.005832704316201194
13,30471,18,3070080,0.005321443981015389
13,30471,18,2481954,0.02005224881734096
13,30471,19,239987,0.001320453123914101
13,30471,19,3845159,0.0006160585940173866
13,30471,19,3570712,0.0008006405124099279
13,30471,20,2954021,0.008533694547917373
13,30471,20,3758587,7.291286912139993e-05
13,30471,21,2779235,0.005081796032022277
13,30471,22,919138,0.033538909292495325
13,30471,22,4163813,0.004268032437046522
13,30471,23,3655077,0.004219409282700422
13,30471,24,1095205,0.002362373827761472
13,30471,25,4089775,0.0020903914077704893
13,30471,25,3804978,0.0010109763142692085
13,30471,26,575228,0.0009412105415580655
13,30471,26,2645934,7.206168480219068e-05
13,30471,27,3053081,0.0007907979870596693
13,30471,28,109669,0.0032554847841472045
13,30471,28,3991666,0.0005749191519942509
13,30471,29,3893042,0.001093772786933061
13,30471,30,3537058,0.0030780243378668577
13,30471,31,732889,0.0020298680585761927
13,30471,31,2951740,0.00014496955639315743
13,30471,32,3491091,0.000290065264684554
13,30471,33,3657741,0.008384368620589094
13,30471,34,4011872,0.00021883434240280107
13,30471,36,4100479,0.003404810199942046
13,30471,38,882538,0.0033442384587422757
13,30471,39,557526,0.0018944914019236375
13,30471,43,1965538,0.0033338164951442237
13,30471,46,2826169,0.001092816552528049
13,30471,53,524219,0.0014562399883500802
13,30471,64,4096341,0.001019145373807964
13,2379714,14,3893615,0.012025901942645698
13,2379714,16,1362234,0.012189404594467886
13,2379714,18,3472857,0.007466401194624191
13,2379714,22,4163813,0.010211027910142955
13,2379714,19,3845159,0.008130081300813009
13,2379714,26,2645934,0.013029315960912053
13,3946236,20,3758587,0.029213483146067417
13,3946236,32,3491091,0.001869158878504673
13,3946236,36,4100479,0.0016891891891891893
13,2379714,27,3053081,0.012588512981904013
13,2379714,16,3246486,0.005518087063151441
13,3946236,14,3893615,0.006435006435006435
13,3946236,15,275340,0.00021944261575597982
13,2379714,17,1851996,0.007450771687067589
14,3893615,15,275340,0.002812675792237015
14,519977,17,1851996,0.0035190615835777126
14,519977,25,4089775,0.0018450184501845018
14,1037462,15,275340,0.007046848492757406
14,1037462,15,3369533,0.00916767189384801
14,1037462,16,3246486,0.0031234983181162904
14,1037462,16,1362234,0.005569837189374464
14,1037462,16,3316405,0.006662368364496024
14,1037462,17,389660,0.006840598154629335
14,1037462,17,1851996,0.003399048266485384
14,1037462,17,1677227,0.003287156609532754
14,1037462,18,2481954,0.02862550272060563
14,1037462,18,3070080,0.007790184367696702
14,1037462,19,3845159,0.0017734426956328973
14,1037462,20,2954021,0.007357578305654824
14,1037462,21,2779235,0.005329008341056534
14,1037462,22,919138,0.003751563151313047
14,1037462,22,4163813,0.0004978839930296241
14,1037462,23,3655077,0.01975609756097561
14,1037462,24,1095205,0.0023112480739599386
14,1037462,25,4089775,0.00395987328405491
14,1037462,28,3991666,0.019461476939482806
14,1037462,29,3893042,0.0002755580049600441
14,1037462,30,3537058,0.0023047375160051217
14,1037462,31,2951740,0.00900163666121113
14,1037462,34,4011872,0.007810320781032078
14,519977,15,275340,0.0012014417300760913
14,519977,18,3472857,0.008210180623973728
14,519977,20,2954021,0.01318359375
14,519977,23,3655077,0.0068775790921595595
14,519977,18,3070080,0.0008598452278589854
14,3893615,19,3845159,0.00046533271288971617
14,3893615,20,2954021,0.0012396694214876034
14,519977,17,1677227,0.007119741100323625
14,3893615,18,3472857,0.008751727314601566
14,3893615,17,1677227,0.007940709370037057
14,3893615,15,3718944,0.013734812466983624
14,3893615,16,1362234,0.005622837370242215
14,3893615,16,3316405,0.000432152117545376
14,3893615,22,919138,0.004928131416837783
14,3893615,18,2481954,0.0005055611729019212
14,3893615,18,3070080,0.0006618133686300463
14,3893615,17,1851996,0.00635386119257087
15,275340,16,1362234,0.008532423208191127
15,275340,16,3316405,0.0062547384382107656
15,275340,17,389660,0.004768097095795405
15,275340,17,1677227,0.006369426751592357
15,275340,17,1851996,0.0011888250445809391
15,275340,18,3472857,0.0015455950540958269
15,275340,18,2481954,0.009746192893401015
15,275340,18,3070080,0.007152436298614216
15,275340,19,239987,0.02047569803516029
15,275340,19,3845159,0.016801739474204387
15,275340,20,2954021,0.008752327746741154
15,275340,21,2779235,0.009764035801464606
15,275340,22,919138,0.03875525009545628
15,275340,22,4163813,0.004325259515570935
15,275340,23,3655077,0.00125
15,275340,24,1095205,0.014336917562724014
15,275340,25,4089775,0.002490378084672855
15,275340,26,575228,0.003459409594095941
15,275340,26,2645934,0.00045433893684688776
15,275340,27,3053081,0.0011256190904997748
15,275340,28,109669,0.014236410698878344
15,275340,28,3991666,0.0013504388926401081
15,275340,30,3537058,0.0033156498673740055
15,275340,32,3491091,0.0013908205841446453
15,275340,33,3657741,0.0009189065012634965
15,275340,38,882538,0.00046242774566473987
15,275340,43,1965538,0.0004578754578754579
15,275340,46,2826169,0.00023441162681669012
15,3369533,17,1677227,0.0014684287812041115
15,3369533,18,3070080,0.016736401673640166
15,3718944,18,3070080,0.015080113100848256
15,3718944,19,239987,0.010745466756212223
15,3718944,16,1362234,0.008
15,3718944,43,1965538,0.002129925452609159
15,3718944,32,3491091,0.0011235955056179776
15,3369533,16,3316405,0.0005636978579481398
15,3718944,17,1851996,0.009322560596643879
15,3718944,30,3537058,0.0136986301369863
15,3369533,16,1362234,0.00847457627118644
15,3369533,17,389660,0.004405286343612335
15,3369533,21,2779235,0.01060070671378092
16,3246486,22,919138,0.006892895015906681
16,3246486,23,3655077,0.01282051282051282
16,1362234,17,1677227,0.026272577996715927
16,1362234,18,3070080,0.010906612133605999
16,1362234,24,1095205,0.010067114093959731
16,1362234,26,575228,0.012195121951219513
16,1362234,28,109669,0.009621166566446182
16,1362234,30,3537058,0.010666666666666666
16,1362234,19,239987,0.00897571277719113
16,1362234,20,3758587,0.0008210180623973727
16,1362234,31,2951740,0.0007692307692307692
16,1362234,17,1851996,0.007944389275074478
16,1362234,26,2645934,0.0007246376811594203
16,1362234,18,3472857,0.0037157454714352067
16,1362234,53,524219,0.0007961783439490446
16,1362234,20,2954021,0.0012547051442910915
16,1362234,21,2779235,0.022116903633491312
16,1362234,32,3491091,0.0007716049382716049
16,1362234,36,4100479,0.0007390983000739098
16,3316405,20,2954021,0.024935511607910577
16,1362234,22,919138,0.005405405405405406
16,3316405,18,2481954,0.016238868517548456
16,3316405,18,3472857,0.002329916123019571
16,3316405,19,3845159,0.00715648854961832
16,3316405,21,2779235,0.010465724751439037
16,3316405,22,919138,0.0004154549231408392
16,3316405,24,1095205,0.015625
16,3316405,25,3804978,0.01194921583271098
16,3316405,29,3893042,0.014107883817427386
16,3316405,30,3537058,0.011417058428475487
16,3316405,36,4100479,0.0014903129657228018
16,3246486,17,389660,0.0002931691586045148
16,1362234,17,389660,0.004086845466155811
17,389660,18,3472857,0.0005271481286241434
17,389660,18,2481954,0.004483048472961614
17,389660,19,3845159,0.015958885582905057
17,389660,20,2954021,0.01922590437642297
17,389660,21,2779235,0.010169491525423728
17,389660,22,919138,0.024002021222839818
17,389660,22,4163813,0.00030721966205837174
17,389660,23,3655077,0.0061819252281424784
17,389660,27,3053081,0.012243547319655858
17,389660,28,109669,0.02189330866481653
17,389660,28,3991666,0.007239223428759461
17,389660,33,3657741,0.01434916296549368
17,389660,34,4011872,0.004936530324400564
17,1677227,27,3053081,0.019308943089430895
17,1677227,18,3070080,0.015296367112810707
17,1677227,24,1095205,0.01403180542563143
17,1677227,26,575228,0.017957351290684626
17,1677227,28,109669,0.01288244766505636
17,1677227,30,3537058,0.014828544949026877
17,1851996,25,4089775,0.013345195729537367
17,1851996,32,3491091,0.018774703557312252
17,1851996,36,4100479,0.07297830374753451
17,1851996,46,2826169,0.01768990634755463
17,1677227,19,239987,0.022649279341111873
17,1677227,53,524219,0.0011976047904191617
17,1851996,18,2481954,0.0011890606420927466
17,1851996,22,4163813,0.025738077214231644
17,1851996,24,1095205,0.0008077544426494346
17,1851996,22,919138,0.0013959981386691485
17,1851996,19,3845159,0.0016198704103671706
17,1677227,28,3991666,0.00099601593625498
17,1851996,20,2954021,0.0009407337723424271
17,1851996,21,2779235,0.0005973715651135006
17,1677227,18,3472857,0.0005750431282346176
17,1677227,26,2645934,0.018027571580063628
17,1677227,25,3804978,0.0010604453870625664
18,3472857,20,2954021,0.008482142857142856
18,3472857,24,1095205,0.013313609467455622
18,2481954,19,3845159,0.012549914432401598
18,3472857,23,3655077,0.011663597298956415
18,2481954,20,2954021,0.007874015748031496
18,2481954,21,2779235,0.0006273525721455458
18,2481954,22,919138,0.000966183574879227
18,2481954,23,3655077,0.0006963788300835655
18,2481954,25,4089775,0.0124282982791587
18,2481954,28,3991666,0.014084507042253521
18,2481954,31,2951740,0.013800424628450107
18,2481954,34,4011872,0.01995305164319249
18,3472857,25,4089775,0.0007880220646178094
18,3472857,21,2779235,0.010067114093959731
18,3070080,24,1095205,0.022156573116691284
18,3070080,26,575228,0.03206412825651302
18,3070080,28,109669,0.018823529411764704
18,3070080,30,3537058,0.033823529411764704
18,3070080,23,3655077,0.017838405036726127
18,3070080,20,2954021,0.011516314779270634
18,3472857,22,919138,0.007502206531332745
18,3070080,36,4100479,0.0055762081784386614
19,239987,22,919138,0.03250380904012189
19,239987,23,3655077,0.0007158196134574087
19,239987,26,2645934,0.019447287615148412
19,239987,31,732889,0.037527593818984545
19,239987,39,557526,0.011655011655011656
19,239987,46,2826169,0.0011655011655011655
19,239987,53,524219,0.05186972255729795
19,3845159,20,2954021,0.008636363636363636
19,3845159,24,1095205,0.014492753623188406
19,3845159,26,575228,0.0008680555555555555
19,3845159,28,109669,0.0006653359946773121
19,3845159,33,3657741,0.021145374449339206
19,3845159,26,2645934,0.016006739679865205
19,3845159,21,2779235,0.010875787063537493
19,3845159,25,4089775,0.017369727047146403
19,3845159,22,919138,0.00044603033006244426
19,3845159,23,3655077,0.0006222775357809583
19,3570712,64,4096341,0.004761904761904762
20,2954021,22,919138,0.008012820512820512
20,2954021,23,3655077,0.021727322107550243
20,2954021,24,1095205,0.011994949494949494
20,2954021,21,2779235,0.010907288051561725
20,2954021,25,4089775,0.01417004048582996
20,2954021,27,3053081,0.0006574621959237344
20,2954021,31,2951740,0.015239477503628448
20,2954021,33,3657741,0.0006988120195667365
20,2954021,28,109669,0.00851305334846765
20,3758587,31,2951740,0.004484304932735426
21,2779235,22,919138,0.00048496605237633366
21,2779235,23,3655077,0.014925373134328358
21,2779235,28,3991666,0.02
21,2779235,34,4011872,0.014150943396226415
21,2779235,25,4089775,0.022395326192794548
21,2779235,22,4163813,0.0007905138339920949
21,2779235,24,1095205,0.018600531443755536
21,2779235,25,3804978,0.0009910802775024777
21,2779235,27,4107720,0.0010319917440660474
21,2779235,36,4100479,0.001002004008016032
22,919138,33,3657741,0.07058823529411765
22,4163813,28,109669,0.02240325865580448
22,919138,23,3655077,0.01168348380244291
22,919138,26,2645934,0.0006657789613848203
22,919138,38,882538,0.0007017543859649122
22,919138,24,1095205,0.006184291898577613
22,919138,30,3537058,0.0006108735491753207
22,4163813,27,3053081,0.030261348005502064
22,4163813,36,4100479,0.05598755832037325
23,3655077,26,2645934,0.027218934911242602
23,3655077,28,3991666,0.023542600896860985
23,3655077,34,4011872,0.018867924528301886
23,3655077,28,109669,0.019230769230769232
23,3655077,38,882538,0.03129074315514994
23,3655077,43,1965538,0.02962962962962963
23,3655077,30,3537058,0.009054325955734407
24,1095205,26,575228,0.048828125
24,1095205,28,109669,0.028968713789107765
24,1095205,30,3537058,0.03571428571428571
25,4089775,46,2826169,0.08615384615384615
25,3804978,27,4107720,0.07065217391304347
25,3804978,28,3991666,0.05543710021321962
25,3804978,29,3893042,0.09057971014492754
25,3804978,30,3537058,0.044642857142857144
25,4089775,31,2951740,0.05670103092783505
26,575228,28,109669,0.039473684210526314
26,575228,30,3537058,0.05182341650671785
27,3053081,28,109669,0.0012406947890818859
27,3053081,33,3657741,0.008733624454148471
27,4107720,28,3991666,0.0630841121495327
27,4107720,30,3537058,0.052123552123552123
28,109669,30,3537058,0.03214695752009185
28,109669,38,882538,0.06346749226006192
28,109669,43,1965538,0.061046511627906974
28,3991666,32,3491091,0.0728643216080402
28,3991666,34,4011872,0.13486842105263158
29,3893042,30,3537058,0.06855791962174941
31,732889,39,557526,0.25333333333333335
31,732889,53,524219,0.19166666666666668
32,3491091,36,4100479,0.10248447204968944
38,882538,43,1965538,0.1912751677852349
39,557526,53,524219,0.06467661691542288
