wavemap_6_2182_1 30.28642914824247 -42.47153256547229 -12.980298817554896 -42.144885266228165 -34.25998115656648 -22.927320221150993 -37.688342170933524 -4.619389768782444 -4.786787766930409 57.56372581658057 36.4252690623408 45.92104782796695 60.403069758807106 -0.37544902583827877
wavemap_5_2061_1 -47.59750501677249 87.09447012238135 -5.897561286450198 60.23019989375331 -4.786787766930409 57.56372581658057 -37.688342170933524 -4.619389768782444 -108.45792473043136 23.70825949440494 -99.72400163877782 69.49194642932343
wavemap_3_42_1 -108.45792473043136 23.70825949440494 -37.688342170933524 -4.619389768782444 -34.25998115656648 -22.927320221150993 -96.3392210428522 -67.71307004621515 -130.8258767510313 -37.40280495834008 -119.39539655505008 17.58637144746017
wavemap_10_196384_1 -54.27501021317952 -120.8035827356412 -17.735876272352428 -109.42964701430131 -12.980298817554896 -42.144885266228165 -34.25998115656648 -22.927320221150993 -96.3392210428522 -67.71307004621515 -96.91485800715738 -83.09530019981321
wavemap_9_28722_1 64.53019328092685 -81.82663189354156 57.739646084977906 -105.48208862298522 3.56577657680986 -124.58826993704747 -17.735876272352428 -109.42964701430131 -12.980298817554896 -42.144885266228165 30.28642914824247 -42.47153256547229
wavemap_8_27645_1 102.3272618392931 -67.15602876492399 112.04539745886358 -9.453528321028884 110.20994628389349 -7.075263917955358 60.403069758807106 -0.37544902583827877 30.28642914824247 -42.47153256547229 64.53019328092685 -81.82663189354156
wavemap_7_30601_1 60.403069758807106 -0.37544902583827877 36.4252690623408 45.92104782796695 88.07149798179952 76.60721655871549 120.31686711224134 48.947204927307865 110.20994628389349 -7.075263917955358
wavemap_4_1243_1 36.4252690623408 45.92104782796695 -4.786787766930409 57.56372581658057 -5.897561286450198 60.23019989375331 25.23342298845052 132.5875344951711 43.91450560954947 137.21774840597774 89.51443611731482 100.18286631684262 88.07149798179952 76.60721655871549
wavemap_2_13_1 -58.178168326389674 142.82969856938095 -47.59750501677249 87.09447012238135 -5.897561286450198 60.23019989375331 25.23342298845052 132.5875344951711 -11.220402560015884 161.3533001341062
wavemap_17_389660_1 -70.37132337877519 149.7347123266806 -125.55205000375224 127.75916113823342 -131.28192612456834 103.21577031928913 -99.72400163877782 69.49194642932343 -47.59750501677249 87.09447012238135 -58.178168326389674 142.82969856938095
wavemap_15_275340_1 -131.28192612456834 103.21577031928913 -170.2071364225685 86.29852191507007 -176.7886239480107 34.04131177718533 -119.39539655505008 17.58637144746017 -108.45792473043136 23.70825949440494 -99.72400163877782 69.49194642932343
wavemap_14_1037462_1 -194.08321936613768 -31.652327932565207 -175.65978445074037 -48.27998401022649 -130.8258767510313 -37.40280495834008 -119.39539655505008 17.58637144746017 -176.7886239480107 34.04131177718533 -186.63338466952828 27.812803672459275
wavemap_13_30471_1 -139.04733393544134 -121.23245495392668 -179.81108706818654 -91.41468547525773 -175.65978445074037 -48.27998401022649 -130.8258767510313 -37.40280495834008 -96.3392210428522 -67.71307004621515 -96.91485800715738 -83.09530019981321
wavemap_12_508033_1 -89.53680791454924 -171.95929140524822 -138.43465115694858 -136.70170454484904 -139.04733393544134 -121.23245495392668 -96.91485800715738 -83.09530019981321 -54.27501021317952 -120.8035827356412 -71.07823196517029 -166.1366637466571
wavemap_11_164183_1 9.126606622536556 -175.18574277540364 -31.74605535451628 -193.65587956001357 -71.07823196517029 -166.1366637466571 -54.27501021317952 -120.8035827356412 -17.735876272352428 -109.42964701430131 3.56577657680986 -124.58826993704747
wavemap_64_4096341_1 86.81098854292566 -151.891428215076 57.739646084977906 -105.48208862298522 3.56577657680986 -124.58826993704747 9.126606622536556 -175.18574277540364 29.844087798157826 -186.6944114200892 84.61410699748384 -160.33724399731534
wavemap_43_1965538_1 102.3272618392931 -67.15602876492399 140.9107167209719 -92.10822358626129 137.0089233073029 -127.78744309106801 86.81098854292566 -151.891428215076 57.739646084977906 -105.48208862298522 64.53019328092685 -81.82663189354156
wavemap_38_882538_1 102.3272618392931 -67.15602876492399 140.9107167209719 -92.10822358626129 170.93257346309423 -75.31959325471718 173.92012640161252 -18.733905090775075 112.04539745886358 -9.453528321028884
wavemap_31_732889_1 110.20994628389349 -7.075263917955358 120.31686711224134 48.947204927307865 165.4318767625548 61.20487753861627 183.21631827152294 47.01077978553849 179.90845766871394 -14.132966891269515 173.92012640161252 -18.733905090775075 112.04539745886358 -9.453528321028884
wavemap_28_109669_2 88.07149798179952 76.60721655871549 89.51443611731482 100.18286631684262 129.4105843759852 131.7437287687457 166.97915894394075 107.46955028486762 165.4318767625548 61.20487753861627 120.31686711224134 48.947204927307865
wavemap_27_4107720_1 127.93280326992993 156.5953633191293 75.31513868268634 188.74116129111687 71.97825689773629 187.74340154363523 43.91450560954947 137.21774840597774 89.51443611731482 100.18286631684262 129.4105843759852 131.7437287687457
wavemap_26_575228_1 43.91450560954947 137.21774840597774 25.23342298845052 132.5875344951711 -11.220402560015884 161.3533001341062 -5.714424566738572 206.51446367504255 21.101013422710597 219.00894506274494 71.97825689773629 187.74340154363523
wavemap_25_3804978_1 -70.37132337877519 149.7347123266806 -84.2584413770276 202.76681813599328 -41.52376734536882 226.73839850987775 -5.714424566738572 206.51446367504255 -11.220402560015884 161.3533001341062 -58.178168326389674 142.82969856938095
wavemap_22_919138_3 -155.86374711512704 179.65701114856472 -102.36954550765677 210.63214393470017 -84.2584413770276 202.76681813599328 -70.37132337877519 149.7347123266806 -125.55205000375224 127.75916113823342 -157.3079624246553 171.69978042384986
wavemap_19_239987_1 -157.3079624246553 171.69978042384986 -125.55205000375224 127.75916113823342 -131.28192612456834 103.21577031928913 -170.2071364225685 86.29852191507007 -208.2810213886665 111.38464571087948 -206.70773710490062 143.1056585337333
wavemap_18_2481954_2 -240.82827210690266 40.33390452769719 -241.65767532247318 90.17035563125935 -208.2810213886665 111.38464571087948 -170.2071364225685 86.29852191507007 -176.7886239480107 34.04131177718533 -186.63338466952828 27.812803672459275
wavemap_16_3316405_2 -248.0814564978522 -38.27275059628399 -194.08321936613768 -31.652327932565207 -186.63338466952828 27.812803672459275 -240.82827210690266 40.33390452769719 -255.73474691437562 28.55313188217534 -253.95499970022811 -33.53860918344726
wavemap_53_524219_1 -248.0814564978522 -38.27275059628399 -246.44164174085242 -95.9511004007006 -220.6020391039809 -111.87416872585615 -179.81108706818654 -91.41468547525773 -175.65978445074037 -48.27998401022649 -194.08321936613768 -31.652327932565207
wavemap_46_2826169_1 -138.43465115694858 -136.70170454484904 -175.6181747558773 -175.13930921000068 -217.95644506978124 -152.90470332388446 -220.6020391039809 -111.87416872585615 -179.81108706818654 -91.41468547525773 -139.04733393544134 -121.23245495392668
wavemap_39_557526_1 -113.97384285364764 -224.2356827569388 -89.53680791454924 -171.95929140524822 -138.43465115694858 -136.70170454484904 -175.6181747558773 -175.13930921000068 -172.18575869702732 -197.00357138780578 -116.32005151929019 -225.14170849416698
wavemap_36_4100479_2 -113.97384285364764 -224.2356827569388 -89.53680791454924 -171.95929140524822 -71.07823196517029 -166.1366637466571 -31.74605535451628 -193.65587956001357 -36.86115642056103 -239.5435652670617 -59.411459162484434 -251.83921584276115
wavemap_34_4011872_1 9.126606622536556 -175.18574277540364 -31.74605535451628 -193.65587956001357 -36.86115642056103 -239.5435652670617 4.006525853910588 -259.0171029659948 40.22449930871006 -235.34244347664972 29.844087798157826 -186.6944114200892
wavemap_33_3657741_2 114.69690561795306 -212.0757318134151 66.51604087823105 -245.60016243445835 40.22449930871006 -235.34244347664972 29.844087798157826 -186.6944114200892 84.61410699748384 -160.33724399731534
wavemap_32_3491091_2 121.11907402405654 -213.72668967402703 172.58428095898518 -177.94227888833603 173.2893505158599 -160.40553882548144 137.0089233073029 -127.78744309106801 86.81098854292566 -151.891428215076 84.61410699748384 -160.33724399731534 114.69690561795306 -212.0757318134151
wavemap_31_2951740_2 173.2893505158599 -160.40553882548144 215.32651452274501 -130.59960098108553 213.27708206248198 -94.47614168871151 170.93257346309423 -75.31959325471718 140.9107167209719 -92.10822358626129 137.0089233073029 -127.78744309106801
wavemap_30_3537058_4 213.27708206248198 -94.47614168871151 170.93257346309423 -75.31959325471718 173.92012640161252 -18.733905090775075 179.90845766871394 -14.132966891269515 236.4068621544326 -21.03803533726041 241.79911281483638 -72.09487259366303
wavemap_29_3893042_1 183.21631827152294 47.01077978553849 179.90845766871394 -14.132966891269515 236.4068621544326 -21.03803533726041 249.4307441716368 -8.656768613792373 242.22235641595566 53.856882520702726 237.92107912081536 56.828251851306526
wavemap_28_3991666_3 208.11561864732514 128.5143187501718 166.97915894394075 107.46955028486762 165.4318767625548 61.20487753861627 183.21631827152294 47.01077978553849 237.92107912081536 56.828251851306526 231.1020503312765 116.32474998621774
wavemap_27_3053081_4 201.9119480454403 173.58171396863713 208.11561864732514 128.5143187501718 166.97915894394075 107.46955028486762 129.4105843759852 131.7437287687457 127.93280326992993 156.5953633191293 163.30510008015926 190.51472173020932
wavemap_26_2645934_4 163.30510008015926 190.51472173020932 127.93280326992993 156.5953633191293 75.31513868268634 188.74116129111687 105.12538640603245 240.99926463167822 157.30635005119512 220.02177734740675
wavemap_25_4089775_5 33.0776843687821 269.27362171421817 21.101013422710597 219.00894506274494 71.97825689773629 187.74340154363523 75.31513868268634 188.74116129111687 105.12538640603245 240.99926463167822 101.79654201401941 251.56422127525212 43.22918515171422 274.9424325783822
wavemap_24_1095205_4 -18.953438856633262 289.87010289059657 -43.68840866945982 272.5311551828167 -41.52376734536882 226.73839850987775 -5.714424566738572 206.51446367504255 21.101013422710597 219.00894506274494 33.0776843687821 269.27362171421817
wavemap_23_3655077_12 -41.52376734536882 226.73839850987775 -43.68840866945982 272.5311551828167 -83.43792021728532 286.8784753520322 -118.61529401201459 258.8225944019022 -102.36954550765677 210.63214393470017 -84.2584413770276 202.76681813599328
wavemap_22_4163813_7 -155.86374711512704 179.65701114856472 -102.36954550765677 210.63214393470017 -118.61529401201459 258.8225944019022 -144.56700431771105 266.1965970635267 -189.40228525978264 228.68594782420155
wavemap_21_2779235_13 -245.40342646913442 175.63744654886102 -206.70773710490062 143.1056585337333 -157.3079624246553 171.69978042384986 -155.86374711512704 179.65701114856472 -189.40228525978264 228.68594782420155 -197.26649517917585 230.04100336421882 -245.79170003939075 189.3907255187917
wavemap_20_2954021_19 -245.40342646913442 175.63744654886102 -287.20064777208216 140.2967329282398 -283.36043043247406 109.30716204319262 -241.65767532247318 90.17035563125935 -208.2810213886665 111.38464571087948 -206.70773710490062 143.1056585337333
wavemap_19_3845159_17 -240.82827210690266 40.33390452769719 -241.65767532247318 90.17035563125935 -283.36043043247406 109.30716204319262 -314.2477924175844 81.46575768176056 -306.0904895478517 36.89617181053274 -255.73474691437562 28.55313188217534
wavemap_18_3472857_16 -253.95499970022811 -33.53860918344726 -312.9971103121599 -39.40878040232124 -324.7588031167115 17.61718900040428 -306.0904895478517 36.89617181053274 -255.73474691437562 28.55313188217534
wavemap_17_1851996_10 -248.0814564978522 -38.27275059628399 -246.44164174085242 -95.9511004007006 -294.39861969690804 -113.9874178947855 -305.44577791088125 -108.34274953281125 -318.3326468788919 -46.17830881530843 -312.9971103121599 -39.40878040232124 -253.95499970022811 -33.53860918344726
wavemap_16_1362234_15 -246.44164174085242 -95.9511004007006 -294.39861969690804 -113.9874178947855 -282.8834873173153 -168.6001792173356 -255.40046484534332 -179.51119150727686 -217.95644506978124 -152.90470332388446 -220.6020391039809 -111.87416872585615
wavemap_15_3369533_9 -204.10263308998967 -235.09236446497647 -245.3414301386547 -221.5271262980936 -255.40046484534332 -179.51119150727686 -217.95644506978124 -152.90470332388446 -175.6181747558773 -175.13930921000068 -172.18575869702732 -197.00357138780578
wavemap_14_519977_12 -116.32005151929019 -225.14170849416698 -172.18575869702732 -197.00357138780578 -204.10263308998967 -235.09236446497647 -195.55240157512634 -263.1848426946051 -142.0674614513048 -279.2220025934582
wavemap_13_3946236_4 -69.758590064306 -304.6200553675977 -59.411459162484434 -251.83921584276115 -113.97384285364764 -224.2356827569388 -116.32005151929019 -225.14170849416698 -142.0674614513048 -279.2220025934582 -137.32940295357838 -290.8087736754426 -76.27762289194676 -308.8859129435854
wavemap_12_3156442_13 -69.758590064306 -304.6200553675977 -13.185958816673761 -321.3295670841778 6.555746757787679 -305.4249600299636 4.006525853910588 -259.0171029659948 -36.86115642056103 -239.5435652670617 -59.411459162484434 -251.83921584276115
wavemap_11_2479897_3 51.67180999078222 -317.8383747870578 80.63835676611416 -291.07642827440947 66.51604087823105 -245.60016243445835 40.22449930871006 -235.34244347664972 4.006525853910588 -259.0171029659948 6.555746757787679 -305.4249600299636
wavemap_10_2321769_4 121.11907402405654 -213.72668967402703 150.49772084875985 -262.1702188460518 113.85726995175041 -298.50962332811446 80.63835676611416 -291.07642827440947 66.51604087823105 -245.60016243445835 114.69690561795306 -212.0757318134151
wavemap_9_2961765_3 121.11907402405654 -213.72668967402703 150.49772084875985 -262.1702188460518 169.2427923651092 -264.8254796948181 214.1855653908746 -219.4038802239439 172.58428095898518 -177.94227888833603
wavemap_8_2266567_2 172.58428095898518 -177.94227888833603 214.1855653908746 -219.4038802239439 214.4597605999997 -219.41333061200376 259.5752395110686 -173.8962555613859 256.8775617664041 -155.72453978961673 215.32651452274501 -130.59960098108553 173.2893505158599 -160.40553882548144
wavemap_20_3758587_2 256.8775617664041 -155.72453978961673 315.6229412367546 -95.41732142578375 241.79911281483638 -72.09487259366303 213.27708206248198 -94.47614168871151 215.32651452274501 -130.59960098108553
wavemap_19_3570712_3 241.79911281483638 -72.09487259366303 236.4068621544326 -21.03803533726041 249.4307441716368 -8.656768613792373 579.4881849157904 -31.83418296279745 315.6229412367546 -95.41732142578375
wavemap_18_3070080_9 579.4881849157904 -31.83418296279745 102.3272618392931 -67.15602876492399 242.22235641595566 53.856882520702726 249.4307441716368 -8.656768613792373
wavemap_17_1677227_20 231.1020503312765 116.32474998621774 102.3272618392931 -67.15602876492399 242.22235641595566 53.856882520702726 237.92107912081536 56.828251851306526
wavemap_16_3246486_18 102.3272618392931 -67.15602876492399 231.1020503312765 116.32474998621774 208.11561864732514 128.5143187501718 201.9119480454403 173.58171396863713
wavemap_15_3718944_22 102.3272618392931 -67.15602876492399 157.30635005119512 220.02177734740675 163.30510008015926 190.51472173020932 201.9119480454403 173.58171396863713
wavemap_14_3893615_38 102.3272618392931 -67.15602876492399 101.79654201401941 251.56422127525212 105.12538640603245 240.99926463167822 157.30635005119512 220.02177734740675
wavemap_13_2379714_33 102.3272618392931 -67.15602876492399 101.79654201401941 251.56422127525212 43.22918515171422 274.9424325783822
wavemap_12_4447068_59 102.3272618392931 -67.15602876492399 43.22918515171422 274.9424325783822 33.0776843687821 269.27362171421817 -18.953438856633262 289.87010289059657
wavemap_11_2985218_73 102.3272618392931 -67.15602876492399 -83.43792021728532 286.8784753520322 -43.68840866945982 272.5311551828167 -18.953438856633262 289.87010289059657
wavemap_10_350507_67 -118.61529401201459 258.8225944019022 -83.43792021728532 286.8784753520322 102.3272618392931 -67.15602876492399 -144.56700431771105 266.1965970635267
wavemap_9_2271155_56 -189.40228525978264 228.68594782420155 -144.56700431771105 266.1965970635267 102.3272618392931 -67.15602876492399 -197.26649517917585 230.04100336421882
wavemap_8_3811762_73 -245.79170003939075 189.3907255187917 102.3272618392931 -67.15602876492399 -197.26649517917585 230.04100336421882
wavemap_7_4562409_42 -245.40342646913442 175.63744654886102 -287.20064777208216 140.2967329282398 102.3272618392931 -67.15602876492399 -245.79170003939075 189.3907255187917
wavemap_6_48677_26 -283.36043043247406 109.30716204319262 -314.2477924175844 81.46575768176056 102.3272618392931 -67.15602876492399 -287.20064777208216 140.2967329282398
wavemap_5_244947_1 -314.2477924175844 81.46575768176056 102.3272618392931 -67.15602876492399 -324.7588031167115 17.61718900040428 -306.0904895478517 36.89617181053274
wavemap_4_2705331_30 -318.3326468788919 -46.17830881530843 102.3272618392931 -67.15602876492399 -324.7588031167115 17.61718900040428 -312.9971103121599 -39.40878040232124
wavemap_2_2387_1 -305.44577791088125 -108.34274953281125 102.3272618392931 -67.15602876492399 -318.3326468788919 -46.17830881530843
wavemap_1_531576_131 -282.8834873173153 -168.6001792173356 102.3272618392931 -67.15602876492399 -305.44577791088125 -108.34274953281125 -294.39861969690804 -113.9874178947855
wavemap_8_4342010_7 -255.40046484534332 -179.51119150727686 -245.3414301386547 -221.5271262980936 102.3272618392931 -67.15602876492399 -282.8834873173153 -168.6001792173356
wavemap_7_1980308_14 -204.10263308998967 -235.09236446497647 -245.3414301386547 -221.5271262980936 102.3272618392931 -67.15602876492399 -195.55240157512634 -263.1848426946051
wavemap_6_2854843_56 -142.0674614513048 -279.2220025934582 -195.55240157512634 -263.1848426946051 102.3272618392931 -67.15602876492399 -137.32940295357838 -290.8087736754426
wavemap_5_3340591_22 -76.27762289194676 -308.8859129435854 102.3272618392931 -67.15602876492399 -137.32940295357838 -290.8087736754426
wavemap_4_1637749_162 -69.758590064306 -304.6200553675977 -13.185958816673761 -321.3295670841778 102.3272618392931 -67.15602876492399 -76.27762289194676 -308.8859129435854
wavemap_3_2155674_12 102.3272618392931 -67.15602876492399 -13.185958816673761 -321.3295670841778 6.555746757787679 -305.4249600299636 51.67180999078222 -317.8383747870578
wavemap_2_3206938_145 102.3272618392931 -67.15602876492399 113.85726995175041 -298.50962332811446 80.63835676611416 -291.07642827440947 51.67180999078222 -317.8383747870578
wavemap_1_3562069_4732 150.49772084875985 -262.1702188460518 113.85726995175041 -298.50962332811446 102.3272618392931 -67.15602876492399 169.2427923651092 -264.8254796948181
wavemap_3_3191982_1 214.1855653908746 -219.4038802239439 169.2427923651092 -264.8254796948181 102.3272618392931 -67.15602876492399 214.4597605999997 -219.41333061200376
wavemap_2_1898436_7 259.5752395110686 -173.8962555613859 102.3272618392931 -67.15602876492399 214.4597605999997 -219.41333061200376
wavemap_1_4136_19 256.8775617664041 -155.72453978961673 315.6229412367546 -95.41732142578375 579.4881849157904 -31.83418296279745 102.3272618392931 -67.15602876492399 259.5752395110686 -173.8962555613859
