wavemap_6_2182_1 20.512911138601943 0.0 90.0 20.33542652872466 437463 2205691.0 996 2 4
154 555 838 953 991 996
wavemap_5_2061_1 -66.61063507012693 46.09772393152499 225.0 20.36872942030113 617209 2456435.0 610 3 4
1 100 342 510 587 607 610
wavemap_3_42_1 -93.61748489796918 -21.372169909867115 286.2963151599803 20.445867333876322 1663172 4096817.0 411 2 4
72 236 340 392 409 411
wavemap_10_196384_1 -51.50507625930487 -79.74578938214502 338.76203133230786 20.184964082703118 54855 455451.0 579 3 4
1 84 322 486 559 576 579
wavemap_9_28722_1 19.872773987384832 -84.79065967054717 385.4684017365713 20.210930115954536 79059 581439.0 511 2 4
93 248 430 494 509 511
wavemap_8_27645_1 73.63878065574346 -38.00763835583678 428.0168026047548 20.261680259804915 156664 1041303.0 765 3 4
2 114 395 645 734 761 765
wavemap_7_30601_1 83.1126212147471 32.42153238078122 467.37344277180426 20.29576969634061 245548 1402209.0 619 3 4
2 95 350 521 595 615 619
wavemap_4_1243_1 46.893411863814485 93.3801223511765 504.17641321490566 20.301675213419724 191225 561204.0 267 2 4
31 148 224 256 266 267
wavemap_2_13_1 -18.12788666890195 121.35485405330249 538.8740932758658 20.43697812277583 737776 912685.0 55 2 3
9 31 45 52 55
wavemap_17_389660_1 -87.57229807038544 108.171667113065 571.7962166706644 19.939103778450633 2783 38840.0 121 4 3
1 9 17 52 111 119 121
wavemap_15_275340_1 -139.12410667615862 59.93075325955089 603.1938707090582 19.983912360067468 4171 47174.0 132 3 4
2 22 68 117 128 131 132
wavemap_14_1037462_1 -158.56350762873097 -7.871981779145919 633.2636109057802 19.96792344787158 3546 38123.0 127 4 4
1 1 24 58 112 124 126 127
wavemap_13_30471_1 -141.9472903846316 -76.3612423389476 662.1627988280201 20.0797184594395 13645 142324.0 284 3 4
15 39 134 248 275 283 284
wavemap_12_508033_1 -94.6858722171994 -128.5738569431119 690.0197863160001 20.059677204778943 10585 103101.0 236 4 4
1 1 41 119 204 229 235 236
wavemap_11_164183_1 -28.691399704261997 -153.03545830153448 716.9409211341243 20.105142306304465 18208 151196.0 188 3 4
2 24 98 157 181 187 188
wavemap_64_4096341_1 41.23125602233313 -145.35072657424755 743.0155109812833 19.643581205905953 106 4043.0 8 2 3
1 4 7 7 8
wavemap_43_1965538_1 100.81588754452758 -108.02623018112172 768.3194305810374 19.752249314729706 199 6503.0 16 2 2
5 9 13 16
wavemap_38_882538_1 138.98057240511463 -49.01236759566478 792.9178002646232 19.668129723505025 156 3946.0 10 2 2
2 5 8 10
wavemap_31_732889_1 149.40087933265627 20.462577510418672 816.8670129962097 19.645569527275068 177 3620.0 12 3 2
1 3 3 10 12
wavemap_28_109669_2 130.98772445053473 88.23316386408364 840.2162940172763 20.157001022782534 347 7315.0 15 2 3
3 7 13 14 15
wavemap_27_4107720_1 87.43119073247968 143.29306374791955 863.0089186655882 19.704385579537114 177 3320.0 3 2 1
1 1 3
wavemap_26_575228_1 26.075489097416103 177.372210554936 885.2831758560422 19.739750915163718 180 4001.0 5 2 2
1 2 4 5
wavemap_25_3804978_1 -43.57500147055774 185.86388876293023 907.0731393841897 19.741089350181813 217 4180.0 8 2 2
1 4 7 8
wavemap_22_919138_3 -111.43603245667859 168.09363185146822 928.4092919963373 20.27798216938077 742 12985.0 56 3 2
3 11 25 49 56
wavemap_19_239987_1 -168.27880055796174 127.01332859372756 949.3190352372641 19.805923559838234 763 10876.0 43 2 2
8 22 34 43
wavemap_18_2481954_2 -206.8575144613128 68.46137663606561 969.8271096702055 20.132888130009928 426 5331.0 28 4 3
1 1 2 15 25 27 28
wavemap_16_3316405_2 -222.63881459410206 0.15541902099265287 989.9559440326464 20.1662788592094 776 9263.0 43 3 3
1 6 17 38 42 43
wavemap_53_524219_1 -214.10900595076558 -69.41636713326312 1009.7259475066737 19.623667855585197 109 3108.0 4 2 1
1 1 4
wavemap_46_2826169_1 -182.68921262936632 -132.05936092980886 1029.1557560522424 19.584587694913157 96 2481.0 4 2 2
1 2 3 4
wavemap_39_557526_1 -132.3274516772771 -180.77799839847975 1048.2624413426627 19.63750395911761 105 2624.0 5 2 1
2 2 5
wavemap_36_4100479_2 -68.85971793680403 -210.44651963375776 1067.0616890247657 20.07276617803217 118 3012.0 13 2 3
2 8 10 12 13
wavemap_34_4011872_1 0.7592464557395111 -218.20694671771798 1085.567951641698 19.52901449294866 67 1308.0 3 2 2
1 1 2 3
wavemap_33_3657741_2 69.25831271473206 -203.59076460720163 1103.794580490985 20.06983172248313 115 2741.0 14 2 3
2 9 12 13 14
wavemap_32_3491091_2 129.80079869970297 -168.3889740109616 1121.7539398634349 20.04184420898386 86 1721.0 4 2 1
1 1 4
wavemap_31_2951740_2 176.61751832468448 -116.31571374685778 1139.4575064609444 20.03869041791217 87 1704.0 5 2 2
1 3 4 5
wavemap_30_3537058_4 205.4770977785457 -52.52318271918295 1156.91595628032 20.29571077519573 136 2426.0 4 2 1
1 1 4
wavemap_29_3893042_1 213.9702751839252 16.969390188867028 1174.1392408440975 19.606200316092394 84 1595.0 1 0 0
1
wavemap_28_3991666_3 201.60491857337897 85.87143255421282 1191.1366543342917 20.21962401436562 146 2817.0 19 2 2
2 11 16 19
wavemap_27_3053081_4 169.72544427630382 148.18662086093076 1207.9168929231173 20.287214104376492 90 1761.0 6 2 2
1 2 5 6
wavemap_26_2645934_4 121.28333509684865 198.7037516168442 1224.488107382477 20.267132501263863 66 1155.0 7 3 1
1 1 2 7
wavemap_25_4089775_5 60.49419017702552 233.38046877859733 1240.8579498809593 20.307687364746123 59 894.0 5 2 2
1 2 4 5
wavemap_24_1095205_4 -7.57875051064909 249.60035250729982 1257.0336157352444 20.29374614766958 160 2362.0 13 2 2
4 6 10 13
wavemap_23_3655077_12 -77.47399082166788 246.29637745694188 1273.0218807659344 20.433746659419626 84 1457.0 12 3 2
1 1 6 9 12
wavemap_22_4163813_7 -143.7760154760929 223.94493630163245 1288.8291348110338 20.38623236311994 147 2201.0 13 3 1
1 1 5 13
wavemap_21_2779235_13 -201.52138093797404 184.44387277596252 1304.461411869805 20.442557552530342 128 1962.0 27 2 3
5 14 22 26 27
wavemap_20_2954021_19 -246.54043662161865 130.89491341979735 1319.9244172824212 20.469005526778492 219 2924.0 13 3 2
1 2 7 10 13
wavemap_19_3845159_17 -275.7161807681225 67.31539617417263 1335.2235522943986 20.459321136873584 136 1625.0 8 2 2
2 2 7 8
wavemap_18_3472857_16 -287.1497405221928 -1.6936697423785352 1350.3639363071964 20.456421329503 154 1926.0 20 3 2
1 3 10 17 20
wavemap_17_1851996_10 -280.2296159721654 -71.29619816904317 1365.3504270761491 20.43177877203716 268 3196.0 11 3 2
1 1 4 10 11
wavemap_16_1362234_15 -255.60867462541196 -136.76111038356953 1380.1876390827272 20.45601486496274 196 2429.0 24 4 3
1 1 2 12 22 23 24
wavemap_15_3369533_9 -215.09858915146418 -193.77203310064672 1394.8799602790177 20.406130015140448 111 1196.0 13 2 2
2 7 10 13
wavemap_14_519977_12 -161.49576997725916 -238.6890364623836 1409.431567377444 20.435354774770122 135 1305.0 10 3 2
1 2 4 9 10
wavemap_13_3946236_4 -98.35576774283913 -268.7497369026062 1423.8464398373967 20.27963708178239 155 1496.0 11 3 2
1 1 3 10 11
wavemap_12_3156442_13 -29.734624965876314 -282.202193387534 1438.128372682108 20.441186816107866 149 1416.0 29 4 3
1 1 2 15 24 28 29
wavemap_11_2479897_3 40.08415727118332 -278.3669915397818 1452.2809882632484 20.174186419645626 107 874.0 11 3 2
1 2 5 9 11
wavemap_10_2321769_4 106.859337603326 -257.630456278955 1466.3077470770304 20.26004285860949 112 911.0 31 2 3
8 17 25 29 31
wavemap_9_2961765_3 166.64254630777742 -221.3748447536521 1480.2119577237106 20.161136359675822 97 715.0 21 2 2
7 9 18 21
wavemap_8_2266567_2 215.9966173375756 -171.85450109487996 1493.9967860920335 19.992977682957306 128 618.0 7 3 2
1 1 2 6 7
wavemap_20_3758587_2 252.17155306307896 -112.02922252121276 1507.6652638411367 19.92731424069932 37 420.0 3 2 2
1 2 2 3
wavemap_19_3570712_3 273.2313557278507 -45.36747230301346 1521.2202962445533 20.131887899335183 41 428.0 3 2 1
1 1 3
wavemap_18_3070080_9 278.1283026954353 24.367389370639806 1534.6646694540198 20.384706719862976 39 416.0 3 2 1
1 1 3
wavemap_17_1677227_20 266.7244218320298 93.33492673288363 1548.001057234737 20.455218756881266 42 425.0 5 2 2
1 3 4 5
wavemap_16_3246486_18 239.76278724768375 157.82748436146105 1561.2320272183674 20.448591020011595 40 410.0 4 2 2
1 2 3 4
wavemap_15_3718944_22 198.79368938449764 214.46151633793892 1574.3600467153508 20.461777883331038 44 430.0 3 2 1
1 1 3
wavemap_14_3893615_38 146.06265982882846 260.34168877629577 1587.3874881239287 20.482348892845636 40 407.0 8 2 2
1 5 6 8
wavemap_13_2379714_33 84.36870899601877 293.1911807897677 1600.316633969587 20.478413916361077 43 388.0 3 2 1
1 1 3
wavemap_12_4447068_59 16.90195574905392 311.4438602956421 1613.1496816053414 20.493667598084684 44 397.0 5 2 2
1 2 4 5
wavemap_11_2985218_73 -52.92988738057772 314.2962625683079 1625.8887476003629 20.497084061965452 54 419.0 6 2 2
2 3 5 6
wavemap_10_350507_67 -121.67691703216593 301.71944048217625 1638.5358718418595 20.496143603282185 59 423.0 9 2 2
2 4 8 9
wavemap_9_2271155_56 -186.01571004454826 274.432694079457 1651.093021372792 20.492575394565602 58 383.0 11 2 3
2 7 9 10 11
wavemap_8_3811762_73 -242.90363264037495 233.84285226318087 1663.562093985941 20.496996389674187 59 360.0 11 3 2
1 2 5 9 11
wavemap_7_4562409_42 -289.7124174848053 181.95412115385776 1675.9449215929772 20.48144830862928 36 196.0 14 2 3
1 8 12 13 14
wavemap_6_48677_26 -324.3360817429417 121.25450289429837 1688.2432733855273 20.464038203037557 38 192.0 1 0 0
1
wavemap_5_244947_1 -345.2698015562999 54.585415866638165 1700.4588588037263 18.783692965173408 18 65.0 4 2 2
1 2 3 4
wavemap_4_2705331_30 -351.65791992609707 -14.998579724204465 1712.5933303264026 20.467383048880453 51 157.0 14 3 2
1 4 5 11 14
wavemap_2_2387_1 -343.3107742613422 -84.37310535006564 1724.6482860958336 19.135000770968745 67 130.0 1 0 0
1
wavemap_1_531576_131 -320.6914254614676 -150.4838461207164 1736.6252723889056 20.50251085446976 125 124.0 17 2 3
1 13 14 16 17
wavemap_8_4342010_7 -284.87460262546057 -210.47710808526207 1748.5257859455323 20.26419476668944 13 56.0 2 1 1
1 2
wavemap_7_1980308_14 -237.4812089461002 -261.8159777607448 1760.3512761642853 20.38994312737733 15 56.0 1 0 0
1
wavemap_6_2854843_56 -180.59254017223935 -302.3779699692409 1772.103147174384 20.481786316800093 14 56.0 4 2 1
1 1 4
wavemap_5_3340591_22 -116.64893437401554 -330.5311044758228 1783.782759792451 20.433307344630016 16 56.0 5 2 2
1 3 4 5
wavemap_4_1637749_162 -48.33789898520166 -345.1864492380304 1795.3914333717757 20.502362921425554 18 56.0 2 1 1
1 2
wavemap_3_2155674_12 21.523143440931776 -345.8262595994064 1806.9304475512224 20.339045948797903 12 27.0 1 0 0
1
wavemap_2_3206938_145 90.10446879456524 -332.5078849450476 1818.40104391036 20.50063144291087 32 43.0 2 1 1
1 2
wavemap_1_3562069_4732 154.67731298904263 -305.84456996867135 1829.80442753689 20.51256488979662 57 56.0 4 1 2
2 3 4
wavemap_3_3191982_1 212.71854319289577 -266.96511665219236 1841.1417685119948 16.517120530231928 4 6.0 1 0 0
1
wavemap_2_1898436_7 262.0031031371001 -217.45507269471668 1852.4142033187948 19.99104231861034 5 6.0 1 0 0
1
wavemap_1_4136_19 300.6812952649444 -159.28265736652605 1863.6228361787303 20.32279824459601 7 6.0 2 1 1
1 2
