0 0 4.459431618637297 ground
1 0.11775662532987746 4.643856189774724 inner
1 0.11775662532987746 8.129283016944967 outer
1 0.11775662532987746 1.0 ground
2 0.3243190989337611 3.321928094887362 inner
2 0.3243190989337611 4.523561956057013 outer
2 0.3243190989337611 1.584962500721156 ground
3 0.5507645511229201 3.169925001442312 inner
3 0.5507645511229201 4.584962500721156 outer
3 0.5507645511229201 1.584962500721156 ground
4 0.766391611639096 3.321928094887362 inner
4 0.766391611639096 4.754887502163468 outer
4 0.766391611639096 1.584962500721156 ground
5 0.9283166708704892 4.321928094887363 inner
5 0.9283166708704892 5.882643049361842 outer
5 0.9283166708704892 2.0 ground
6 1.1469831766188565 4.169925001442312 inner
6 1.1469831766188565 6.965784284662087 outer
