0 0 9.221587121264806 ground
1 0.04262574792339481 11.406205005418855 inner
1 0.04262574792339481 14.650939537018582 outer
1 0.04262574792339481 7.400879436282184 ground
2 0.09590424799782138 10.318542809702723 inner
2 0.09590424799782138 13.638888382252262 outer
2 0.09590424799782138 5.672425341971495 ground
3 0.1651655231349468 9.047123912114026 inner
3 0.1651655231349468 12.282509306240836 outer
3 0.1651655231349468 4.247927513443585 ground
4 0.2489865343646651 6.882643049361842 inner
4 0.2489865343646651 9.618385502258606 outer
4 0.2489865343646651 4.087462841250339 ground
5 0.34577322367340757 7.108524456778169 inner
5 0.34577322367340757 10.452241240430817 outer
5 0.34577322367340757 3.0 ground
6 0.4416483977753106 6.189824558880018 inner
6 0.4416483977753106 7.794415866350106 outer
6 0.4416483977753106 3.0 ground
7 0.5586047018977328 6.303780748177103 inner
7 0.5586047018977328 9.211888294546004 outer
7 0.5586047018977328 2.807354922057604 ground
8 0.6646487118295414 6.954196310386875 inner
8 0.6646487118295414 8.758223214726724 outer
8 0.6646487118295414 3.807354922057604 ground
9 0.7579866825383664 7.149747119504682 inner
9 0.7579866825383664 8.930737337562887 outer
9 0.7579866825383664 3.700439718141092 ground
10 0.8477048055884413 6.539158811108031 inner
10 0.8477048055884413 8.379378367071261 outer
10 0.8477048055884413 3.0 ground
11 0.9429233314116283 6.22881869049588 inner
11 0.9429233314116283 7.22881869049588 outer
11 0.9429233314116283 2.584962500721156 ground
12 1.0519199123601723 6.321928094887363 inner
12 1.0519199123601723 8.257387842692651 outer
12 1.0519199123601723 3.169925001442312 ground
13 1.1527741197238113 6.475733430966398 inner
13 1.1527741197238113 8.335390354693924 outer
13 1.1527741197238113 3.9068905956085187 ground
14 1.268697144686096 6.459431618637297 inner
14 1.268697144686096 9.221587121264806 outer
