0 0 ground 0.5028462998102466 1.0 0.46489563567362435
0 1 inner 0.21189120809614148 1.0 0.7558507273877295 246
0 0 ceil 0.6502817579392273 0.7627013766237172 0.800403030066428
0 1 outer 0.6251882404207159 0.7668783565813977 0.8068615723693267
0 1 next 0.5941966846127544 0.7751194380799913 0.8156781955146017
1 1 ground 1.0 0.8286129266521426 0.0
1 2 inner 1.0 0.8867102396514164 0.0 20
1 1 ceil 0.9835547122074635 0.9448075526506902 0.0
1 2 outer 0.4142947501581275 1.0 0.5534471853257434
1 2 next 0.9582542694497153 0.973856209150327 0.009487666034155628
2 2 ground 1.0 0.40740740740740755 0.0
2 3 inner 1.0 0.4509803921568629 0.0 113
2 2 ceil 0.78 0.78 0.78
2 3 outer 0.4919573951090197 0.8250314158070575 0.8502071371465278
