0 0 ground 0.7797857263070164 0.779913034481696 0.780010253062068
0 1 inner 0.7798369547606259 0.7799338071616057 0.7800077927534634 221030
0 0 ceil 0.7799358426505046 0.7799739390748788 0.7800030595558572
0 1 outer 0.7799213308404088 0.7799680469268715 0.780003752831952
0 1 next 0.7798977803982305 0.7799584869130309 0.7800048788801033
1 1 ground 0.7795383714250081 0.7798129021978057 0.7800222121782969
1 2 inner 0.7796682414110321 0.7798654404737801 0.7800159167852425 103266
1 1 ceil 0.7798830157405732 0.7799524946675117 0.7800055854524657
1 2 outer 0.7798442725944452 0.7799367754520208 0.7800074417676817
1 2 next 0.7798130311381531 0.7799241048612156 0.7800089410099879
2 2 ground 0.7791404501937008 0.7796524022903574 0.7800417271739405
2 3 inner 0.7793826771370249 0.7797500178655227 0.7800298072489473 57213
2 2 ceil 0.7798167275566433 0.7799256037853498 0.7800087635132155
2 3 outer 0.7797324517238012 0.7798914447733994 0.7800128176413622
2 3 next 0.7796873146314236 0.7798731629103658 0.7800149952787294
3 3 ground 0.7783209858877984 0.7793241393725134 0.7800829855614557
3 4 inner 0.7788022541048975 0.779516557609939 0.7800585803974228 30583
3 3 ceil 0.779703150156866 0.7798795757136288 0.7800142307943477
3 4 outer 0.7795255127512213 0.7798077044546629 0.7800228374731797
3 4 next 0.7794991911415425 0.7797970670567169 0.7800241185571211
4 4 ground 0.7765124399206144 0.778610435179055 0.7801791050923531
4 5 inner 0.7776221789197557 0.779046615046805 0.780119302084836 13688
4 4 ceil 0.7794063348980714 0.7797595660479131 0.7800286498170824
4 5 outer 0.7790827866373518 0.7796292035981014 0.7800445833543301
4 5 next 0.7790149264373127 0.7796019220223852 0.7800479537334308
5 5 ground 0.7732058694678606 0.7773437305211736 0.7803726202565536
5 6 inner 0.7755277244998129 0.7782280541845108 0.7802343465026143 6998
5 5 ceil 0.7789807319445765 0.7795881828641841 0.7800496557977941
5 6 outer 0.7782336498113328 0.7792893337084833 0.7800874674462018
5 6 next 0.7784274105171779 0.7793665990613222 0.7800775461118973
6 6 ground 0.7675775759637213 0.7753002599168702 0.7807536398637107
6 7 inner 0.7717495396712646 0.776801411316707 0.7804650371748039 4111
6 6 ceil 0.7786557150683355 0.7794578578513048 0.7800659589459433
6 7 outer 0.7772469906599624 0.7788985250859025 0.7801392288358637
6 7 next 0.7777625919518708 0.7791022011128733 0.7801119214466882
7 7 ground 0.754308811989681 0.7710363916520002 0.7818973728120275
7 8 inner 0.7656094564069829 0.7746189449863803 0.7809018645315984 1580
7 7 ceil 0.7757951107540493 0.7783314518931221 0.7802191449139502
7 8 outer 0.7730883460548786 0.7772996136082883 0.7803799163732296
7 8 next 0.7744999425632156 0.7778336121102852 0.7802941708954202
8 8 ground 0.7410720393840762 0.7675419215988244 0.783359778569878
8 9 inner 0.759124992806273 0.7724949785799159 0.7814435497911173 928
8 8 ceil 0.7721664668506936 0.7769556991615508 0.7804381348125378
8 9 outer 0.7687777996642026 0.7757241812918257 0.7806670235365422
8 9 next 0.7705789660468454 0.7763723846396816 0.780542464702459
9 9 ground 0.7302611183869272 0.7652377586772174 0.7847753289657085
9 10 inner 0.7549960456426474 0.7712383617216421 0.7818299890955356 663
9 9 ceil 0.7693490364869965 0.775928192877112 0.7806268120861298
9 10 outer 0.765118621028358 0.7744517000183005 0.7809400198258312
9 10 next 0.7702714396180751 0.7762606883157975 0.7805632678598712
10 10 ground 0.7173315507923078 0.7631174867642062 0.7867117711726489
10 11 inner 0.7493991793115868 0.7696527966458651 0.7824037027249768 536
10 10 ceil 0.7678265015794561 0.7753876550217763 0.7807354394405379
10 11 outer 0.763850833526866 0.7740246408108318 0.7810407510425573
10 11 next 0.7665378997039075 0.7749382118173087 0.7808309869479261
11 11 ground 0.7310130695264475 0.7653822437127811 0.7846707188474215
11 12 inner 0.7519120371650663 0.7703479805736393 0.782139120177004 449
11 11 ceil 0.7616647208653836 0.7733048627264479 0.7812217660654216
11 12 outer 0.7592470455137874 0.7725332542566508 0.7814326116963868
11 12 next 0.7623081783358918 0.7735145399150316 0.781167529864343
12 12 ground 0.723741594583234 0.7640829799742055 0.7857196457662854
12 13 inner 0.7487654157596579 0.7694817455900812 0.7824722112718927 426
12 12 ceil 0.761682621609523 0.7733106712932186 0.7812202464937078
12 13 outer 0.7575082884440025 0.7719941114257236 0.7815910773482453
12 13 next 0.7605099629852201 0.7729331264984641 0.7813210860246123
13 13 ground 0.7203836754626107 0.7635563100141163 0.7862316399204159
13 14 inner 0.7450252162005531 0.7685072407655559 0.7828909121123919 366
13 13 ceil 0.7581034401755146 0.7721771689150594 0.7815361984616712
13 14 outer 0.7557016639642751 0.7714478637213742 0.7817617061071054
13 14 next 0.763052324046714 0.7737592953442771 0.7811058000824276
14 14 ground 0.7233522248147444 0.7640195453479802 0.7857781327700704
14 15 inner 0.7453148776818982 0.7685805808243616 0.7828576133564612 717
14 14 ceil 0.7706916901063069 0.776413432735597 0.7805348873090435
14 15 outer 0.7621724809479501 0.7734701702851392 0.7811789014639027
14 15 next 0.7674973289131094 0.7752721446570852 0.7807595334813086
15 15 ground 0.7100591940860633 0.7622238213671741 0.7879110923784022
15 16 inner 0.732270367983584 0.7656290733754055 0.7844978265311571 328
15 15 ceil 0.7488153714924456 0.7694951660300183 0.7824667853075725
15 16 outer 0.745912101143061 0.7687329205265159 0.782789417709981
15 16 next 0.7550260249120719 0.7712472188390532 0.781827069344085
16 16 ground 0.7137330206718023 0.7626486262016524 0.78729559869825
16 17 inner 0.721737401043385 0.7637630893628413 0.786023169042835 718
16 16 ceil 0.7722189791532181 0.7769751870163989 0.7804347716794053
16 17 outer 0.7624586773444777 0.7735638439006729 0.7811549592979836
16 17 next 0.7543939139769448 0.7710612912414687 0.7818889815314162
17 17 ground 0.5491605208169277 0.792926525586757 0.8299471565940266
17 18 inner 0.5918380439558917 0.7758828110245123 0.8163844076607474 201
17 17 ceil 0.7693924813718152 0.7759437682265614 0.7806237806769132
17 18 outer 0.7280449701779029 0.7648255534942343 0.7850888564301092
17 18 next 0.7496671175878822 0.7697256302810171 0.782374953662448
18 18 ground 0.17944828552318348 0.990094206903808 0.8138361295245725
18 19 inner 0.18860727559312873 0.9854682989639536 0.8182278547542428 79
18 18 ceil 0.78 0.78 0.78
18 19 outer 0.6493252610041499 0.7628186828085352 0.8006372014603657
