0 0 ground 0.7798891571863129 0.7799549870566534 0.7800052914924154
0 1 inner 0.7799187323420742 0.7799669919744432 0.7800038770186049 281892
0 0 ceil 0.7799618935012453 0.7799845187575969 0.7800018161630222
0 1 outer 0.7799499993378478 0.7799796879575042 0.78000238368317
0 1 next 0.779944654473714 0.7799775173569717 0.7800026388083924
1 1 ground 0.7797704026030161 0.7799068231756385 0.7800109901012251
1 2 inner 0.7798458037814864 0.779937396569336 0.7800073683418642 117027
1 1 ceil 0.7799211420264694 0.7799679702701309 0.7800037618552002
1 2 outer 0.7798987430222162 0.7799588776290073 0.7800048328294378
1 2 next 0.7798989093636413 0.7799589451451553 0.7800048248720854
2 2 ground 0.7796254167444272 0.7798481074887564 0.7800179886784706
2 3 inner 0.7797584285899644 0.7799019703755994 0.7800115663794231 69726
2 2 ceil 0.7798798189098011 0.7799511973623358 0.7800057385008503
2 3 outer 0.7798450403191327 0.7799370868738412 0.7800074049519438
2 3 next 0.7798471453802419 0.7799379407900059 0.7800073040116308
3 3 ground 0.77944978639821 0.7797771095333675 0.7800265271328445
3 4 inner 0.7796507820105285 0.7798583728965564 0.7800167610085988 43227
3 3 ceil 0.7798143408789496 0.7799246359633677 0.7800088781147217
3 4 outer 0.7797680362346734 0.7799058640877117 0.7800111039638867
3 4 next 0.7797742319609119 0.7799083752664575 0.7800108058694023
4 4 ground 0.7791885924909467 0.7796717820404111 0.7800393480668386
4 5 inner 0.7795103158285657 0.7798015625116621 0.7800235769319239 31066
4 4 ceil 0.779760110479897 0.7799026519686649 0.7800114854157607
4 5 outer 0.7796819043560844 0.7798709722098734 0.7800152565919619
4 5 next 0.7797065781520542 0.7798809640752637 0.7800140653737588
5 5 ground 0.7789023860756071 0.7795567239413514 0.7800535649942194
5 6 inner 0.7793383987024445 0.7797321540917097 0.7800319767606663 19945
5 5 ceil 0.7796353808424564 0.7798521396436416 0.7800175062543683
5 6 outer 0.7795403144697732 0.7798136876822364 0.7800221177223756
5 6 next 0.7795853241374578 0.7798318878421902 0.7800199319729048
6 6 ground 0.7786933079200687 0.7794729072860698 0.7800640616827396
6 7 inner 0.7791757636600474 0.7796666167475493 0.7800399815585242 13527
6 6 ceil 0.779464301953138 0.779782972081234 0.7800258189268945
6 7 outer 0.7793673937355894 0.7797438508949558 0.7800305556137648
6 7 next 0.7794343157019828 0.7797708622767615 0.7800272824386699
7 7 ground 0.7783065923913005 0.7793184008154825 0.7800837230816958
7 8 inner 0.7789864432002318 0.7795904772458566 0.7800493713399899 11558
7 7 ceil 0.7794015435002491 0.7797576320525968 0.7800288841341306
7 8 outer 0.7792566331321655 0.7796991898498236 0.7800359941082551
7 8 next 0.7793390380895251 0.7797324119838329 0.7800319454026026
8 8 ground 0.7780396350686613 0.7792121375765679 0.7800974820593433
8 9 inner 0.7787761451029531 0.7795060918829453 0.7800598916741264 8446
8 8 ceil 0.779176885545322 0.7796670684241994 0.780039926145375
8 9 outer 0.7790239343674987 0.7796055422424083 0.7800475057722787
8 9 next 0.7791318024928898 0.7796489222613362 0.780042155055258
9 9 ground 0.7779224572260338 0.7791655965440409 0.7801035693832213
9 10 inner 0.7786127731616055 0.7794406748904283 0.7800681298694634 6729
9 9 ceil 0.7789871043381486 0.7795907428542328 0.780049338415525
9 10 outer 0.7788624156967758 0.7795406850087353 0.7800555644512963
9 10 next 0.7789701329003239 0.7795839253045322 0.7800501838847483
10 10 ground 0.7774753409803028 0.7789885810002501 0.7801270652578982
10 11 inner 0.7784258954239288 0.7793659942319557 0.7800776233797783 6188
10 10 ceil 0.7789319964156209 0.7795686103725034 0.7800520859903963
10 11 outer 0.7787751128318275 0.7795056781632652 0.7800599435480534
10 11 next 0.778906721633756 0.7795584641087684 0.7800533483204166
11 11 ground 0.7770822950149012 0.7788337194882659 0.780148070328021
11 12 inner 0.7781975686226967 0.7792749645238285 0.7800893238007867 5420
11 11 ceil 0.7787851559244923 0.7795097034982299 0.7800594389571522
11 12 outer 0.7785387463835232 0.7794110731347355 0.7800718815469128
11 12 next 0.7787806069038713 0.7795078801653262 0.7800596674849266
12 12 ground 0.776871829345412 0.778751082519731 0.7801594525161535
12 13 inner 0.7780410035163887 0.7792126814680881 0.7800974111420576 5014
12 12 ceil 0.7786702400838317 0.7794636718475346 0.7800652255284102
12 13 outer 0.7784157111230569 0.7793619289013731 0.7800781428938098
12 13 next 0.7786325367473941 0.7794485821382685 0.7800671302334108
13 13 ground 0.7767539735362772 0.7787048952332514 0.7801658671901186
13 14 inner 0.7778316210394423 0.7791295607668324 0.7801083083918694 4352
13 13 ceil 0.7784181350471973 0.7793628964315636 0.7800780192262873
13 14 outer 0.7781451471807158 0.7792540984152794 0.7800920257998475
13 14 next 0.7783724114724673 0.779344649961937 0.7800803541373327
14 14 ground 0.7760725753803398 0.7784390878472393 0.7802035290275798
14 15 inner 0.7775131619979191 0.7790035194855439 0.780125061320449 3834
14 14 ceil 0.7782771197102889 0.7793066532545346 0.7800852346367537
14 15 outer 0.777965490157639 0.7791826812595384 0.7801013304479351
14 15 next 0.7783068873147487 0.7793185183893713 0.7800837079654313
15 15 ground 0.7755789367752185 0.7782478329045591 0.7802314233467841
15 16 inner 0.7772506951980555 0.778899984184522 0.7801390306230557 3872
15 15 ceil 0.7782630794358121 0.7793010583049357 0.7800859553674386
15 16 outer 0.7777805533626472 0.7791093180344363 0.7801109803518704
15 16 next 0.7780779327325777 0.7792273622426621 0.7800954988605262
16 16 ground 0.7751034648073302 0.7780646552223835 0.7802587740901793
16 17 inner 0.7768815235344269 0.778754884433702 0.780158926186284 3327
16 16 ceil 0.7779437269757142 0.7791740399032475 0.7801024622589027
16 17 outer 0.7775202049038176 0.7790063019964003 0.7801246884892586
16 17 next 0.7778055182636319 0.7791192124036346 0.7801096734465003
17 17 ground 0.77413127302025 0.7776932827483582 0.7803161666728003
17 18 inner 0.7764931078423034 0.7786028860949769 0.780180169960577 3568
17 17 ceil 0.7781471073719267 0.7792548784360148 0.7800919246587049
17 18 outer 0.7774820404394825 0.7789912266701096 0.7801267100673325
17 18 next 0.7778196203696068 0.7791248027558448 0.780108935791421
18 18 ground 0.7728378827327188 0.7772057993336704 0.7803955606888341
18 19 inner 0.7758647395394531 0.7783584301167009 0.7802152109601281 2902
18 18 ceil 0.7779026462660351 0.7791577341176376 0.7801046014417342
18 19 outer 0.7773061725041734 0.7789218423413274 0.7801360657677272
18 19 next 0.777765727060713 0.7791034432443227 0.7801117571320517
19 19 ground 0.7721862802830732 0.776963050679161 0.7804368652037916
19 20 inner 0.7753348599893086 0.7781536739802325 0.7802454043614722 2143
19 19 ceil 0.7771816900086713 0.7788728154482131 0.7801427275488803
19 20 outer 0.7767985468897198 0.7787223559951194 0.7801634376929607
19 20 next 0.777076503607922 0.7788314428777307 0.7801483822786023
20 20 ground 0.7720765627952451 0.7769223635100186 0.780443905807281
20 21 inner 0.7748795401653451 0.7779787400449913 0.7802718187073424 1816
20 20 ceil 0.776485412250807 0.7785998814730875 0.7801805940759298
20 21 outer 0.7760474623846454 0.7784293315461419 0.7802049357433396
20 21 next 0.7764432349309559 0.7785834187568377 0.7801829207479344
21 21 ground 0.7694797337529392 0.775975074318073 0.780617704033658
21 22 inner 0.7742062562633366 0.7777217746490598 0.7803116700962681 2166
21 21 ceil 0.7773928505392728 0.7789560215163661 0.7801314465279056
21 22 outer 0.7763984487487998 0.7785659465410409 0.7801853954411506
21 22 next 0.7771904373289733 0.7788762582526331 0.7801422583561302
22 22 ground 0.7693784827794867 0.7759387486979487 0.7806247570275897
22 23 inner 0.7734721333906829 0.7774439121772246 0.7803561954632241 1489
22 22 ceil 0.7758490629370408 0.7783523541854048 0.7802160957838219
22 23 outer 0.7752770056085704 0.7781313945235481 0.7802487366170109
22 23 next 0.7758847533629349 0.7783661886776421 0.7802140820837555
23 23 ground 0.7670325990032347 0.7751098841645275 0.7807939163897013
23 24 inner 0.7721641550395667 0.7769548415084817 0.7804382830016096 1219
23 23 ceil 0.7750809760253907 0.7780560165486259 0.7802600794324186
23 24 outer 0.7743545354217521 0.7777781917337975 0.7803028125168795
23 24 next 0.7747889400504708 0.7779440428413754 0.780277126308518
24 24 ground 0.7655055197192363 0.7745834412337587 0.7809099046503442
24 25 inner 0.7708747079286756 0.776480198913046 0.7805226396564572 1082
24 24 ceil 0.7740399363445452 0.777658611067255 0.7803216596969258
24 25 outer 0.7732019154934724 0.7773422452380668 0.7803728652649564
24 25 next 0.7738312295026036 0.7775795260359611 0.7803342763592193
25 25 ground 0.76468877989938 0.7743061118605794 0.7809738212037531
25 26 inner 0.7696926667878019 0.7760516169041578 0.7806029388086053 807
25 25 ceil 0.7724435757130363 0.7770586764868468 0.7804204512882347
25 26 outer 0.7722904610847265 0.7770017345426897 0.7804302027284895
25 26 next 0.7724818985736218 0.7770729448457979 0.7804180181424919
26 26 ground 0.7622247136747147 0.7734872394985122 0.78117452010948
26 27 inner 0.7689569895113073 0.7757880208583241 0.7806543391798928 843
26 26 ceil 0.7729563665070691 0.7772501438951596 0.7803881439063738
26 27 outer 0.7722149487496596 0.7769736908547081 0.7804350296050006
26 27 next 0.7732141712094982 0.7773468492412265 0.7803721059433102
27 27 ground 0.7589738712685308 0.7724476770468958 0.7814571318889083
27 28 inner 0.7674797239622063 0.77526598042956 0.7807608281617396 799
27 27 ceil 0.7722027720842854 0.7769691710891437 0.7804358090527437
27 28 outer 0.7711329562475351 0.7765746642054265 0.7805054733449739
27 28 next 0.7726041455703049 0.7771185038001467 0.7804102767531697
28 28 ground 0.7584402323431876 0.7722814435919599 0.7815054367777152
28 29 inner 0.7659017123475316 0.7747190327079676 0.7808793705655357 698
28 28 ceil 0.7710437941809167 0.7765420157140152 0.7805113848032765
28 29 outer 0.7706650374452162 0.7764037221358081 0.780536676592926
28 29 next 0.7706874712904748 0.7764118954458213 0.7805351704364698
29 29 ground 0.7528892219645211 0.770625657578574 0.7820392979018007
29 30 inner 0.7635289723891598 0.7739173483507201 0.7810668222008876 693
29 29 ceil 0.7718879435070318 0.7768525426944153 0.7804560671810277
29 30 outer 0.7708059279406503 0.7764550899495974 0.7805272344716028
29 30 next 0.771692952533295 0.776780530669169 0.7804687158817896
30 30 ground 0.7507799949007841 0.7700314412395171 0.7822569148116925
30 31 inner 0.7608331120273891 0.7730365649448132 0.78129303584384 614
30 30 ceil 0.7698764727146998 0.776117851702308 0.7805902668406168
30 31 outer 0.7689323429800906 0.7757792316206539 0.7806560800195602
30 31 next 0.7682789538143734 0.7755472106805893 0.7807026742471427
31 31 ground 0.740034145592117 0.7672994390141897 0.7834872858788594
31 32 inner 0.7542185796801351 0.7710100252307404 0.7819062844360312 412
31 31 ceil 0.7658664818429782 0.7747069474365411 0.7808820732366183
31 32 outer 0.7658523068396255 0.7747020864729186 0.7808831613460341
31 32 next 0.7652752263304611 0.7745049453520652 0.7809277947316594
32 32 ground 0.726869244629805 0.7646151061400339 0.7852583322715944
32 33 inner 0.7457449678278689 0.7686901351202321 0.7828084398295763 428
32 32 ceil 0.766287334648337 0.7748516733777131 0.7808499477594333
32 33 outer 0.7635072509228258 0.7739101239291203 0.7810685889048896
32 33 next 0.762115163536032 0.7734514532265703 0.7811837153626197
33 33 ground 0.7097063346577335 0.7621858731262987 0.7879712293372501
33 34 inner 0.732706574426312 0.7657162438437564 0.7844384369876835 371
33 33 ceil 0.7667415969326661 0.77500876825478 0.7808156641366553
33 34 outer 0.7615147842461578 0.7732562653714458 0.7812345180950806
33 34 next 0.7550668877501406 0.7712592976840081 0.7818230922775194
34 34 ground 0.6507301706941646 0.7626475391243077 0.8002935883982987
34 35 inner 0.703496058215775 0.7615993842521109 0.789058402849484 163
34 34 ceil 0.7443965156910393 0.7683492863662454 0.782963685520599
34 35 outer 0.7348153161158268 0.7661488294771347 0.7841556749190772
34 35 next 0.7282409900252454 0.7648611946444229 0.7850608120140129
35 35 ground 0.6322242284637333 0.7654782493526735 0.8049861094856586
35 36 inner 0.6926559998128086 0.760941418384963 0.791082778500716 143
35 35 ceil 0.7381932359925462 0.7668805144777178 0.7837178957668437
35 36 outer 0.7240179496180376 0.764128379749523 0.7856782758855526
35 36 next 0.7238340103093243 0.7640981272365912 0.7857057982264662
36 36 ground 0.5729822439461566 0.7826639515307946 0.8221979506068368
36 37 inner 0.6676975791396085 0.7611574121520562 0.7963160482803462 113
36 36 ceil 0.7395617943939218 0.7671905881132869 0.7835459157993202
36 37 outer 0.7244264915149148 0.7641960691002377 0.7856173330941578
36 37 next 0.7327596362647583 0.7657269016149636 0.7844312335441949
37 37 ground 0.6822092621267881 0.7607412328588409 0.7931794119018565
37 38 inner 0.5973400521217609 0.7741316987788518 0.8147444979188361 30
37 37 ceil 0.5829337842361477 0.7789354158163795 0.8190930566888985
37 38 outer 0.5758080689576073 0.7815714016049334 0.8213081134304143
37 38 next 0.6182085170583129 0.7684411279297364 0.8087696150618087
38 38 ground 0.6324250942813927 0.765440877615166 0.8049332886499514
38 39 inner 0.6231332197728098 0.7673205612394105 0.8074184895011637 38
38 38 ceil 0.6266013872471571 0.766582979608349 0.8064809862291823
38 39 outer 0.6244676271513145 0.7670317130873319 0.8070563949982892
38 39 next 0.6615349721141162 0.7615747337400884 0.7977232278460684
39 39 ground 0.637942649320849 0.7644710393076539 0.8034982726354133
39 40 inner 0.6471113008868385 0.7631030710410999 0.8011829917048912 45
39 39 ceil 0.6572279590996232 0.7619505522162557 0.7987323165279764
39 40 outer 0.6573536304073968 0.7619386104775983 0.7987025790252538
39 40 next 0.6703847907887287 0.7610200934137461 0.7957162236421061
40 40 ground 0.6824524808273701 0.7607411021885833 0.7931290269084149
40 41 inner 0.6320598813224978 0.7655089343010009 0.8050293571871798 36
40 40 ceil 0.6234972104552592 0.767241144619216 0.8073195490541076
40 41 outer 0.626810604180986 0.7665398529213511 0.8064248060226271
40 41 next 0.6297212949952192 0.7659560512936535 0.8056476702630718
41 41 ground 0.655383849301106 0.7621325140181058 0.7991707010477288
41 42 inner 0.5684943498585006 0.7844539087131402 0.8236242674517601 26
41 41 ceil 0.5521612588723418 0.791531093475327 0.8289472710747557
41 42 outer 0.5618244932143794 0.7872377342336916 0.8257732739838726
41 42 next 0.6120880450722462 0.769952818787635 0.8104807359040943
42 42 ground 0.46296070643964615 0.8451849096374517 0.8612714727210853
42 43 inner 0.5848054976051784 0.7782714155667672 0.8185181617011381 36
42 42 ceil 0.6366982468985399 0.7646801941267926 0.8038192209642573
42 43 outer 0.6242368660930029 0.7670812121294909 0.807118889313474
42 43 next 0.6825395204457527 0.7607411106475456 0.7931110137635142
43 43 ground 0.5863669879145132 0.7777265438516123 0.8180407869222299
43 44 inner 0.6603610454496757 0.7616703266183855 0.7979961997456021 147
43 43 ceil 0.7312561623376973 0.765429455028734 0.7846370933352652
43 44 outer 0.7139441378501818 0.7626746882749316 0.7872608227855256
43 44 next 0.7343228839800352 0.7660461523196984 0.7842210587230952
44 44 ground 0.6259281064972371 0.7667228231619564 0.8066620700594762
44 45 inner 0.6308205879002443 0.7657434375872358 0.8053563437403813 257
44 44 ceil 0.7757955412697536 0.7783316186326442 0.7802191205589871
44 45 outer 0.7413571511175904 0.7676093283526595 0.7833250707252991
44 45 next 0.7068756834859815 0.7618994787791794 0.7884600479618435
45 45 ground 0.78 0.78 0.78
45 46 inner 1.0 0.8286129266521426 0.0 3
45 45 ceil 1.0 0.6252723311546844 0.0
45 46 outer 1.0 0.6252723311546844 0.0
45 46 next 1.0 0.6252723311546844 0.0
46 46 ground 1.0 0.5090777051561368 0.0
46 47 inner 1.0 0.6252723311546844 0.0 17
46 46 ceil 0.78 0.78 0.78
46 47 outer 0.341491978719193 0.9124182079487058 0.8685617357293913
