0 0 ground 0.22787659948989414 0.96593085386006 0.8353044191309458
0 1 inner 0.19665622893046075 0.9814241885329662 0.8219598851616072 43
0 0 ceil 0.2699889902930802 0.9455446548125165 0.8504417806288114
0 1 outer 0.4672665180686164 0.8420314820640801 0.8595973662976615
0 1 next 0.19924098671726753 1.0 0.7685009487666035
1 1 ground 0.6293485135989879 1.0 0.338393421884883
1 2 inner 0.5407969639468686 1.0 0.4269449715370023 35
1 1 ceil 0.19924098671726753 1.0 0.7685009487666035
1 2 outer 0.33776052157562175 0.9140969218192155 0.8678530755319774
1 2 next 0.5281467425679949 1.0 0.439595192915876
2 2 ground 1.0 0.7995642701525056 0.0
2 3 inner 1.0 0.8576615831517794 0.0 39
2 2 ceil 0.78 0.78 0.78
2 3 outer 0.3813361213544002 0.8948662494108319 0.8744982500968822
