0 0 7.011227255423254 ground
1 0.060985671801953106 9.236014191900084 inner
1 0.060985671801953106 13.313166475977198 outer
1 0.060985671801953106 5.044394119358453 ground
2 0.14550368939859307 7.614709844115208 inner
2 0.14550368939859307 12.005624549193879 outer
2 0.14550368939859307 3.0 ground
3 0.28895168867400445 5.491853096329675 inner
3 0.28895168867400445 9.831307243802051 outer
3 0.28895168867400445 1.0 ground
4 0.46804196487291283 4.087462841250339 inner
4 0.46804196487291283 7.257387842692652 outer
4 0.46804196487291283 1.0 ground
5 0.6471322410718212 4.087462841250339 inner
5 0.6471322410718212 5.977279923499917 outer
5 0.6471322410718212 1.0 ground
6 0.8262225172707296 4.087462841250339 inner
6 0.8262225172707296 6.94251450533924 outer
6 0.8262225172707296 3.0 ground
7 0.9903925612896022 5.044394119358453 inner
7 0.9903925612896022 9.807354922057604 outer
