0 0 ground 0.2245414294750158 1.0 0.7432005060088551
0 1 inner 0.3466790731696786 0.9100943084981025 0.8695034162646044 239
0 0 ceil 0.5683517051166844 0.7845119010671833 0.823669863385482
0 1 outer 0.6745677413092167 0.7608606348836224 0.7947995071436204
0 1 next 0.5147854662697394 0.8109809667143424 0.8418593966019873
1 1 ground 0.6546489563567361 1.0 0.31309297912713474
1 2 inner 0.21189120809614148 1.0 0.7558507273877295 322
1 1 ceil 0.7462483005723982 0.7688193466441068 0.7827513008223662
1 2 outer 0.6522279089390659 0.7624730750415156 0.7999296213327516
1 2 next 0.7065522761564677 0.7618687945391168 0.7885166162882159
2 2 ground 1.0 0.5526506899055921 0.0
2 3 inner 1.0 0.5816993464052289 0.0 181
2 2 ceil 0.78 0.78 0.78
2 3 outer 0.5228898513118809 0.8063849464785777 0.8389773806273284
