0 0 ground 0.7798665181788903 0.7799458002947441 0.7800063755105459
0 1 inner 0.7798822990740938 0.7799522038332067 0.7800056197609807 223876
0 0 ceil 0.7799741453156004 0.7799894954900919 0.7800012318972114
0 1 outer 0.7799294980114789 0.7799713628791973 0.7800033626038546
0 1 next 0.7799334027430498 0.779972948346091 0.7800031760863368
1 1 ground 0.779457181201806 0.7797800960298191 0.7800261662877909
1 2 inner 0.7795593329277877 0.7798213768839172 0.780021193620078 43829
1 1 ceil 0.7798651262109613 0.7799452355192877 0.7800064421978989
1 2 outer 0.7797449351748018 0.779896502577142 0.780012216152959
1 2 next 0.7797751502760032 0.7799087474819626 0.7800107616936246
2 2 ground 0.7786422112844683 0.7794524534868801 0.7800666412030005
2 3 inner 0.7789070631663958 0.7795586011936996 0.7800533312536976 17111
2 2 ceil 0.7797091370647978 0.779882000487358 0.7800139419079327
2 3 outer 0.7793866338725809 0.7797516146118448 0.780029613585865
2 3 next 0.7794926149437496 0.7797944098980841 0.7800244388562882
3 3 ground 0.7767560517557884 0.7787057091365711 0.7801657538222239
3 4 inner 0.777413014727811 0.7789639776016336 0.7801303742246742 6503
3 3 ceil 0.7792174894898504 0.7796834196239297 0.7800379224188473
3 4 outer 0.778569035463737 0.7794231820977767 0.7800703450794723
3 4 next 0.7786550313725462 0.779457584208766 0.7800659934792
4 4 ground 0.7727482493976556 0.7771722943617002 0.7804011907082808
4 5 inner 0.7743515321533032 0.7777770480725852 0.7803029914661932 2757
4 4 ceil 0.7781598209968339 0.7792599380035243 0.7800912688652348
4 5 outer 0.7767334793769459 0.7786968700502706 0.780166985645239
4 5 next 0.7771620690090976 0.7788650941976105 0.7801437805786665
5 5 ground 0.7645484187758868 0.7742587478486419 0.7809849369586522
5 6 inner 0.7683473056899427 0.7755713937976771 0.7806977599514334 1223
5 5 ceil 0.7762716251476334 0.7785165186084891 0.7801924261043374
5 6 outer 0.7730619562877078 0.7772897157182493 0.7803815586252246
5 6 next 0.7747372554765316 0.7779242657083294 0.7802801617994529
6 6 ground 0.7534871194629872 0.7707975876579262 0.7819790748150967
6 7 inner 0.7602201425659566 0.7728407452186632 0.7813464121458963 613
6 6 ceil 0.7726750389266159 0.777144954986293 0.7804058014439441
6 7 outer 0.7693684621303309 0.7759351560915141 0.7806254561734502
6 7 next 0.7699116463293902 0.7761305437435077 0.7805878496703376
7 7 ground 0.7298023863892489 0.7651507659599596 0.7848395891944948
7 8 inner 0.7451186949908155 0.7685308698632461 0.7828801501352753 320
7 7 ceil 0.7674498539349109 0.7752555248330681 0.780763026233949
7 8 outer 0.7606379624691295 0.772974043826906 0.7813099515585555
7 8 next 0.7664376021168787 0.774903538359936 0.780838561809238
8 8 ground 0.7144818230624057 0.7627418768322404 0.7871725471362179
8 9 inner 0.7335720774018326 0.7658915492161639 0.7843215083616477 265
8 8 ceil 0.763550665273164 0.7739245653392701 0.7810650587343871
8 9 outer 0.7530100357676673 0.7706602741122727 0.7820270765822882
8 9 next 0.7583538545334946 0.7722546528976852 0.78151330600414
9 9 ground 0.6954294807499741 0.7610658156703685 0.7905498563218234
9 10 inner 0.718941244177679 0.7633442015883396 0.7864568124446554 160
9 9 ceil 0.7488977782775544 0.7695173276952778 0.7824578443165134
9 10 outer 0.7354170376253911 0.7662756698816549 0.7840763175803268
9 10 next 0.7436382433915841 0.7681610125185593 0.7830523641547268
10 10 ground 0.6659419133907014 0.7612618050076404 0.7967124871427149
10 11 inner 0.6961981266704089 0.7611056194007084 0.7904039622439514 123
10 10 ceil 0.7443988339936813 0.7683498657292814 0.7829634159179562
10 11 outer 0.7316206447314118 0.7655007013053506 0.784586854019516
10 11 next 0.7393742732932606 0.767147635508717 0.7835692954366046
11 11 ground 0.5971764009906817 0.7741822862074099 0.8147928963114319
11 12 inner 0.6399047159919945 0.7641526304434221 0.8029954541752226 83
11 11 ceil 0.7161560089577507 0.7629585611707089 0.786900396018897
11 12 outer 0.705474391847368 0.7617695363720602 0.788706211131367
11 12 next 0.6946371734089126 0.7610272093772045 0.7907010620763132
12 12 ground 0.47640322527458023 0.8355249235289084 0.856080427611051
12 13 inner 0.5012128560419695 0.8191396453090813 0.84678262248178 67
12 12 ceil 0.7735681612808496 0.7774801207079703 0.7803503078177039
12 13 outer 0.6858407824485079 0.7607629580231915 0.7924348170673282
12 13 next 0.7173609255258685 0.7631215297735865 0.7867070839762188
13 13 ground 0.78 0.78 0.78
13 14 inner 1.0 0.4364560639070445 0.0 2
13 13 ceil 0.8743315508021392 0.0 0.0
13 14 outer 1.0 0.3202614379084969 0.0
13 14 next 1.0 0.2331154684095862 0.0
14 14 ground 0.7495543672014262 0.0 0.0
14 15 inner 1.0 0.11692084241103862 0.0 2
14 14 ceil 0.78 0.78 0.78
14 15 outer 0.43959519291587595 1.0 0.5281467425679949
