0 0 18.98578357976905 ground
1 0.017656278330340017 19.640610351780957 inner
1 0.017656278330340017 20.82791792820737 outer
1 0.017656278330340017 17.764294967531704 ground
2 0.03630513356499543 18.722077061940894 inner
2 0.03630513356499543 20.591843714806114 outer
2 0.03630513356499543 17.063658399663527 ground
3 0.05567623972871052 18.09863870015843 inner
3 0.05567623972871052 20.20955331662394 outer
3 0.05567623972871052 16.522167714623972 ground
4 0.07567824189787366 17.590674759739112 inner
4 0.07567824189787366 19.85854565191626 outer
4 0.07567824189787366 16.07265601385425 ground
5 0.09627048019544324 17.147681927770474 inner
5 0.09627048019544324 19.53431618269424 outer
5 0.09627048019544324 15.652480892991282 ground
6 0.11747106079262369 16.71925511302617 inner
6 0.11747106079262369 19.21228975813786 outer
6 0.11747106079262369 15.240269602231635 ground
7 0.13933225974518598 16.272356410936563 inner
7 0.13933225974518598 18.875947286119786 outer
7 0.13933225974518598 14.797306887280302 ground
8 0.16193882891143355 15.800520778753919 inner
8 0.16193882891143355 18.49053754028382 outer
8 0.16193882891143355 14.289082289234173 ground
9 0.1853953785850235 15.27506963077122 inner
9 0.1853953785850235 18.01928666015092 outer
9 0.1853953785850235 13.787086324551616 ground
10 0.20982119255783102 14.739200462241277 inner
10 0.20982119255783102 17.55111492620583 outer
10 0.20982119255783102 13.231221180711186 ground
11 0.23535568893253184 14.159634861699447 inner
11 0.23535568893253184 17.03873684097371 outer
11 0.23535568893253184 12.646108641506103 ground
12 0.2621269692992635 13.560093957642495 inner
12 0.2621269692992635 16.462182717577708 outer
12 0.2621269692992635 12.075479149488016 ground
13 0.29025678954892836 13.002815015607053 inner
13 0.29025678954892836 15.955899597108509 outer
13 0.29025678954892836 11.491352073563435 ground
14 0.3198841134200069 12.3888245380236 inner
14 0.3198841134200069 15.35531668057918 outer
14 0.3198841134200069 10.94031359714597 ground
15 0.3511003205914507 11.832098846039134 inner
15 0.3511003205914507 14.835557007913472 outer
15 0.3511003205914507 10.398743691938193 ground
16 0.3841177599004583 11.321928094887362 inner
16 0.3841177599004583 14.309618456283072 outer
16 0.3841177599004583 9.854868383260236 ground
17 0.4190360296438604 10.72451385311995 inner
17 0.4190360296438604 13.751648659055856 outer
17 0.4190360296438604 9.30149619498255 ground
18 0.456217891263049 10.14338321398982 inner
18 0.456217891263049 13.16867211813223 outer
18 0.456217891263049 8.611024797307353 ground
19 0.4960401917525707 9.603626344986193 inner
19 0.4960401917525707 12.566767596032916 outer
19 0.4960401917525707 8.247927513443585 ground
20 0.5381001622434352 9.199672344836364 inner
20 0.5381001622434352 12.353422543614716 outer
20 0.5381001622434352 7.794415866350106 ground
21 0.5830224377043309 8.632995197142957 inner
21 0.5830224377043309 11.63117705570398 outer
21 0.5830224377043309 7.2384047393250786 ground
22 0.6314263909708198 8.134426320220927 inner
22 0.6314263909708198 11.458919206967591 outer
22 0.6314263909708198 6.700439718141093 ground
23 0.6820382566842125 7.774787059601174 inner
23 0.6820382566842125 10.330916878114618 outer
23 0.6820382566842125 6.6293566200796095 ground
24 0.7356741188132428 7.483815777264256 inner
24 0.7356741188132428 10.274960472140602 outer
24 0.7356741188132428 5.882643049361842 ground
25 0.7958802423834648 6.882643049361842 inner
25 0.7958802423834648 9.707359132080883 outer
25 0.7958802423834648 5.426264754702098 ground
26 0.8606359387748558 6.554588851677638 inner
26 0.8606359387748558 9.219168520462162 outer
26 0.8606359387748558 5.321928094887363 ground
27 0.9312830115503263 6.022367813028454 inner
27 0.9312830115503263 9.154818109052105 outer
27 0.9312830115503263 4.754887502163468 ground
28 1.0106436191321106 5.392317422778761 inner
28 1.0106436191321106 8.562242424221072 outer
28 1.0106436191321106 4.392317422778761 ground
29 1.1018404296076811 4.807354922057604 inner
29 1.1018404296076811 8.271463027904375 outer
29 1.1018404296076811 3.169925001442312 ground
30 1.2133456912754663 4.321928094887363 inner
30 1.2133456912754663 6.906890595608519 outer
30 1.2133456912754663 3.321928094887362 ground
31 1.3372598658058235 3.807354922057604 inner
31 1.3372598658058235 6.754887502163468 outer
31 1.3372598658058235 2.584962500721156 ground
32 1.5028448097956877 3.169925001442312 inner
32 1.5028448097956877 6.022367813028454 outer
32 1.5028448097956877 2.321928094887362 ground
33 1.7546159322971997 2.0 inner
33 1.7546159322971997 4.954196310386875 outer
