0 0 5.247927513443585 ground
1 0.08302147322118285 7.076815597050831 inner
1 0.08302147322118285 10.198445041452363 outer
1 0.08302147322118285 4.0 ground
2 0.17912365909018274 6.426264754702098 inner
2 0.17912365909018274 9.038918989292302 outer
2 0.17912365909018274 3.0 ground
3 0.30869033880452434 6.475733430966398 inner
3 0.30869033880452434 9.821773981970567 outer
3 0.30869033880452434 2.321928094887362 ground
4 0.46287942635865253 4.754887502163468 inner
4 0.46287942635865253 6.599912842187128 outer
4 0.46287942635865253 2.0 ground
5 0.6731688769248587 4.807354922057604 inner
5 0.6731688769248587 8.581200581924957 outer
