0 0 4.247927513443585 ground
1 0.09949344480857518 7.0 inner
1 0.09949344480857518 11.023061249735335 outer
1 0.09949344480857518 2.0 ground
2 0.2213902229283024 5.672425341971495 inner
2 0.2213902229283024 7.554588851677638 outer
2 0.2213902229283024 2.807354922057604 ground
3 0.3682520206612946 5.832890014164741 inner
3 0.3682520206612946 9.634811050171718 outer
3 0.3682520206612946 2.807354922057604 ground
4 0.5353071283810296 5.392317422778761 inner
4 0.5353071283810296 10.148476582178278 outer
