0 0 ground 0.78 0.78 0.78
0 1 inner 0.7307518886194978 0.7653317927923926 0.7847069516277826 28
0 0 ceil 0.6656421233037273 0.7612807875627583 0.7967805381689583
0 1 outer 0.6883175416034492 0.7608069695714175 0.7919365562450268
0 1 next 0.6621122342641584 0.7615296116933347 0.7975895699013055
1 1 ground 0.78 0.78 0.78
1 2 inner 0.6515453851883175 0.7625515554991246 0.8000951804780596 21
1 1 ceil 0.5278470455086939 0.8036761929920407 0.8372364043862981
1 2 outer 0.5224221075157359 0.8066445617553558 0.839142516727499
1 2 next 0.5278470455086939 0.8036761929920407 0.8372364043862981
2 2 ground 0.78 0.78 0.78
2 3 inner 0.6431174261926929 0.7636613899870592 0.8021807325482315 17
2 2 ceil 0.49366264514634717 0.8239260368787504 0.8495721831593127
2 3 outer 0.5199969723589057 0.8080017059111847 0.8400010743273363
2 3 next 0.4683768952359235 0.8412273096533076 0.8591673715443728
3 3 ground 0.78 0.78 0.78
3 4 inner 0.5278470455086939 0.8036761929920407 0.8372364043862981 4
3 3 ceil 0.29972736827680335 0.931528279237946 0.8591403716985875
3 4 outer 0.29972736827680335 0.931528279237946 0.8591403716985875
3 4 next 0.29972736827680335 0.931528279237946 0.8591403716985875
4 4 ground 0.78 0.78 0.78
4 5 inner 0.29972736827680335 0.931528279237946 0.8591403716985875 5
4 4 ceil 0.5281467425679949 1.0 0.439595192915876
4 5 outer 0.5281467425679949 1.0 0.439595192915876
4 5 next 0.5281467425679949 1.0 0.439595192915876
5 5 ground 0.78 0.78 0.78
5 6 inner 0.29972736827680335 0.931528279237946 0.8591403716985875 2
5 5 ceil 0.5281467425679949 1.0 0.439595192915876
5 6 outer 0.5281467425679949 1.0 0.439595192915876
5 6 next 0.5281467425679949 1.0 0.439595192915876
6 6 ground 0.78 0.78 0.78
6 7 inner 0.29972736827680335 0.931528279237946 0.8591403716985875 3
6 6 ceil 0.5281467425679949 1.0 0.439595192915876
6 7 outer 0.5281467425679949 1.0 0.439595192915876
6 7 next 0.5281467425679949 1.0 0.439595192915876
7 7 ground 0.78 0.78 0.78
7 8 inner 0.29972736827680335 0.931528279237946 0.8591403716985875 4
7 7 ceil 0.5281467425679949 1.0 0.439595192915876
7 8 outer 0.5281467425679949 1.0 0.439595192915876
7 8 next 0.5281467425679949 1.0 0.439595192915876
8 8 ground 0.78 0.78 0.78
8 9 inner 0.1612987215470374 0.9993350460743209 0.8046784374979676 3
8 8 ceil 0.8191018342820998 1.0 0.14864010120177107
8 9 outer 0.8191018342820998 1.0 0.14864010120177107
8 9 next 0.8191018342820998 1.0 0.14864010120177107
9 9 ground 0.78 0.78 0.78
9 10 inner 0.1612987215470374 0.9993350460743209 0.8046784374979676 4
9 9 ceil 0.8191018342820998 1.0 0.14864010120177107
9 10 outer 0.8191018342820998 1.0 0.14864010120177107
9 10 next 0.8191018342820998 1.0 0.14864010120177107
10 10 ground 0.78 0.78 0.78
10 11 inner 0.1612987215470374 0.9993350460743209 0.8046784374979676 3
10 10 ceil 0.8191018342820998 1.0 0.14864010120177107
10 11 outer 0.8191018342820998 1.0 0.14864010120177107
10 11 next 0.8191018342820998 1.0 0.14864010120177107
11 11 ground 0.78 0.78 0.78
11 12 inner 0.5281467425679949 1.0 0.439595192915876 2
11 11 ceil 1.0 0.6252723311546844 0.0
11 12 outer 1.0 0.6252723311546844 0.0
11 12 next 1.0 0.6252723311546844 0.0
12 12 ground 0.78 0.78 0.78
12 13 inner 0.5281467425679949 1.0 0.439595192915876 1
12 12 ceil 1.0 0.6252723311546844 0.0
12 13 outer 1.0 0.6252723311546844 0.0
12 13 next 1.0 0.6252723311546844 0.0
13 13 ground 0.78 0.78 0.78
13 14 inner 0.5281467425679949 1.0 0.439595192915876 0
13 13 ceil 1.0 0.6252723311546844 0.0
13 14 outer 1.0 0.6252723311546844 0.0
13 14 next 1.0 0.6252723311546844 0.0
14 14 ground 0.78 0.78 0.78
14 15 inner 0.5281467425679949 1.0 0.439595192915876 1
14 14 ceil 1.0 0.6252723311546844 0.0
14 15 outer 1.0 0.6252723311546844 0.0
14 15 next 1.0 0.6252723311546844 0.0
15 15 ground 0.78 0.78 0.78
15 16 inner 0.5281467425679949 1.0 0.439595192915876 1
15 15 ceil 1.0 0.6252723311546844 0.0
15 16 outer 1.0 0.6252723311546844 0.0
15 16 next 1.0 0.6252723311546844 0.0
16 16 ground 0.5 0.0 0.0
16 17 inner 1.0 0.6252723311546844 0.0 1
16 16 ceil 0.78 0.78 0.78
16 17 outer 1.0 0.6252723311546844 0.0
