0 0 ground 0.7784708867632921 0.7793839593330045 0.7800753309670903
0 1 inner 0.7789313645091793 0.7795683566657544 0.7800521175337973 59186
0 0 ceil 0.7796234029195809 0.7798472926124527 0.7800180862062661
0 1 outer 0.7796011925100964 0.7798383065908309 0.7800191624166403
0 1 next 0.7793950561362211 0.7797550136653135 0.7800292014688768
1 1 ground 0.7767174905868017 0.7786906104154554 0.7801678588389613
1 2 inner 0.7779286038391607 0.7791680363275245 0.780103249343249 26447
1 1 ceil 0.7792755818933391 0.7797068264439718 0.780035061828981
1 2 outer 0.7791568532610782 0.7796590041861421 0.7800409160044146
1 2 next 0.7789950576615677 0.7795939382119509 0.7800489424159395
2 2 ground 0.7737242797666303 0.7775390755459184 0.780340776624964
2 3 inner 0.7763850224913662 0.7785607103853379 0.7801861381425521 14175
2 2 ceil 0.7788336358261605 0.7795291409870488 0.7800570062404499
2 3 outer 0.7784739819242664 0.7793851955723547 0.7800751734205272
2 3 next 0.7784809396008646 0.7793879746990611 0.7800748193430874
3 3 ground 0.7702175199619548 0.7762411476981325 0.7805669350837225
3 4 inner 0.7746273637765069 0.777882255542704 0.7802866343617587 6041
3 3 ceil 0.7772449479137706 0.778897720540317 0.7801393381462678
3 4 outer 0.7770999561224161 0.7788406630320137 0.7801471194618359
3 4 next 0.7769078507423189 0.7787652117091131 0.780157497797027
4 4 ground 0.7660560757845459 0.7747720493903307 0.7808675575405185
4 5 inner 0.7724716732094864 0.7770691370968297 0.7804186670631658 4236
4 4 ceil 0.7762006134832308 0.7784888744055154 0.7801963775408941
4 5 outer 0.7761381305118832 0.7784645691739185 0.7801998631782595
4 5 next 0.7761922781801327 0.778485631039842 0.7801968420541396
5 5 ground 0.7617354797178677 0.7733278312905782 0.7812157630184766
5 6 inner 0.7702588410030728 0.7762561213851803 0.7805641241994654 3454
5 5 ceil 0.7753492305195782 0.7781592103441458 0.7802445777438527
5 6 outer 0.7751649368194573 0.7780882802493047 0.7802552113924084
5 6 next 0.7742368476453324 0.7777334059283021 0.7803098389538502
6 6 ground 0.7571112139041318 0.7718728363012005 0.7816280594537903
6 7 inner 0.7674908618077949 0.7752698800940131 0.780760009005169 2141
6 6 ceil 0.772519859739257 0.777087085026381 0.7804156109345598
6 7 outer 0.7731228834755762 0.7773125721218477 0.7803777692569994
6 7 next 0.7717665010991256 0.7768076728724022 0.7804639357939377
7 7 ground 0.7477582328231247 0.769213447866565 0.7825825476099901
7 8 inner 0.7644953743838068 0.7742408709696889 0.7809891477641902 2506
7 7 ceil 0.7745481370120029 0.7778520018962856 0.7802913163818972
7 8 outer 0.7732021441271071 0.7773423311207979 0.7803728510967725
7 8 next 0.7738383282015355 0.7775822127218748 0.7803338457481093
8 8 ground 0.7423757710362673 0.7678529599589327 0.7832021969593566
8 9 inner 0.7608497294313704 0.7730418964582615 0.7812915987863939 1311
8 8 ceil 0.7685880726518581 0.7756567433389989 0.7806805239439862
8 9 outer 0.7695294327399762 0.7759929214368531 0.7806142496281678
8 9 next 0.7697575192703516 0.7760749694227083 0.7805984599592917
9 9 ground 0.7427924285697577 0.7679538807419819 0.783152445763552
9 10 inner 0.7601230937362575 0.7728098927026441 0.7813549284667409 1950
9 9 ceil 0.7714297354525353 0.7766835918662526 0.7804859134693486
9 10 outer 0.7713282281254378 0.7766462910585347 0.7804925833335382
9 10 next 0.7694191263325841 0.7759533248231446 0.7806219233780508
10 10 ground 0.7324469366056191 0.7656642630622413 0.7844737497606312
10 11 inner 0.7544947418806213 0.771090832564718 0.781879056801757 1243
10 10 ceil 0.7661614618512016 0.7748083051723129 0.7808595195820338
10 11 outer 0.7649529595171851 0.7743954934888402 0.7809530041424708
10 11 next 0.7650784091973892 0.7744380455939274 0.7809431666360531
11 11 ground 0.7141702850459638 0.7627028052250651 0.7872236431546608
11 12 inner 0.747797307204998 0.7692237757637755 0.7825782336782835 1124
11 11 ceil 0.7673495927278918 0.77522045870247 0.7807704172081015
11 12 outer 0.765023728682193 0.7744194896056973 0.7809474507836798
11 12 next 0.7669006867499328 0.7750640014691287 0.7808037539390169
12 12 ground 0.7099609180026472 0.762213202138111 0.7879278234709808
12 13 inner 0.742137569983327 0.7677955942709886 0.7832307725033203 924
12 12 ceil 0.7617240919105035 0.773324133286392 0.7812167284906724
12 13 outer 0.7617564137595206 0.7733346307626361 0.781213988853319
12 13 next 0.7578391078767376 0.7720956748468089 0.781560490740547
13 13 ground 0.695921456696667 0.7610910254461364 0.7904563855321624
13 14 inner 0.7333998881383564 0.7658564240539438 0.7843446743713801 1066
13 13 ceil 0.7677339868009345 0.7753551419635255 0.7807421893384907
13 14 outer 0.7630953822357632 0.7737735320405242 0.7811022609424897
13 14 next 0.7618940303393124 0.7733793771277677 0.7812023467316139
14 14 ground 0.6747791606951831 0.7608543365333739 0.7947537282742888
14 15 inner 0.719621428673858 0.76344316669565 0.7863502419396868 721
14 14 ceil 0.7541689963214163 0.7709955516713493 0.7819111877851422
14 15 outer 0.7515641725954713 0.7702501244260911 0.7821750718774233
14 15 next 0.7486645385030015 0.7694546778339647 0.7824831815678455
15 15 ground 0.670295804695072 0.7610242047455292 0.7957359509123951
15 16 inner 0.7055786821233377 0.7617789378973127 0.7886877959725941 351
15 15 ceil 0.7275588431524331 0.7647378483825256 0.7851586668288915
15 16 outer 0.7343728003161847 0.7660565142747671 0.7842144129656183
15 16 next 0.7274559759284702 0.7647194145020949 0.7851734866419398
16 16 ground 0.6356798433135321 0.7648555203926719 0.8040830556380724
16 17 inner 0.6848372119969065 0.7607518736545709 0.7926389274725961 396
16 16 ceil 0.731775933136964 0.7655312235613179 0.784565514164578
16 17 outer 0.7378522309589958 0.766804478771122 0.7837612342989774
16 17 next 0.7200875211643311 0.7635120694633897 0.7862776162373429
17 17 ground 0.5957343449729595 0.7746320259785759 0.8152203808865444
17 18 inner 0.6631683903513629 0.7614502766588805 0.7973460105037621 329
17 17 ceil 0.7273489033752915 0.7647002733876993 0.7851889299205282
17 18 outer 0.7290377217317506 0.7650076938796014 0.7849474473727086
17 18 next 0.737084236816131 0.7666350230703393 0.7838595459870041
18 18 ground 0.5285861694814915 0.8032790093574681 0.8369782648040824
18 19 inner 0.6149686663275282 0.7692249575113284 0.8096710299614689 178
18 18 ceil 0.6767113977024781 0.7608046494551017 0.7943378366649143
18 19 outer 0.7008748930839888 0.7613978498949484 0.789533352969104
18 19 next 0.6648205614323135 0.7613345356967761 0.7969675602262603
19 19 ground 0.5758216961878353 0.7815661976815594 0.8213038378679687
19 20 inner 0.5921461397981609 0.7757820165060151 0.8162918879175807 105
19 19 ceil 0.6122451281404871 0.7699123788224853 0.8104363834818077
19 20 outer 0.6630434651538971 0.7614594433422028 0.797374753143855
19 20 next 0.6330691595501847 0.7653220234291245 0.804764194150126
20 20 ground 0.4738491930334843 0.8373183496209908 0.8570586366446018
20 21 inner 0.5355316049839528 0.7996319690881761 0.8345710954541966 275
20 20 ceil 0.719663633746735 0.7634493694703856 0.786343652171485
20 21 outer 0.7027645737075521 0.7615404053000603 0.789189997019764
20 21 next 0.6343295883065345 0.7650937372891808 0.8044344840659912
21 21 ground 0.21189120809614148 1.0 0.7558507273877295
21 22 inner 0.27853512200428565 0.9414833634859393 0.8531106894937815 156
21 21 ceil 0.7355286493130103 0.7662993635914778 0.7840616629635538
21 22 outer 0.5824384338429789 0.7791131259464066 0.8192456897316744
21 22 next 0.6534935611299311 0.7623320837717212 0.7996239556766578
22 22 ground 0.8191018342820998 1.0 0.14864010120177107
22 23 inner 1.0 0.741466957153232 0.0 4
22 22 ceil 1.0 0.6397966594045028 0.0
22 23 outer 1.0 0.9012345679012348 0.0
22 23 next 0.5913978494623655 1.0 0.3763440860215054
23 23 ground 0.8743315508021392 0.0 0.0
23 24 inner 1.0 0.6833696441539581 0.0 7
23 23 ceil 0.932953826691967 1.0 0.03478810879190386
23 24 outer 0.5534471853257431 1.0 0.4142947501581278
23 24 next 0.4901960784313725 1.0 0.4775458570524984
24 24 ground 1.0 0.6252723311546844 0.0
24 25 inner 1.0 0.7705156136528688 0.0 8
24 24 ceil 1.0 0.8140885984023241 0.0
24 25 outer 0.6672991777356103 1.0 0.30044275774826057
24 25 next 0.5 0.0 0.0
25 25 ground 0.78 0.78 0.78
25 26 inner 0.6604278074866311 0.0 0.0 2
25 25 ceil 0.5 0.0 0.0
25 26 outer 0.5 0.0 0.0
25 26 next 1.0 0.27668845315904156 0.0
26 26 ground 1.0 0.3202614379084969 0.0
26 27 inner 0.6040480708412397 1.0 0.3636938646426312 34
26 26 ceil 0.44008571500363614 0.8628634810232909 0.8703387269022147
26 27 outer 0.2876294347033618 0.9371908170000419 0.8558010482929526
26 27 next 0.49366264514634717 0.8239260368787504 0.8495721831593127
27 27 ground 0.78 0.78 0.78
27 28 inner 0.6604278074866311 0.0 0.0 2
27 27 ceil 0.5 0.0 0.0
27 28 outer 0.5 0.0 0.0
27 28 next 0.5 0.0 0.0
28 28 ground 0.78 0.78 0.78
28 29 inner 0.6604278074866311 0.0 0.0 2
28 28 ceil 0.5 0.0 0.0
28 29 outer 0.5 0.0 0.0
28 29 next 0.9991087344028523 0.07334785766158336 0.0
29 29 ground 1.0 0.6252723311546844 0.0
29 30 inner 0.9962049335863377 0.9302832244008717 0.0 10
29 29 ceil 0.9582542694497153 0.973856209150327 0.009487666034155628
29 30 outer 0.7179000632511068 1.0 0.2498418722327641
29 30 next 0.9456040480708408 0.9883805374001459 0.022137887413030133
30 30 ground 0.78 0.78 0.78
30 31 inner 1.0 0.6252723311546844 0.0 8
30 30 ceil 1.0 0.48002904865649987 0.0
30 31 outer 1.0 0.5962236746550474 0.0
30 31 next 0.641998734977862 1.0 0.3257432005060089
31 31 ground 1.0 0.843137254901961 0.0
31 32 inner 0.47754585705249836 1.0 0.4901960784313726 66
31 31 ceil 0.49083325321456184 0.8257649993053784 0.8506266952394521
31 32 outer 0.44654718591138587 0.8577128935820482 0.8677484868750296
31 32 next 0.5778182138258394 0.780810504777748 0.8206790527847736
32 32 ground 0.8191018342820998 1.0 0.14864010120177107
32 33 inner 0.7432005060088547 1.0 0.2245414294750162 18
32 32 ceil 0.6546489563567361 1.0 0.31309297912713474
32 33 outer 0.3636938646426312 1.0 0.6040480708412397
32 33 next 0.8950031625553446 1.0 0.07273877292852626
33 33 ground 0.78 0.78 0.78
33 34 inner 1.0 0.48002904865649987 0.0 6
33 33 ceil 1.0 0.3202614379084969 0.0
33 34 outer 1.0 0.5381263616557737 0.0
33 34 next 1.0 0.6252723311546844 0.0
34 34 ground 0.5 0.0 0.0
34 35 inner 1.0 0.5526506899055921 0.0 4
34 34 ceil 1.0 0.5526506899055921 0.0
34 35 outer 1.0 0.5671750181554105 0.0
34 35 next 1.0 0.6252723311546844 0.0
35 35 ground 0.8191018342820998 1.0 0.14864010120177107
35 36 inner 0.8191018342820998 1.0 0.14864010120177107 6
35 35 ceil 0.8570524984187222 1.0 0.11068943706514867
35 36 outer 0.831752055660974 1.0 0.1359898798228969
35 36 next 0.8191018342820998 1.0 0.14864010120177107
36 36 ground 0.3130929791271345 1.0 0.6546489563567364
36 37 inner 0.5913978494623655 1.0 0.3763440860215054 9
36 36 ceil 0.6293485135989879 1.0 0.338393421884883
36 37 outer 0.5281467425679949 1.0 0.439595192915876
36 37 next 0.2154565070295844 0.972057029757111 0.830211501645516
37 37 ground 0.3763440860215053 1.0 0.5913978494623656
37 38 inner 0.4901960784313725 1.0 0.4775458570524984 15
37 37 ceil 0.46489563567362424 1.0 0.5028462998102468
37 38 outer 0.16129032258064513 1.0 0.8064516129032259
37 38 next 0.37290719165498754 0.8985208312841002 0.8734911298601242
38 38 ground 1.0 0.5381263616557737 0.0
38 39 inner 0.9835547122074635 0.9448075526506902 0.0 9
38 38 ceil 0.844402277039848 1.0 0.12333965844402273
38 39 outer 1.0 0.9012345679012348 0.0
38 39 next 0.1612987215470374 0.9993350460743209 0.8046784374979676
39 39 ground 1.0 0.6252723311546844 0.0
39 40 inner 0.844402277039848 1.0 0.12333965844402273 9
39 39 ceil 0.7938013915243516 1.0 0.1739405439595193
39 40 outer 0.6546489563567361 1.0 0.31309297912713474
39 40 next 0.5281467425679949 1.0 0.439595192915876
40 40 ground 0.78 0.78 0.78
40 41 inner 0.6604278074866311 0.0 0.0 1
40 40 ceil 0.5 0.0 0.0
40 41 outer 0.5 0.0 0.0
40 41 next 0.5 0.0 0.0
41 41 ground 0.78 0.78 0.78
41 42 inner 1.0 0.6833696441539581 0.0 3
41 41 ceil 1.0 0.5526506899055921 0.0
41 42 outer 1.0 0.5671750181554105 0.0
41 42 next 0.47754585705249836 1.0 0.4901960784313726
42 42 ground 0.6293485135989879 1.0 0.338393421884883
42 43 inner 0.5281467425679949 1.0 0.439595192915876 41
42 42 ceil 0.21009346529774853 0.9747177346290857 0.8279241478105894
42 43 outer 0.4097153854776494 0.8828053845685429 0.8769081364151303
42 43 next 0.47754585705249836 1.0 0.4901960784313726
43 43 ground 0.78 0.78 0.78
43 44 inner 0.6604278074866311 0.0 0.0 2
43 43 ceil 0.5 0.0 0.0
43 44 outer 0.5 0.0 0.0
43 44 next 1.0 0.7995642701525056 0.0
44 44 ground 1.0 0.4364560639070445 0.0
44 45 inner 1.0 0.4945533769063183 0.0 53
44 44 ceil 0.78 0.78 0.78
44 45 outer 0.4067636699341568 0.8840418262770546 0.8767279332490534
