0 0 4.087462841250339 ground
1 0.09559979204049342 6.870364719583405 inner
1 0.09559979204049342 9.20212382383046 outer
1 0.09559979204049342 3.0 ground
2 0.21558866167232316 6.044394119358453 inner
2 0.21558866167232316 8.098032082960527 outer
2 0.21558866167232316 2.584962500721156 ground
3 0.36338428529216493 6.169925001442312 inner
3 0.36338428529216493 9.594324603924848 outer
3 0.36338428529216493 1.584962500721156 ground
4 0.5847030666703377 5.169925001442312 inner
4 0.5847030666703377 9.612868497291041 outer
