0 0 ground 0.78 0.78 0.78
0 1 inner 0.7005825746957433 0.7613770588070522 0.7895869033444616 21
0 0 ceil 0.4489195766730001 0.8558526923910591 0.8668031177823954
0 1 outer 0.6562374719822814 0.7620467202652692 0.7989673085137916
0 1 next 0.6543598035058428 0.7622389910926921 0.7994157603499149
1 1 ground 0.78 0.78 0.78
1 2 inner 0.5118276952098113 0.8127098413663005 0.8429220798144987 5
1 1 ceil 0.1612987215470374 0.9993350460743209 0.8046784374979676
1 2 outer 0.32329807393491705 0.9206574023764228 0.8648595373206196
1 2 next 0.2524480370840998 0.9539619097658354 0.8445373753828498
2 2 ground 0.78 0.78 0.78
2 3 inner 0.29972736827680335 0.931528279237946 0.8591403716985875 3
2 2 ceil 0.5281467425679949 1.0 0.439595192915876
2 3 outer 0.5660974067046173 1.0 0.4016445287792536
2 3 next 0.8191018342820998 1.0 0.14864010120177107
3 3 ground 0.5 0.0 0.0
3 4 inner 1.0 0.6252723311546844 0.0 10
3 3 ceil 0.78 0.78 0.78
3 4 outer 0.8191018342820998 1.0 0.14864010120177107
