0 0 13.61194694181998 ground
1 0.026374599004895017 15.830044729293597 inner
1 0.026374599004895017 18.20287949460349 outer
1 0.026374599004895017 12.329796338220701 ground
2 0.0553386214274403 14.925415355884095 inner
2 0.0553386214274403 17.3704149688797 outer
2 0.0553386214274403 11.491352073563435 ground
3 0.08637999447466821 14.106153955313614 inner
3 0.08637999447466821 16.624695519042344 outer
3 0.08637999447466821 10.642051692927977 ground
4 0.11953220598835443 13.43449792053815 inner
4 0.11953220598835443 15.804055374535638 outer
4 0.11953220598835443 10.134426320220927 ground
5 0.1539145554409463 12.833087738422009 inner
5 0.1539145554409463 15.268505450003302 outer
5 0.1539145554409463 9.663558104217273 ground
6 0.18985881745743288 12.47040467706564 inner
6 0.18985881745743288 14.749974148845798 outer
6 0.18985881745743288 9.370687406807217 ground
7 0.2271454927789784 12.181462881270015 inner
7 0.2271454927789784 14.603916060239268 outer
7 0.2271454927789784 9.139551352398794 ground
8 0.26700882242544527 12.081483438093674 inner
8 0.26700882242544527 14.79943341225707 outer
8 0.26700882242544527 8.581200581924957 ground
9 0.311612872034998 11.352043425795433 inner
9 0.311612872034998 14.430844535105217 outer
9 0.311612872034998 6.832890014164741 ground
10 0.3665160640806488 9.014020470314934 inner
10 0.3665160640806488 12.007377733321269 outer
10 0.3665160640806488 6.285402218862249 ground
11 0.4258530085183797 8.531381460516313 inner
11 0.4258530085183797 11.460967762570421 outer
11 0.4258530085183797 5.459431618637297 ground
12 0.4931199970027974 8.055282435501189 inner
12 0.4931199970027974 10.840777923595054 outer
12 0.4931199970027974 5.285402218862249 ground
13 0.5642069363834745 7.7414669864011465 inner
13 0.5642069363834745 10.714245517666123 outer
13 0.5642069363834745 4.700439718141093 ground
14 0.643199420276248 7.2761244052742375 inner
14 0.643199420276248 10.462502272597265 outer
14 0.643199420276248 4.523561956057013 ground
15 0.7388580206029065 6.6865005271832185 inner
15 0.7388580206029065 10.422064766172813 outer
15 0.7388580206029065 1.0 ground
16 0.9454204942067901 3.321928094887362 inner
16 0.9454204942067901 4.584962500721156 outer
16 0.9454204942067901 2.0 ground
17 1.0869727203262893 4.392317422778761 inner
17 1.0869727203262893 5.930737337562887 outer
17 1.0869727203262893 2.321928094887362 ground
18 1.2143948013265506 4.754887502163468 inner
18 1.2143948013265506 6.303780748177103 outer
18 1.2143948013265506 3.169925001442312 ground
19 1.32496746318325 6.882643049361842 inner
19 1.32496746318325 9.189824558880018 outer
19 1.32496746318325 2.321928094887362 ground
20 1.4942544025033795 4.700439718141093 inner
20 1.4942544025033795 7.700439718141093 outer
20 1.4942544025033795 1.0 ground
21 1.700816876107263 3.321928094887362 inner
21 1.700816876107263 5.0 outer
21 1.700816876107263 1.0 ground
22 1.9073793497111466 3.321928094887362 inner
22 1.9073793497111466 3.9068905956085187 outer
22 1.9073793497111466 1.584962500721156 ground
23 2.065231415967469 4.087462841250339 inner
23 2.065231415967469 5.285402218862249 outer
23 2.065231415967469 2.0 ground
24 2.2243031557821706 4.247927513443585 inner
24 2.2243031557821706 5.727920454563199 outer
24 2.2243031557821706 2.807354922057604 ground
25 2.409357087378507 4.087462841250339 inner
25 2.409357087378507 7.1799090900149345 outer
