0 0 ground 0.2751423149905123 1.0 0.6925996204933587
0 1 inner 0.38899430740037944 1.0 0.5787476280834916 63
0 0 ceil 0.2612237152240565 0.9497372559739231 0.8475629609982426
0 1 outer 0.5069753508815343 0.8156054862239834 0.8446778346164961
0 1 next 0.20632100735215153 0.9765948100684432 0.8262833458128317
1 1 ground 0.78 0.78 0.78
1 2 inner 1.0 0.741466957153232 0.0 4
1 1 ceil 1.0 0.6252723311546844 0.0
1 2 outer 1.0 0.6252723311546844 0.0
1 2 next 1.0 0.6833696441539581 0.0
2 2 ground 1.0 0.3783587509077707 0.0
2 3 inner 1.0 0.4364560639070445 0.0 38
2 2 ceil 0.78 0.78 0.78
2 3 outer 0.17394054395951927 1.0 0.7938013915243517
