0 0 ground 0.6469702097189154 0.7631218026222888 0.8012179511642146
0 1 inner 0.6595338025204547 0.761740771317549 0.7981894911411942 1795
0 0 ceil 0.749251013001786 0.769612652792388 0.7824196553695872
0 1 outer 0.7593992204974884 0.7725810673853064 0.7814190134852859
0 1 next 0.6881046068766404 0.7608022528110172 0.7919790856291075
1 1 ground 0.3447639526582613 0.9109509944285981 0.8691616225893749
1 2 inner 0.4341464509612569 0.8677058891277303 0.8727392651084476 556
1 1 ceil 0.7708508111001383 0.7764714726926656 0.7805242349833995
1 2 outer 0.716693392733353 0.7630305171440872 0.7868139149687299
1 2 next 0.7650466294967487 0.7744272594553375 0.7809456558222782
2 2 ground 1.0 0.5671750181554105 0.0
2 3 inner 0.8950031625553446 1.0 0.07273877292852626 123
2 2 ceil 0.7370100275270053 0.7666187801220815 0.783869097344891
2 3 outer 0.5233237221400674 0.8061447517760094 0.8388243358156059
2 3 next 0.6624146498660098 0.7615064695725112 0.7975197003288986
3 3 ground 0.78 0.78 0.78
3 4 inner 0.606951871657754 0.0 0.0 4
3 3 ceil 0.5 0.0 0.0
3 4 outer 0.5 0.0 0.0
3 4 next 0.5 0.0 0.0
4 4 ground 0.78 0.78 0.78
4 5 inner 0.606951871657754 0.0 0.0 4
4 4 ceil 0.5 0.0 0.0
4 5 outer 0.5 0.0 0.0
4 5 next 0.5 0.0 0.0
5 5 ground 0.78 0.78 0.78
5 6 inner 0.606951871657754 0.0 0.0 5
5 5 ceil 0.5 0.0 0.0
5 6 outer 0.5 0.0 0.0
5 6 next 1.0 0.2331154684095862 0.0
6 6 ground 0.5 0.0 0.0
6 7 inner 0.9099821746880573 0.0007262164124910431 0.0 148
6 6 ceil 0.78 0.78 0.78
6 7 outer 0.21622407039558666 0.9716769814397723 0.8305345202464903
