0 0 5.727920454563199 ground
1 0.09933390570396457 6.20945336562895 inner
1 0.09933390570396457 9.375039431346925 outer
1 0.09933390570396457 3.169925001442312 ground
2 0.22287328258870448 6.0 inner
2 0.22287328258870448 7.78135971352466 outer
2 0.22287328258870448 2.0 ground
3 0.38104294708404113 5.727920454563199 inner
3 0.38104294708404113 7.366322214245816 outer
3 0.38104294708404113 1.0 ground
4 0.5248013449321914 5.459431618637297 inner
4 0.5248013449321914 7.826548487290915 outer
4 0.5248013449321914 2.0 ground
5 0.6706995793523137 5.554588851677638 inner
5 0.6706995793523137 6.870364719583405 outer
5 0.6706995793523137 1.0 ground
6 0.8144579772004641 5.459431618637297 inner
6 0.8144579772004641 6.7414669864011465 outer
6 0.8144579772004641 1.0 ground
7 0.9582163750486145 5.459431618637297 inner
7 0.9582163750486145 5.614709844115208 outer
7 0.9582163750486145 2.0 ground
8 1.126921265935439 6.965784284662087 inner
8 1.126921265935439 10.43567026093655 outer
