0 0 ground 0.7756760399672123 0.7782853676480899 0.7802258958704643
0 1 inner 0.7764077065740068 0.7785695575086853 0.7801848835465787 33686
0 0 ceil 0.7794720965615874 0.7797861205658146 0.7800254388193214
0 1 outer 0.779108925026008 0.7796397174925338 0.780043287788181
0 1 next 0.7784740689424378 0.7793852303289416 0.7800751689915176
1 1 ground 0.7632525561460265 0.7738255690193198 0.7810893725604661
1 2 inner 0.7674307697639344 0.7752488467511763 0.7807644315262174 8165
1 1 ceil 0.778563829464995 0.7794211005483676 0.7800706090233835
1 2 outer 0.7767640113443296 0.7787088265698927 0.7801653197071644
1 2 next 0.7766946953624458 0.778681688049311 0.780169104685289
2 2 ground 0.7259684394102055 0.7644577226840991 0.7853896413467165
2 3 inner 0.7449944376724715 0.7684994688585894 0.7828944588783622 2523
2 2 ceil 0.7747623352763001 0.7779338610069313 0.7802786881401244
2 3 outer 0.7699957763313452 0.7761609235724384 0.780582078297781
2 3 next 0.7716435212425506 0.776762302251168 0.780471934743577
3 3 ground 0.6745412597961823 0.7608614357552055 0.7948052450008042
3 4 inner 0.7167669064244171 0.7630404516276361 0.7868021176090045 1068
3 3 ceil 0.7673734966853741 0.7752288150092359 0.7807686532624348
3 4 outer 0.7588829380264541 0.7724192626830698 0.7814653252786514
3 4 next 0.7639902412824409 0.7740712540396437 0.7810295212652729
4 4 ground 0.6059392700710067 0.771603410814091 0.812234614531004
4 5 inner 0.6672187197687368 0.7611847366765762 0.7964238224706431 702
4 4 ceil 0.7681284823457819 0.7754940465369304 0.7807135255870705
4 5 outer 0.751297347260026 0.7701754180756929 0.7822027958620807
4 5 next 0.754443686865571 0.7710758685808743 0.7818840799402126
5 5 ground 0.3531747334774691 0.9072002160844401 0.8706114032639589
5 6 inner 0.5508050586282585 0.7921581299892508 0.8293983482692189 227
5 5 ceil 0.7388256633449466 0.7670228239096017 0.7836380328232779
5 6 outer 0.7074379215917891 0.7619538159226346 0.7883620549400489
5 6 next 0.7375604286067674 0.7667398018136563 0.7837984730226373
6 6 ground 0.31282786161548126 0.9254594509457673 0.8624475479666914
6 7 inner 0.4990210095730796 0.8205109868721935 0.8475887534153792 160
6 6 ceil 0.6734073932114033 0.7608982243176204 0.7950517135739121
6 7 outer 0.6824004640202974 0.7607411110300244 0.7931397964724134
6 7 next 0.6680771833515032 0.7611363641653334 0.7962308026335448
7 7 ground 0.24465327176989093 0.957736682909135 0.8417298427775746
7 8 inner 0.3793218376265105 0.8957366542334227 0.8742697136466692 232
7 7 ceil 0.7576065423979604 0.7720242261976853 0.7815819717244236
7 8 outer 0.6617632367378223 0.7615567426983172 0.797670330796789
7 8 next 0.7478875820672019 0.7692476616137252 0.7825682773345265
8 8 ground 0.4901960784313725 1.0 0.4775458570524984
8 9 inner 0.3257432005060088 1.0 0.6419987349778622 164
8 8 ceil 0.7671305198639964 0.7751439936030327 0.7807866361016647
8 9 outer 0.6033282357719203 0.7723440756736321 0.8129897515804667
8 9 next 0.7087580077059104 0.7620863564307228 0.7881337292357233
9 9 ground 0.5 0.0 0.0
9 10 inner 1.0 0.4945533769063183 0.0 6
9 9 ceil 1.0 0.48002904865649987 0.0
9 10 outer 1.0 0.5671750181554105 0.0
9 10 next 1.0 0.9157588961510532 0.0
10 10 ground 1.0 0.5090777051561368 0.0
10 11 inner 0.9456040480708408 0.9883805374001459 0.022137887413030133 85
10 10 ceil 0.5649079260868373 0.7859324754720874 0.8247754985652143
10 11 outer 0.3555905977788708 0.906128453165049 0.871003267172579
10 11 next 0.47868798497596954 0.8339373309580281 0.8552086084247272
11 11 ground 1.0 0.712418300653595 0.0
11 12 inner 0.9835547122074635 0.9448075526506902 0.0 81
11 11 ceil 0.5418034066917202 0.7964716673086721 0.8324266083745394
11 12 outer 0.44434923412524663 0.859451139239082 0.8686270686196988
11 12 next 0.622473507440163 0.7674656962944744 0.8075981390010578
12 12 ground 0.78 0.78 0.78
12 13 inner 0.6426024955436721 0.0 0.0 8
12 12 ceil 0.5 0.0 0.0
12 13 outer 0.5 0.0 0.0
12 13 next 1.0 0.5671750181554105 0.0
13 13 ground 1.0 0.27668845315904156 0.0
13 14 inner 1.0 0.33478576615831535 0.0 78
13 13 ceil 0.78 0.78 0.78
13 14 outer 0.21024699480883113 0.9746414380806562 0.827990367654677
