0 0 ground 0.7711724151483285 0.7765891242185806 0.7805028623789462
0 1 inner 0.7735175342635007 0.7774610259903709 0.7803534094763102 14854
0 0 ceil 0.7780358350930838 0.7792106273152991 0.7800976790070133
0 1 outer 0.7780875837656979 0.7792311999156945 0.7800949995864807
0 1 next 0.7764937267379115 0.7786031277445927 0.7801801358577571
1 1 ground 0.7616407351687879 0.7732970818727797 0.7812238031434537
1 2 inner 0.7652303033300277 0.774489660585811 0.780931296645288 7847
1 1 ceil 0.7767752375074253 0.7787132238686744 0.7801647076610416
1 2 outer 0.776341935219012 0.7785439121191986 0.7801885241705795
1 2 next 0.773587753331859 0.7774875132244429 0.7803491089355828
2 2 ground 0.7144057094977684 0.7627322948683282 0.7871850175969238
2 3 inner 0.7411625464316497 0.7675632822728178 0.7833487458546681 1854
2 2 ceil 0.7669003640251174 0.7750638893111679 0.780803778048964
2 3 outer 0.7665596966674539 0.7749457530465542 0.7808293433858096
2 3 next 0.7611349354083375 0.7731335902587211 0.7812670165231982
3 3 ground 0.6869997190443906 0.7607805978625165 0.7922006955279779
3 4 inner 0.7197902945483576 0.7634680280403314 0.7863238918200104 718
3 3 ceil 0.7439133484288811 0.7682290370516707 0.783020076709438
3 4 outer 0.7559093453587372 0.7715099367460414 0.78174178359827
3 4 next 0.7520828323703286 0.7703962169348394 0.7821215484231374
4 4 ground 0.6251967901695865 0.7668765481520051 0.8068592639159333
4 5 inner 0.6910908617555777 0.7608844726304013 0.791387972266996 631
4 4 ceil 0.7421069843484702 0.7677882457641313 0.7832344486793195
4 5 outer 0.7450662203458519 0.7685176010101986 0.7828861895451878
4 5 next 0.7401995686015849 0.7673377822516234 0.7834668416652769
5 5 ground 0.6340369611901647 0.76514622841719 0.804510888525188
5 6 inner 0.659018145998562 0.7617859703888592 0.7983103671178025 1129
5 5 ceil 0.7697354460974862 0.7760670190619844 0.7805999834268799
5 6 outer 0.7575667507495077 0.7720120250204779 0.7815856572185137
5 6 next 0.7258176910603682 0.7644317110837638 0.7854117390958057
6 6 ground 0.26249209361163817 1.0 0.7052498418722328
6 7 inner 0.3962187663792771 0.888493532811498 0.8759506172362531 172
6 6 ceil 0.740141663976586 0.7673243474692854 0.7834739927131605
6 7 outer 0.6925453381980926 0.7609370783799538 0.7911042518680322
6 7 next 0.7398467576025818 0.7672561438975646 0.783510500291585
7 7 ground 0.47754585705249836 1.0 0.4901960784313726
7 8 inner 0.37848049391789684 0.8961007617424858 0.8741719996544233 51
7 7 ceil 0.5183727441856547 0.8089210436583538 0.8405783006977006
7 8 outer 0.508773439368689 0.8145238893169668 0.8440254377807147
7 8 next 0.5835168781877369 0.7787272895354203 0.818913647679661
8 8 ground 0.28788636194009065 0.9370699900183359 0.8558748105185767
8 9 inner 0.510867835748259 0.8132767949022361 0.8432681763107566 131
8 8 ceil 0.6327087011066259 0.7653883580941052 0.8048587785604766
8 9 outer 0.6401447185258471 0.7641146387007204 0.8029342210012727
8 9 next 0.6376831986049836 0.7645141855492732 0.8035650579026976
9 9 ground 0.2715285481719213 0.944811081334452 0.8509326377156774
9 10 inner 0.4660329248533943 0.8429292369829307 0.8600759067421955 269
9 9 ceil 0.6960624396197022 0.7610984245880696 0.7904296594260798
9 10 outer 0.6627342213958998 0.7614823856946001 0.7974459801322835
9 10 next 0.6708134920979287 0.7610007056387866 0.7956213160114438
10 10 ground 0.3096769310997125 0.9269130507271195 0.8616814614559369
10 11 inner 0.368570412533227 0.9004136453294547 0.8729209471052346 266
10 10 ceil 0.7062425929569645 0.7618398031946909 0.7885709216228123
10 11 outer 0.6865474775495383 0.7607730967637353 0.7922918516468068
10 11 next 0.5394125372493664 0.7976614597582719 0.8332407988094318
11 11 ground 0.8191018342820998 1.0 0.14864010120177107
11 12 inner 0.7938013915243516 1.0 0.1739405439595193 119
11 11 ceil 0.78 0.78 0.78
11 12 outer 0.5572479771556578 0.7892328535545435 0.8272676668151735
