0 0 ground 0.7251532911470278 0.764318182648359 0.7855095517021902
0 1 inner 0.7453289026017179 0.7685841408879829 0.7828560047789389 2707
0 0 ceil 0.7645578372358639 0.7742619233304133 0.780984189869969
0 1 outer 0.768366044368342 0.7755780272297029 0.780696414327438
0 1 next 0.7604820015551282 0.7729241976716844 0.7813235224916742
1 1 ground 0.7082871450230457 0.7620382813999348 0.7882148880923319
1 2 inner 0.725239656937411 0.7643328376734705 0.7854967982926259 2893
1 1 ceil 0.7668541006592973 0.775047815977663 0.7808072364009164
1 2 outer 0.7652976469410883 0.7745125771578416 0.7809260484419706
1 2 next 0.7460124322241681 0.7687586620123746 0.7827780219762495
2 2 ground 0.5959829737989004 0.7745539760085983 0.8151465480069153
2 3 inner 0.636135265358243 0.7647766537729379 0.8039649405008389 1380
2 2 ceil 0.7725388765785054 0.7770941710495743 0.780414406144338
2 3 outer 0.7521098775574874 0.770403866622969 0.7821187707901099
2 3 next 0.7612646926097235 0.7731754252138346 0.7812558839744761
3 3 ground 0.3202339374094778 0.9220582274197022 0.8641749325368595
3 4 inner 0.36714222077437186 0.9010388251505751 0.87272543925812 558
3 3 ceil 0.7749537313196772 0.7780071806178408 0.780267485142046
3 4 outer 0.7084432676187771 0.7620541232576703 0.7881879436650105
3 4 next 0.7484849382793775 0.7694065946828972 0.7825027574610421
4 4 ground 0.5 0.0 0.0
4 5 inner 1.0 0.3057371096586785 0.0 6
4 4 ceil 1.0 0.2912127814088604 0.0
4 5 outer 1.0 0.5236020334059556 0.0
4 5 next 0.7558507273877292 1.0 0.2118912080961417
5 5 ground 1.0 0.4364560639070445 0.0
5 6 inner 1.0 0.872185911401598 0.0 30
5 5 ceil 0.8570524984187222 1.0 0.11068943706514867
5 6 outer 0.1865907653383934 1.0 0.7811511701454776
5 6 next 1.0 0.6252723311546844 0.0
6 6 ground 0.78 0.78 0.78
6 7 inner 0.589126559714795 0.0 0.0 4
6 6 ceil 0.5 0.0 0.0
6 7 outer 0.5 0.0 0.0
6 7 next 1.0 0.7269426289034134 0.0
7 7 ground 1.0 0.4219317356572261 0.0
7 8 inner 1.0 0.4509803921568629 0.0 137
7 7 ceil 0.78 0.78 0.78
7 8 outer 0.4014303189781332 0.8862866862736978 0.8763608725851848
