0 0 ground 0.7799836523169628 0.7799933577398909 0.7800007787496586
0 1 inner 0.7799852626116169 0.779994011967981 0.780000702014913 819234
0 0 ceil 0.7799980483160425 0.7799992069434376 0.7800000929414443
0 1 outer 0.7799814367541299 0.7799924576236366 0.7800008843361651
0 1 next 0.7799893042551509 0.7799956540527989 0.780000509444708
1 1 ground 0.7797502499877883 0.7798986561455576 0.7800119601720198
1 2 inner 0.7797757078217388 0.7799089734707192 0.7800107348736344 45885
1 1 ceil 0.7799649176090404 0.7799857470979404 0.7800016719189262
1 2 outer 0.7798423098743662 0.7799359793013773 0.7800075358944268
1 2 next 0.7798711071136928 0.7799476622662561 0.7800061556903233
2 2 ground 0.7769801664213817 0.7787935948354069 0.780153581835949
2 3 inner 0.7773275361673697 0.7789302633761185 0.7801349257770105 3166
2 2 ceil 0.7794608088184901 0.7797815611851912 0.7800259893135925
2 3 outer 0.7782818749768822 0.7793085483970743 0.7800849906296096
2 3 next 0.7786302756913472 0.7794476774186042 0.7800672445545902
3 3 ground 0.7574993743313773 0.7719913813352487 0.7815919043499145
3 4 inner 0.7597732425091352 0.7726990143944366 0.7813857771885555 319
3 3 ceil 0.7746158409672679 0.7778778536709222 0.7802873145064693
3 4 outer 0.7665685071337551 0.7749488018547882 0.7808286793143726
3 4 next 0.7697763560306747 0.7760817558028801 0.7805971606428661
4 4 ground 0.6501008573703171 0.7627233050377842 0.8004472429223097
4 5 inner 0.6684070189898674 0.761118516029766 0.796156869733375 57
4 4 ceil 0.7431148946740628 0.7680324917920185 0.7831141451921383
4 5 outer 0.7066271615732183 0.7618758624156445 0.7885035047487017
4 5 next 0.7305711899813732 0.765297053827349 0.7847320830935263
5 5 ground 0.3580485030346108 0.905040625536931 0.8713906990268268
5 6 inner 0.4193417999552098 0.8788029661161856 0.8773822862089554 11
5 5 ceil 0.5765941928989211 0.7812722171249649 0.8210617115004941
5 6 outer 0.4820463903170604 0.831632492489502 0.8539327344418091
5 6 next 0.5278470455086939 0.8036761929920407 0.8372364043862981
6 6 ground 0.5028462998102466 1.0 0.46489563567362435
6 7 inner 0.3383934218848829 1.0 0.629348513598988 10
6 6 ceil 0.78 0.78 0.78
6 7 outer 0.3321009590459916 0.9166540527570248 0.8667283587774711
