0 0 ground 0.750212795970781 0.7698749143937479 0.7823167991716741
0 1 inner 0.7572207187137594 0.771906212927904 0.7816178312149629 8282
0 0 ceil 0.7776037233958045 0.7790393155965891 0.7801202752930193
0 1 outer 0.7753367182394415 0.7781543898338509 0.7802452974473972
0 1 next 0.7731614642966912 0.7773270540560228 0.7803753736803188
1 1 ground 0.6675571290401405 0.7611653371055914 0.7963476309431667
1 2 inner 0.7227894443798393 0.7639289568436153 0.7858630781726532 1006
1 1 ceil 0.7516535125370313 0.7702752065005515 0.7821658178117893
1 2 outer 0.7554092269015734 0.7713607756250952 0.7817898940582634
1 2 next 0.7441482157441461 0.7682873663334622 0.782992614750937
2 2 ground 0.639568154371805 0.7642062586485563 0.8030814231825101
2 3 inner 0.6896961820710783 0.7608417629463111 0.7916626099014088 1588
2 2 ceil 0.7642229146975015 0.7741492429089593 0.7810108627851566
2 3 outer 0.7500804266961938 0.7698385840216722 0.7823308573568502
2 3 next 0.7625807467810874 0.77360390735615 0.7811447953656823
3 3 ground 0.4913869648397219 0.8254031772531674 0.8504199388890771
3 4 inner 0.6313578891686971 0.7656410919902494 0.8052143891745562 691
3 3 ceil 0.7505850683382389 0.76997749251467 0.7822774300703503
3 4 outer 0.7230897234583367 0.7639771301732603 0.7858176940981156
3 4 next 0.7472895600335381 0.7690900796888893 0.782634499737294
4 4 ground 0.4513427302973947 0.853969869453169 0.8658406919361132
4 5 inner 0.5479594900794207 0.7934932609928629 0.8303492203571825 693
4 4 ceil 0.7638125632646661 0.7740118595115613 0.7810438404498466
4 5 outer 0.7205430497463211 0.7635802658622141 0.7862069526805747
4 5 next 0.7701151762462796 0.7762040937485067 0.7805739119392449
5 5 ground 0.5028462998102466 1.0 0.46489563567362435
5 6 inner 0.30595452159808634 0.9286352673626961 0.860752469045162 217
5 5 ceil 0.7302871221880153 0.7652427160856685 0.784771696317392
5 6 outer 0.6629366055905201 0.7614673306979017 0.7973993533910697
5 6 next 0.7154105995070591 0.7628606857592825 0.7870210594208461
6 6 ground 0.21189120809614148 1.0 0.7558507273877295
6 7 inner 0.2877925363693864 1.0 0.6799493991144845 21
6 6 ceil 0.2877925363693864 1.0 0.6799493991144845
6 7 outer 0.1826231686730293 0.9884877999626083 0.81537594706642
6 7 next 0.17394054395951927 1.0 0.7938013915243517
7 7 ground 0.6166982922201137 1.0 0.35104364326375714
7 8 inner 0.3257432005060088 1.0 0.6419987349778622 49
7 7 ceil 0.2198573550158246 0.9698805897219097 0.8320487508000004
7 8 outer 0.35164128460182853 0.9078818092321673 0.8703569833635154
7 8 next 0.18818219320334673 0.9856824301772404 0.8180274422692854
8 8 ground 0.5534471853257431 1.0 0.4142947501581278
8 9 inner 0.38899430740037944 1.0 0.5787476280834916 28
8 8 ceil 0.3130929791271345 1.0 0.6546489563567364
8 9 outer 0.21368487917232648 0.9729349492440003 0.8294617772112635
8 9 next 0.2901770633126698 0.935993811918418 0.8565270030673063
9 9 ground 0.5154965211891207 1.0 0.4522454142947502
9 10 inner 0.2371916508538899 1.0 0.7305502846299811 46
9 9 ceil 0.2017698522585527 0.9788653260278832 0.8242688882263941
9 10 outer 0.3378098900036457 0.9140746740955052 0.8678626219606911
9 10 next 0.21411682972121937 0.9727208059276823 0.8296451066715697
10 10 ground 0.5028462998102466 1.0 0.46489563567362435
10 11 inner 0.4901960784313725 1.0 0.4775458570524984 246
10 10 ceil 0.78 0.78 0.78
10 11 outer 0.6082456063426194 0.770968859511438 0.8115727133732924
