0 0 ground 0.7491877026130052 0.7695955283113316 0.7824264837068609
0 1 inner 0.7577694163609309 0.7720742395407071 0.7815669172093812 5263
0 0 ceil 0.7738993855144896 0.7776053307875052 0.7803301462888441
0 1 outer 0.7742192616565092 0.7777267189706254 0.7803108913804039
0 1 next 0.7680505577122132 0.7754665539648589 0.7807191629355252
1 1 ground 0.6966840004518636 0.7611319752915047 0.7903121459744457
1 2 inner 0.7229306190964697 0.7639515593174021 0.7858417239023476 2679
1 1 ceil 0.7749299545010437 0.7779980632699669 0.7802688727143641
1 2 outer 0.7656057269682799 0.77461767022075 0.7809021526588393
1 2 next 0.7684811433743739 0.7756188061430993 0.7806881644732437
2 2 ground 0.5871982610651031 0.7774398492317242 0.8177874859394451
2 3 inner 0.6405920326273185 0.764044387140818 0.8028202542277145 1154
2 2 ceil 0.7733822917132325 0.7774100737225831 0.7803617210802369
2 3 outer 0.7475516158927321 0.7691589446575986 0.7826054034064301
2 3 next 0.7704668556359884 0.7763316162608552 0.7805500264080607
3 3 ground 0.7938013915243516 1.0 0.1739405439595193
3 4 inner 0.3613406788131919 0.9035876765598891 0.871891853218246 116
3 3 ceil 0.67241043256358 0.7609345992016321 0.7952696927983809
3 4 outer 0.4824778692814058 0.8313388617153754 0.8537693019287897
3 4 next 0.6908454643944165 0.7608764093512272 0.791436112715224
4 4 ground 0.19924098671726753 1.0 0.7685009487666035
4 5 inner 0.33975295737972877 0.9131998405101077 0.8682347214933105 230
4 4 ceil 0.723317591236935 0.7640139330644784 0.7857833463192627
4 5 outer 0.6719445161579768 0.7609528893542006 0.7953719683340458
4 5 next 0.6175804512303604 0.7685901930171762 0.8089435881212013
5 5 ground 0.5859939822022542 0.7778559503880115 0.8181546357223037
5 6 inner 0.21189120809614148 1.0 0.7558507273877295 18
5 5 ceil 0.2751423149905123 1.0 0.6925996204933587
5 6 outer 0.17394054395951927 1.0 0.7938013915243517
5 6 next 0.25323299487022755 0.9535829364217979 0.8448138412998523
6 6 ground 1.0 0.8867102396514164 0.0
6 7 inner 0.24984187223276405 1.0 0.717900063251107 89
6 6 ceil 0.6513544526296794 0.7625738168223386 0.8001415853262727
6 7 outer 0.5630072786590352 0.7867333296813674 0.8253896643231939
6 7 next 0.5633245243275548 0.7865988247983147 0.8252869565600464
7 7 ground 0.5787476280834913 1.0 0.38899430740037955
7 8 inner 0.3020790750683672 0.9304339752493614 0.8597577160308228 56
7 7 ceil 0.4824988863470856 0.8313245736379888 0.8537613440857923
7 8 outer 0.506775897564205 0.8157260843319304 0.8447503305497789
7 8 next 0.395527996362546 0.8887870153633335 0.8758924121481144
8 8 ground 0.16129032258064513 1.0 0.8064516129032259
8 9 inner 0.3683466082260516 0.9005115540093862 0.8728905633334336 65
8 8 ceil 0.5123452412591352 0.8124053441579285 0.8427357183902833
8 9 outer 0.5642387920498866 0.7862130577263665 0.824991399682891
8 9 next 0.3683466082260516 0.9005115540093862 0.8728905633334336
9 9 ground 0.3918470678027359 0.8903547194180887 0.8755671439922603
9 10 inner 0.2599031586032765 0.9503712584014725 0.8471168370781124 27
9 9 ceil 0.246945423103208 0.9566245017983104 0.8425671570409943
9 10 outer 0.35463753954355415 0.9065509633550453 0.8708499862742392
9 10 next 0.3805318069054904 0.8952135839682307 0.8744079084231053
10 10 ground 0.78 0.78 0.78
10 11 inner 0.1865907653383934 1.0 0.7811511701454776 8
10 10 ceil 0.26249209361163817 1.0 0.7052498418722328
10 11 outer 0.17394054395951927 1.0 0.7938013915243517
10 11 next 0.196287663574936 0.9816089334027034 0.8217916008830175
11 11 ground 0.7432005060088547 1.0 0.2245414294750162
11 12 inner 0.19924098671726753 1.0 0.7685009487666035 20
11 11 ceil 0.22439302959826146 0.9676440421358266 0.8339047825522271
11 12 outer 0.24442042359472904 0.9578497639869629 0.841644237969879
11 12 next 0.21046800626648576 0.9745316195280606 0.8280856171249739
12 12 ground 0.47754585705249836 1.0 0.4901960784313726
12 13 inner 0.19270049286550206 0.9834092125621612 0.8201406522219373 25
12 12 ceil 0.27121885373161037 0.9449585772023062 0.8508342530303292
12 13 outer 0.3611769611401533 0.903659818966739 0.8718674122700761
12 13 next 0.3304004277103356 0.9174249634484868 0.8663786708946335
13 13 ground 0.3130929791271345 1.0 0.6546489563567364
13 14 inner 0.3130929791271345 1.0 0.6546489563567364 149
13 13 ceil 0.78 0.78 0.78
13 14 outer 0.6346421972836618 0.7650380020268234 0.8043529578461
