0 0 ground 0.7013346308772623 0.7614312317357737 0.7894493684663915
0 1 inner 0.8570524984187222 1.0 0.11068943706514867 42
0 0 ceil 0.9962049335863377 0.9302832244008717 0.0
0 1 outer 0.29024789324626277 0.9359605670008756 0.8565470129437256
0 1 next 0.24541854642730743 0.957365162661241 0.8420104803992051
1 1 ground 0.9962049335863377 0.9302832244008717 0.0
1 2 inner 0.6799493991144844 1.0 0.2877925363693865 179
1 1 ceil 0.2987480859413493 0.931984584431287 0.8588802489763201
1 2 outer 0.3962507245898472 0.8884799604478697 0.8759532883879366
1 2 next 0.3763440860215053 1.0 0.5913978494623656
2 2 ground 1.0 0.5962236746550474 0.0
2 3 inner 1.0 0.6107480029048659 0.0 314
2 2 ceil 0.78 0.78 0.78
2 3 outer 0.3389405142807418 0.9135654386127499 0.868079999904753
