0 0 5.285402218862249 ground
1 0.06895989851377274 9.167418145831737 inner
1 0.06895989851377274 11.64250302878052 outer
1 0.06895989851377274 4.857980995127572 ground
2 0.13807203106938215 8.523561956057012 inner
2 0.13807203106938215 10.649256177517314 outer
2 0.13807203106938215 4.584962500721156 ground
3 0.22566228947684616 8.939579214314692 inner
3 0.22566228947684616 12.332316330199218 outer
3 0.22566228947684616 2.0 ground
4 0.3888595386967228 4.700439718141093 inner
4 0.3888595386967228 7.499845887083206 outer
4 0.3888595386967228 2.0 ground
5 0.5854969349037114 5.426264754702098 inner
5 0.5854969349037114 9.754887502163468 outer
