0 0 6.20945336562895 ground
1 0.0684168382379889 9.280770770130603 inner
1 0.0684168382379889 12.715747542831355 outer
1 0.0684168382379889 1.584962500721156 ground
2 0.20500682429179717 5.129283016944966 inner
2 0.20500682429179717 5.857980995127572 outer
2 0.20500682429179717 3.169925001442312 ground
3 0.3255134208391912 5.832890014164741 inner
3 0.3255134208391912 7.658211482751795 outer
3 0.3255134208391912 2.321928094887362 ground
4 0.4518591956005938 6.820178962415188 inner
4 0.4518591956005938 9.189824558880018 outer
4 0.4518591956005938 2.584962500721156 ground
5 0.5667294506054646 6.0 inner
5 0.5667294506054646 7.467605550082998 outer
5 0.5667294506054646 2.584962500721156 ground
6 0.6724573298143115 6.087462841250339 inner
6 0.6724573298143115 7.954196310386875 outer
6 0.6724573298143115 2.321928094887362 ground
7 0.790401573682026 5.672425341971495 inner
7 0.790401573682026 8.330916878114618 outer
7 0.790401573682026 2.0 ground
8 0.9300508565755159 5.087462841250339 inner
8 0.9300508565755159 7.03342300153745 outer
8 0.9300508565755159 3.700439718141092 ground
9 1.0544369468575838 6.409390936137702 inner
9 1.0544369468575838 9.912889336229961 outer
