0 0 17.194554884521757 ground
1 0.02012849517254343 18.655862597636062 inner
1 0.02012849517254343 20.281988870620886 outer
1 0.02012849517254343 15.911415395867488 ground
2 0.04189577255156615 17.55524068697028 inner
2 0.04189577255156615 19.69220512244857 outer
2 0.04189577255156615 14.853504501021279 ground
3 0.0653384790126142 16.492494777570844 inner
3 0.0653384790126142 18.884528286014394 outer
3 0.0653384790126142 13.784430367484626 ground
4 0.09067214955071348 15.440252776830603 inner
4 0.09067214955071348 17.949154165503177 outer
4 0.09067214955071348 12.824958740528523 ground
5 0.11804501348316668 14.434823666219248 inner
5 0.11804501348316668 17.087763233316142 outer
5 0.11804501348316668 11.876900591040306 ground
6 0.14773320212936053 13.480537783101841 inner
6 0.14773320212936053 16.25576625712881 outer
6 0.14773320212936053 10.961449694398196 ground
7 0.18002170207236207 12.544240006441658 inner
7 0.18002170207236207 15.311677370349495 outer
7 0.18002170207236207 10.095397022792557 ground
8 0.21511056049259927 11.681677655209691 inner
8 0.21511056049259927 14.456546932739634 outer
8 0.21511056049259927 9.471675214392045 ground
9 0.25352223525916096 10.904634621668151 inner
9 0.25352223525916096 13.920073669146017 outer
9 0.25352223525916096 8.426264754702098 ground
10 0.2963327826368869 9.972979786066292 inner
10 0.2963327826368869 12.733862719678543 outer
10 0.2963327826368869 7.491853096329675 ground
11 0.3438935235387135 9.098032082960527 inner
11 0.3438935235387135 11.779719355143405 outer
11 0.3438935235387135 7.03342300153745 ground
12 0.39497360988596275 8.643856189774725 inner
12 0.39497360988596275 11.386401423640777 outer
12 0.39497360988596275 6.303780748177103 ground
13 0.4505231193750307 8.238404739325079 inner
13 0.4505231193750307 10.800090987624994 outer
13 0.4505231193750307 6.3750394313469245 ground
14 0.5085754409810299 8.238404739325079 inner
14 0.5085754409810299 11.281350514981035 outer
14 0.5085754409810299 6.022367813028454 ground
15 0.572733991693399 7.159871336778389 inner
15 0.572733991693399 10.295768934420508 outer
15 0.572733991693399 5.392317422778761 ground
16 0.6527013842276114 6.129283016944966 inner
16 0.6527013842276114 10.059344460824425 outer
16 0.6527013842276114 2.584962500721156 ground
17 0.9252029883374504 2.0 inner
17 0.9252029883374504 6.247927513443585 outer
