0 0 3.700439718141092 ground
1 0.0934337539624206 6.149747119504682 inner
1 0.0934337539624206 7.294620748891627 outer
1 0.0934337539624206 2.807354922057604 ground
2 0.20203318174024618 5.426264754702098 inner
2 0.20203318174024618 6.392317422778761 outer
2 0.20203318174024618 2.807354922057604 ground
3 0.31390526927071366 5.169925001442312 inner
3 0.31390526927071366 6.3750394313469245 outer
3 0.31390526927071366 2.584962500721156 ground
4 0.43050931148666993 5.321928094887363 inner
4 0.43050931148666993 6.658211482751795 outer
4 0.43050931148666993 2.584962500721156 ground
5 0.558108226134736 5.087462841250339 inner
5 0.558108226134736 6.845490050944376 outer
5 0.558108226134736 3.0 ground
6 0.7008672778203693 5.491853096329675 inner
6 0.7008672778203693 8.294620748891628 outer
