0 0 ground 0.46489563567362424 1.0 0.5028462998102468
0 1 inner 0.42694497153700184 1.0 0.540796963946869 60
0 0 ceil 0.2524480370840998 0.9539619097658354 0.8445373753828498
0 1 outer 0.5768295900694491 0.7811830325026461 0.8209880261843223
0 1 next 0.7052498418722326 1.0 0.26249209361163817
1 1 ground 0.78 0.78 0.78
1 2 inner 0.6782531194295901 0.0 0.0 1
1 1 ceil 0.5 0.0 0.0
1 2 outer 0.5 0.0 0.0
1 2 next 0.5 0.0 0.0
2 2 ground 0.5 0.0 0.0
2 3 inner 0.6782531194295901 0.0 0.0 4
2 2 ceil 0.5 0.0 0.0
2 3 outer 1.0 0.13144517066085715 0.0
2 3 next 0.5 0.0 0.0
3 3 ground 0.78 0.78 0.78
3 4 inner 0.8386809269162212 0.0 0.0 2
3 3 ceil 0.5 0.0 0.0
3 4 outer 0.5 0.0 0.0
3 4 next 1.0 0.2331154684095862 0.0
4 4 ground 1.0 0.2331154684095862 0.0
4 5 inner 1.0 0.7705156136528688 0.0 5
4 4 ceil 1.0 0.843137254901961 0.0
4 5 outer 0.9582542694497153 0.973856209150327 0.009487666034155628
4 5 next 1.0 0.9157588961510532 0.0
5 5 ground 1.0 0.40740740740740755 0.0
5 6 inner 1.0 0.48002904865649987 0.0 43
5 5 ceil 0.78 0.78 0.78
5 6 outer 0.17859868997800554 0.9905245943508664 0.8134209347964825
