0 0 ground 0.3482052518803591 0.9094127172691271 0.8697708637497183
0 1 inner 0.6166982922201137 1.0 0.35104364326375714 31
0 0 ceil 0.6672991777356103 1.0 0.30044275774826057
0 1 outer 0.2751423149905123 1.0 0.6925996204933587
0 1 next 0.3510436432637571 1.0 0.6166982922201139
1 1 ground 1.0 0.8286129266521426 0.0
1 2 inner 0.6546489563567361 1.0 0.31309297912713474 311
1 1 ceil 0.6093504561028124 0.7706714339595196 0.8112573423804431
1 2 outer 0.5300622466646163 0.8024910206503815 0.8364638723361133
1 2 next 0.4138817174622653 0.8810674625030546 0.8771346773014397
2 2 ground 1.0 0.5526506899055921 0.0
2 3 inner 1.0 0.5962236746550474 0.0 197
2 2 ceil 0.78 0.78 0.78
2 3 outer 0.4642900720876756 0.8442053947598648 0.8607534848339625
