0 0 ground 0.44678377047349715 0.8575266405351929 0.8676540734349756
0 1 inner 0.2518040735542423 0.95427297087679 0.8443097124904446 457
0 0 ceil 0.2751423149905123 1.0 0.6925996204933587
0 1 outer 0.6903989420748291 0.7608623384724084 0.7915239089410635
0 1 next 0.7514540152886992 0.7702192452020195 0.782186502041737
1 1 ground 0.672296570538074 0.7609389931257454 0.7952946633683503
1 2 inner 1.0 0.6688453159041396 0.0 47
1 1 ceil 1.0 0.16049382716049398 0.0
1 2 outer 0.31477631445808907 0.9245625292541462 0.8629119677910329
1 2 next 0.3878793422318001 0.8920517138672723 0.8751880354626895
2 2 ground 0.7052498418722326 1.0 0.26249209361163817
2 3 inner 1.0 0.6688453159041396 0.0 18
2 2 ceil 1.0 0.6107480029048659 0.0
2 3 outer 0.5154965211891207 1.0 0.4522454142947502
2 3 next 1.0 0.6543209876543212 0.0
3 3 ground 1.0 0.5671750181554105 0.0
3 4 inner 1.0 0.5962236746550474 0.0 187
3 3 ceil 0.78 0.78 0.78
3 4 outer 0.2590570138972993 0.9507778162318731 0.8468292768224032
