0 0 ground 0.1865907653383934 1.0 0.7811511701454776
0 1 inner 0.2491045469232026 0.9555785098455548 0.8433469454818535 711
0 0 ceil 0.7666094340559019 0.7749629688748403 0.7808255965403349
0 1 outer 0.702924043964132 0.7615530824281187 0.7891612454268371
0 1 next 0.7468891565399519 0.768985425122747 0.7826791896344777
1 1 ground 0.78 0.78 0.78
1 2 inner 0.553475935828877 0.0 0.0 3
1 1 ceil 0.5 0.0 0.0
1 2 outer 0.5 0.0 0.0
1 2 next 0.6799493991144844 1.0 0.2877925363693865
2 2 ground 0.9835547122074635 0.9448075526506902 0.0
2 3 inner 0.9709044908285893 0.9593318809005086 0.0 327
2 2 ceil 0.78 0.78 0.78
2 3 outer 0.3679633610611156 0.9006792666209281 0.8728383149703677
