0 0 16.00389118663062 ground
1 0.022008016086472935 16.826945650415485 inner
1 0.022008016086472935 19.11136749292958 outer
1 0.022008016086472935 13.913637428049103 ground
2 0.047182659682796724 14.91026795581084 inner
2 0.047182659682796724 17.438556343014323 outer
2 0.047182659682796724 12.522826699925806 ground
3 0.07531361120329705 13.678930187152346 inner
3 0.07531361120329705 16.29014487558917 outer
3 0.07531361120329705 11.25915476886684 ground
4 0.10678378554577153 12.407798850221974 inner
4 0.10678378554577153 15.16671230714146 outer
4 0.10678378554577153 10.149747119504681 ground
5 0.14193016072582812 11.242578689451346 inner
5 0.14193016072582812 14.194064268444524 outer
5 0.14193016072582812 9.025139562278508 ground
6 0.1815223086293819 10.224001674198105 inner
6 0.1815223086293819 13.169768450518076 outer
6 0.1815223086293819 8.20945336562895 ground
7 0.22506338634269135 9.445014845868423 inner
7 0.22506338634269135 12.171802288682983 outer
7 0.22506338634269135 7.294620748891627 ground
8 0.2736932457849964 8.661778097771988 inner
8 0.2736932457849964 11.197830998012197 outer
8 0.2736932457849964 6.857980995127572 ground
9 0.32575418363629843 8.29920801838728 inner
9 0.32575418363629843 11.014020470314934 outer
9 0.32575418363629843 6.426264754702098 ground
10 0.38079832534033387 7.839203788096944 inner
10 0.38079832534033387 10.258566033889933 outer
10 0.38079832534033387 6.129283016944966 ground
11 0.4402995792068067 7.285402218862249 inner
11 0.4402995792068067 9.76487159073609 outer
11 0.4402995792068067 5.554588851677638 ground
12 0.5084071189202125 6.523561956057013 inner
12 0.5084071189202125 9.266786540694902 outer
12 0.5084071189202125 5.087462841250339 ground
13 0.5952564838616599 5.321928094887363 inner
13 0.5952564838616599 8.829722735086058 outer
13 0.5952564838616599 1.584962500721156 ground
14 0.8230052242478902 2.584962500721156 inner
14 0.8230052242478902 4.392317422778761 outer
14 0.8230052242478902 2.321928094887362 ground
15 1.1368755440753908 1.584962500721156 inner
15 1.1368755440753908 4.954196310386875 outer
