0 0 3.321928094887362 ground
1 0.11906196024621499 6.539158811108031 inner
1 0.11906196024621499 9.943979914343739 outer
1 0.11906196024621499 2.321928094887362 ground
2 0.25633098536324 5.700439718141093 inner
2 0.25633098536324 7.839203788096944 outer
2 0.25633098536324 2.0 ground
3 0.3877930614381554 5.357552004618084 inner
3 0.3877930614381554 7.577428828035749 outer
3 0.3877930614381554 2.321928094887362 ground
4 0.5208884745453176 5.459431618637297 inner
4 0.5208884745453176 7.7481928495894605 outer
4 0.5208884745453176 2.807354922057604 ground
5 0.6831194206222436 5.832890014164741 inner
5 0.6831194206222436 10.129283016944967 outer
