0 0 5.614709844115208 ground
1 0.06098821115989297 5.20945336562895 inner
1 0.06098821115989297 7.721099188707186 outer
1 0.06098821115989297 4.087462841250339 ground
2 0.1388628973763482 4.087462841250339 inner
2 0.1388628973763482 7.800899899920305 outer
2 0.1388628973763482 4.087462841250339 ground
3 0.2202814531762248 3.9068905956085187 inner
3 0.2202814531762248 7.531381460516312 outer
3 0.2202814531762248 3.169925001442312 ground
4 0.3206970422008737 3.169925001442312 inner
4 0.3206970422008737 5.584962500721156 outer
4 0.3206970422008737 2.321928094887362 ground
5 0.4577856483832422 2.321928094887362 inner
5 0.4577856483832422 5.459431618637297 outer
5 0.4577856483832422 2.321928094887362 ground
6 0.5948742545656107 2.321928094887362 inner
6 0.5948742545656107 4.857980995127572 outer
6 0.5948742545656107 2.321928094887362 ground
7 0.7319628607479792 2.321928094887362 inner
7 0.7319628607479792 5.807354922057604 outer
7 0.7319628607479792 2.321928094887362 ground
8 0.8690514669303477 2.321928094887362 inner
8 0.8690514669303477 5.321928094887363 outer
8 0.8690514669303477 2.0 ground
9 1.028206410022243 2.0 inner
9 1.028206410022243 5.0 outer
9 1.028206410022243 2.0 ground
10 1.1873613531141383 2.0 inner
10 1.1873613531141383 5.643856189774724 outer
10 1.1873613531141383 2.0 ground
11 1.3465162962060335 2.0 inner
11 1.3465162962060335 5.0 outer
11 1.3465162962060335 1.584962500721156 ground
12 1.5473474742553313 1.584962500721156 inner
12 1.5473474742553313 4.700439718141093 outer
12 1.5473474742553313 1.584962500721156 ground
13 1.748178652304629 1.584962500721156 inner
13 1.748178652304629 3.584962500721156 outer
13 1.748178652304629 1.584962500721156 ground
14 1.9490098303539267 1.584962500721156 inner
14 1.9490098303539267 3.0 outer
14 1.9490098303539267 1.584962500721156 ground
15 2.1498410084032242 1.584962500721156 inner
15 2.1498410084032242 3.9068905956085187 outer
15 2.1498410084032242 1.584962500721156 ground
16 2.350672186452522 1.584962500721156 inner
16 2.350672186452522 3.584962500721156 outer
16 2.350672186452522 1.584962500721156 ground
17 2.730803283480849 0.0 inner
17 2.730803283480849 2.807354922057604 outer
