0 0 8.179909090014934 ground
1 0.046780587726169914 11.138271800172221 inner
1 0.046780587726169914 13.840679590429295 outer
1 0.046780587726169914 6.954196310386875 ground
2 0.10270820532193677 10.665335917185176 inner
2 0.10270820532193677 13.61815604777846 outer
2 0.10270820532193677 6.169925001442312 ground
3 0.16940771440151436 9.31741261376487 inner
3 0.16940771440151436 12.805743872151618 outer
3 0.16940771440151436 4.321928094887363 ground
4 0.2658782122906266 7.679480099505446 inner
4 0.2658782122906266 11.547858506058416 outer
4 0.2658782122906266 1.584962500721156 ground
5 0.4174295504353943 4.700439718141093 inner
5 0.4174295504353943 6.754887502163468 outer
5 0.4174295504353943 2.0 ground
6 0.5703160990480183 5.392317422778761 inner
6 0.5703160990480183 8.686500527183219 outer
6 0.5703160990480183 1.0 ground
7 0.7468366167622669 4.169925001442312 inner
7 0.7468366167622669 5.906890595608519 outer
7 0.7468366167622669 2.0 ground
8 0.9493567220074622 5.129283016944966 inner
8 0.9493567220074622 10.014020470314934 outer
