0 0 18.95292036736459 ground
1 0.018597243491645567 17.777460812669784 inner
1 0.018597243491645567 20.799881576074537 outer
1 0.018597243491645567 14.999823879015725 ground
2 0.04287913252170139 13.573765513926924 inner
2 0.04287913252170139 18.03124350431479 outer
2 0.04287913252170139 11.38586240064146 ground
3 0.0759704387055683 10.047123912114026 inner
3 0.0759704387055683 14.518099868977869 outer
3 0.0759704387055683 8.339850002884624 ground
4 0.12290776796677177 7.189824558880018 inner
4 0.12290776796677177 11.347067657165871 outer
4 0.12290776796677177 5.832890014164741 ground
5 0.19261609430869173 5.087462841250339 inner
5 0.19261609430869173 8.519636252843213 outer
5 0.19261609430869173 3.584962500721156 ground
6 0.2965383355113921 4.0 inner
6 0.2965383355113921 6.643856189774724 outer
6 0.2965383355113921 3.169925001442312 ground
7 0.45314027121451894 2.584962500721156 inner
7 0.45314027121451894 6.426264754702098 outer
