0 0 ground 0.36613923545578386 0.9014784152153091 0.8725858480012701
0 1 inner 1.0 0.5816993464052289 0.0 22
0 0 ceil 1.0 0.3202614379084969 0.0
0 1 outer 0.5028462998102466 1.0 0.46489563567362435
0 1 next 0.4489195766730001 0.8558526923910591 0.8668031177823954
1 1 ground 0.3130929791271345 1.0 0.6546489563567364
1 2 inner 1.0 0.11692084241103862 0.0 13
1 1 ceil 0.8565062388591802 0.0 0.0
1 2 outer 0.9203036053130929 1.0 0.04743833017077803
1 2 next 1.0 0.5816993464052289 0.0
2 2 ground 1.0 0.34931009440813376 0.0
2 3 inner 1.0 0.3783587509077707 0.0 126
2 2 ceil 0.78 0.78 0.78
2 3 outer 0.2898237443979622 0.9361596745631123 0.8564270483073827
