0 0 16.3707895577678 ground
1 0.021078332452962138 18.13623016527164 inner
1 0.021078332452962138 19.766949409065536 outer
1 0.021078332452962138 15.199634007405198 ground
2 0.043493066773335226 17.229194343418428 inner
2 0.043493066773335226 19.029349243402077 outer
2 0.043493066773335226 14.458727005660707 ground
3 0.06700108550452252 16.614163439520418 inner
3 0.06700108550452252 18.51640410729529 outer
3 0.06700108550452252 13.889408896030407 ground
4 0.09138633946351342 16.06337401374215 inner
4 0.09138633946351342 18.042653313873103 outer
4 0.09138633946351342 13.384109183736607 ground
5 0.11670048008834213 15.603829151772002 inner
5 0.11670048008834213 17.66709767847212 outer
5 0.11670048008834213 12.899356922923111 ground
6 0.14281266930706865 15.139871063212487 inner
6 0.14281266930706865 17.17506217670975 outer
6 0.14281266930706865 12.538431462950005 ground
7 0.16947267736644325 14.7688046164558 inner
7 0.16947267736644325 16.780001424507006 outer
7 0.16947267736644325 12.222493052246467 ground
8 0.19689048560000674 14.512061416752163 inner
8 0.19689048560000674 16.564551439911757 outer
8 0.19689048560000674 11.911017407796985 ground
9 0.2248245821926013 14.203500952361395 inner
9 0.2248245821926013 16.232608297468804 outer
9 0.2248245821926013 11.69479315499995 ground
10 0.2531797958223862 14.000616254183969 inner
10 0.2531797958223862 15.994242932087566 outer
10 0.2531797958223862 11.536247215688128 ground
11 0.2820060135907986 13.845588056789383 inner
11 0.2820060135907986 15.865394978737783 outer
11 0.2820060135907986 11.325305455089682 ground
12 0.3113512358848949 13.649368462612198 inner
12 0.3113512358848949 15.693541406012942 outer
12 0.3113512358848949 11.156083076288681 ground
13 0.34111103185735464 13.539280000157696 inner
13 0.34111103185735464 15.585872116783579 outer
13 0.34111103185735464 11.06204613772049 ground
14 0.3711510263874758 13.362217815913079 inner
14 0.3711510263874758 15.384277854897741 outer
14 0.3711510263874758 10.90839262077375 ground
15 0.40169900501787326 13.16679075071818 inner
15 0.40169900501787326 15.231296194102123 outer
15 0.40169900501787326 10.680359523513713 ground
16 0.43303139700048465 13.075980462416286 inner
16 0.43303139700048465 15.189052362190337 outer
16 0.43303139700048465 10.53430288245463 ground
17 0.4648145019998811 12.879200317947392 inner
17 0.4648145019998811 15.03578712461773 outer
17 0.4648145019998811 10.436711542137214 ground
18 0.49733051629993524 12.761966695382092 inner
18 0.49733051629993524 15.057907134500766 outer
18 0.49733051629993524 10.245552706255681 ground
19 0.5304815360421212 12.511011352882239 inner
19 0.5304815360421212 14.827938080144989 outer
19 0.5304815360421212 9.99859042974533 ground
20 0.5641058463911193 12.303780748177102 inner
20 0.5641058463911193 14.524786550851607 outer
20 0.5641058463911193 9.821773981970567 ground
21 0.5981517979612542 12.130892269806624 inner
21 0.5981517979612542 14.3445733225962 outer
21 0.5981517979612542 9.758223214726724 ground
22 0.6330649268119397 12.080484457067568 inner
22 0.6330649268119397 14.40494196164382 outer
22 0.6330649268119397 9.51175265376738 ground
23 0.668417291811969 11.812979471251483 inner
23 0.668417291811969 13.987175173435798 outer
23 0.668417291811969 9.259743263690781 ground
24 0.7047587625152638 11.558420713268664 inner
24 0.7047587625152638 13.735661789465697 outer
24 0.7047587625152638 8.98299357469431 ground
25 0.7421483205435925 11.31741261376487 inner
25 0.7421483205435925 13.523561956057012 outer
25 0.7421483205435925 8.888743248898258 ground
26 0.7798805261340327 11.086799685623452 inner
26 0.7798805261340327 13.277578002415737 outer
26 0.7798805261340327 8.625708843064466 ground
27 0.818709477958063 11.057314877782703 inner
27 0.818709477958063 13.274086905634414 outer
27 0.818709477958063 8.59618975614441 ground
28 0.8579090946986127 10.873444112515376 inner
28 0.8579090946986127 13.159556028058768 outer
28 0.8579090946986127 8.46352437327118 ground
29 0.8981928974857301 10.664447284547972 inner
29 0.8981928974857301 13.040803409847555 outer
29 0.8981928974857301 8.312882955284355 ground
30 0.9398459578220089 10.526499239136566 inner
30 0.9398459578220089 12.981032058361023 outer
30 0.9398459578220089 8.03342300153745 ground
31 0.9830802574467135 10.28886607416582 inner
31 0.9830802574467135 12.896332403909941 outer
31 0.9830802574467135 7.679480099505446 ground
32 1.0283839562910104 9.832890014164741 inner
32 1.0283839562910104 12.40886043602476 outer
32 1.0283839562910104 7.219168520462161 ground
33 1.077383469962808 9.521600439723727 inner
33 1.077383469962808 12.293471648838134 outer
33 1.077383469962808 7.0 ground
34 1.1296339517252643 9.087462841250339 inner
34 1.1296339517252643 12.052568050804153 outer
34 1.1296339517252643 6.066089190457772 ground
35 1.1871531235581456 8.271463027904375 inner
35 1.1871531235581456 11.023061249735335 outer
35 1.1871531235581456 6.022367813028454 ground
36 1.2456890252527093 8.038918989292302 inner
36 1.2456890252527093 10.75905593916017 outer
36 1.2456890252527093 5.523561956057013 ground
37 1.3088791899662873 7.754887502163468 inner
37 1.3088791899662873 10.373952655370193 outer
37 1.3088791899662873 4.459431618637297 ground
38 1.3781897818923752 6.857980995127572 inner
38 1.3781897818923752 8.696967526234287 outer
38 1.3781897818923752 4.807354922057604 ground
39 1.4452256854133372 7.098032082960526 inner
39 1.4452256854133372 9.052568050804153 outer
39 1.4452256854133372 4.906890595608519 ground
40 1.510303197478256 7.3750394313469245 inner
40 1.510303197478256 9.422064766172813 outer
40 1.510303197478256 4.857980995127572 ground
41 1.5755967020403918 7.149747119504682 inner
41 1.5755967020403918 9.164906926675688 outer
41 1.5755967020403918 4.392317422778761 ground
42 1.6481749171829294 6.614709844115208 inner
42 1.6481749171829294 8.665335917185176 outer
42 1.6481749171829294 4.169925001442312 ground
43 1.7231008699315482 6.930737337562887 inner
43 1.7231008699315482 9.319672120946995 outer
43 1.7231008699315482 5.044394119358453 ground
44 1.7913997872372103 7.794415866350106 inner
44 1.7913997872372103 10.542064542283443 outer
44 1.7913997872372103 5.426264754702098 ground
45 1.8652510494239118 7.622051819456376 inner
45 1.8652510494239118 10.881113960675096 outer
45 1.8652510494239118 1.584962500721156 ground
46 2.025359460980633 3.700439718141092 inner
46 2.025359460980633 5.672425341971495 outer
46 2.025359460980633 3.700439718141092 ground
47 2.38865232654717 0.0 inner
47 2.38865232654717 7.78135971352466 outer
