0 0 11.653292945382814 ground
1 0.032794742776557494 13.7918751044647 inner
1 0.032794742776557494 16.96817177173115 outer
1 0.032794742776557494 9.665335917185176 ground
2 0.07258400802550366 11.979782430703086 inner
2 0.07258400802550366 15.12871935409705 outer
2 0.07258400802550366 7.906890595608519 ground
3 0.12079628825181388 10.5401280385821 inner
3 0.12079628825181388 13.660664477461278 outer
3 0.12079628825181388 6.918863237274595 ground
4 0.17537025433395242 9.60177078840771 inner
4 0.17537025433395242 12.53430288245463 outer
4 0.17537025433395242 6.285402218862249 ground
5 0.2374958961240726 8.703903573444663 inner
5 0.2374958961240726 11.968666793195208 outer
5 0.2374958961240726 5.20945336562895 ground
6 0.3109060921571864 7.658211482751795 inner
6 0.3109060921571864 10.514714054138487 outer
6 0.3109060921571864 4.857980995127572 ground
7 0.38999968663688794 7.392317422778761 inner
7 0.38999968663688794 10.256208688527387 outer
7 0.38999968663688794 4.459431618637297 ground
8 0.48237587617354716 6.94251450533924 inner
8 0.48237587617354716 10.680359523513713 outer
8 0.48237587617354716 3.169925001442312 ground
9 0.6111777234411291 5.954196310386875 inner
9 0.6111777234411291 9.449148645375436 outer
9 0.6111777234411291 1.584962500721156 ground
10 0.7672229673375441 4.247927513443585 inner
10 0.7672229673375441 6.108524456778169 outer
10 0.7672229673375441 2.0 ground
11 0.943082973623244 5.247927513443585 inner
11 0.943082973623244 8.611024797307353 outer
11 0.943082973623244 2.0 ground
12 1.1280610618942895 5.044394119358453 inner
12 1.1280610618942895 8.810571634741146 outer
12 1.1280610618942895 1.0 ground
13 1.3243908773234936 3.584962500721156 inner
13 1.3243908773234936 7.721099188707186 outer
13 1.3243908773234936 1.584962500721156 ground
14 1.5661104269315045 4.321928094887363 inner
14 1.5661104269315045 8.335390354693924 outer
