0 0 9.390168956200183 ground
1 0.04279339854832193 11.61378946447258 inner
1 0.04279339854832193 15.117724258818354 outer
1 0.04279339854832193 7.266786540694901 ground
2 0.09341452435261033 10.004220466318195 inner
2 0.09341452435261033 12.876900591040306 outer
2 0.09341452435261033 6.475733430966398 ground
3 0.15343521658799963 9.712527000439824 inner
3 0.15343521658799963 12.906890595608518 outer
3 0.15343521658799963 5.491853096329675 ground
4 0.22125274696383032 8.936637939002571 inner
4 0.22125274696383032 11.69522829149575 outer
4 0.22125274696383032 5.20945336562895 ground
5 0.2983893563391008 8.243173983472952 inner
5 0.2983893563391008 11.806952328210736 outer
5 0.2983893563391008 3.807354922057604 ground
6 0.396530497302031 7.149747119504682 inner
6 0.396530497302031 10.876516946565 outer
6 0.396530497302031 2.807354922057604 ground
7 0.49961480315277773 6.20945336562895 inner
7 0.49961480315277773 8.330916878114618 outer
7 0.49961480315277773 2.807354922057604 ground
8 0.6197406478987119 6.247927513443585 inner
8 0.6197406478987119 8.74819284958946 outer
8 0.6197406478987119 3.169925001442312 ground
9 0.7279150235235463 6.022367813028454 inner
9 0.7279150235235463 8.280770770130603 outer
9 0.7279150235235463 3.0 ground
10 0.8360995866403892 6.339850002884624 inner
10 0.8360995866403892 9.308339030139408 outer
10 0.8360995866403892 3.807354922057604 ground
11 0.9584864185215586 6.129283016944966 inner
11 0.9584864185215586 10.44604940671655 outer
