0 0 2.807354922057604 ground
1 0.12150489968114046 6.820178962415188 inner
1 0.12150489968114046 9.712527000439824 outer
1 0.12150489968114046 2.0 ground
2 0.2344059882454957 6.357552004618084 inner
2 0.2344059882454957 7.888743248898259 outer
2 0.2344059882454957 2.0 ground
3 0.34508110518369467 6.442943495848728 inner
3 0.34508110518369467 8.011227255423254 outer
3 0.34508110518369467 2.321928094887362 ground
4 0.46496504465854277 6.129283016944966 inner
4 0.46496504465854277 7.6653359171851765 outer
4 0.46496504465854277 2.321928094887362 ground
5 0.634920239059176 6.426264754702098 inner
5 0.634920239059176 10.833680748654743 outer
