0 0 ground 0.7790363247130062 0.7796105224318561 0.7800468898892207
0 1 inner 0.7793277426747451 0.779727856333957 0.7800324995036672 79263
0 0 ceil 0.7797651231000022 0.7799046834306297 0.7800112441519118
0 1 outer 0.7797203750697639 0.7798865524621348 0.7800133998488135
0 1 next 0.7796185626225958 0.7798453341047593 0.7800183206533946
1 1 ground 0.7779318753391649 0.7791693349582495 0.7801030790365937
1 2 inner 0.7786680252624516 0.7794627852487179 0.7800653373331146 37937
1 1 ceil 0.7795851018462494 0.7798317979336394 0.7800199427570422
1 2 outer 0.7794379073210165 0.7797723125195719 0.7800271070437967
1 2 next 0.7793107373663412 0.7797209988715323 0.7800333342231264
2 2 ground 0.7761245470018735 0.7784592876606243 0.7802006220268954
2 3 inner 0.7776663009578717 0.7790640722577539 0.7801169783480011 20167
2 2 ceil 0.7793162844188607 0.7797232355995038 0.7800330618732062
2 3 outer 0.7789755897071665 0.7795861172007982 0.7800499119746257
2 3 next 0.7789453089249199 0.7795739556886633 0.7800514216577701
3 3 ground 0.7733781352250252 0.7774085090773709 0.7803619771242837
3 4 inner 0.7762852669448362 0.7785218318445346 0.7801916682238242 10190
3 3 ceil 0.7787024767710287 0.7794765787976456 0.7800635994013942
3 4 outer 0.7781295151784353 0.7792478785810704 0.7800928326667216
3 4 next 0.7781188655811847 0.7792436418356106 0.7800933826584634
4 4 ground 0.7701826622178822 0.7762285220669355 0.7805693089856023
4 5 inner 0.774779058602245 0.7779402607696132 0.7802777062260394 5923
4 4 ceil 0.777698514480032 0.779076823343281 0.7801152844001605
4 5 outer 0.7766725487876712 0.7786730218224516 0.7801703161314429
4 5 next 0.7773500071426255 0.778939123114764 0.7801337277433559
5 5 ground 0.7670096542522277 0.7751018978105363 0.7807956250509341
5 6 inner 0.7731752994834095 0.7773322489436411 0.7803745153679938 4121
5 5 ceil 0.7768965313566815 0.7787607711120352 0.7801581117535014
5 6 outer 0.775685313627 0.778288954558223 0.7802253690135551
5 6 next 0.7768954689873285 0.778760354374075 0.780158169389667
6 6 ground 0.764897461321193 0.7743766908585329 0.7809573660198845
6 7 inner 0.7716468250113011 0.7767635202171033 0.7804717194534547 3531
6 6 ceil 0.7761228726525645 0.7784586367011189 0.7802007155920153
6 7 outer 0.7750074400856014 0.7780277849007687 0.780264355139252
6 7 next 0.7760014233782726 0.7784114529630219 0.7802075180829919
7 7 ground 0.7647935817981686 0.7743415333149181 0.7809655466092726
7 8 inner 0.769836687508535 0.7761035022621674 0.780593003935145 5236
7 7 ceil 0.7774195355892227 0.7789665508997731 0.7801300276390516
7 8 outer 0.7754024205954063 0.7781797103520441 0.7802415219202271
7 8 next 0.7759726527115591 0.7784002851465184 0.7802091340993984
8 8 ground 0.757738588233808 0.7720647643543519 0.7815697628630688
8 9 inner 0.7615724404696398 0.7732749411983328 0.7812296093701516 4428
8 8 ceil 0.7788570797206379 0.7795385443877594 0.7800558316344005
8 9 outer 0.7747433842543702 0.7779266102604443 0.7802798015586628
8 9 next 0.775256782328646 0.7781236101887422 0.780249903074901
9 9 ground 0.6591101104292703 0.7617778369671329 0.7982887877190556
9 10 inner 0.7078871244131806 0.7619981356398743 0.7882840830687887 541
9 9 ceil 0.7560514912298836 0.7715525300226598 0.7817281937504498
9 10 outer 0.7497766214063892 0.7697554853336668 0.7823632409670425
9 10 next 0.7438042630199883 0.7682020253439722 0.7830328638493796
10 10 ground 0.6036678580185038 0.7722463997419539 0.8128911835970378
10 11 inner 0.6788496150999995 0.7607662488702862 0.7938828934125207 351
10 10 ceil 0.7429512909294532 0.7679925532652097 0.7831335548220492
10 11 outer 0.7356795196244461 0.7663314742184643 0.7840418861519651
10 11 next 0.7233440957344557 0.764018227609796 0.7857793563122242
11 11 ground 0.5462307482402741 0.7943172428547413 0.8309298026459665
11 12 inner 0.6347761218714384 0.7650142320821969 0.8043180614628048 218
11 11 ceil 0.7117353796489085 0.7624109082581669 0.7876278590844639
11 12 outer 0.7155491775206997 0.7628787115433039 0.7869985651975484
11 12 next 0.71549744131383 0.7628719727788595 0.787006959807043
12 12 ground 0.48769323809859655 0.8278346365755805 0.8518027341848537
12 13 inner 0.5987617040300249 0.7736961148754983 0.8143250426622225 200
12 12 ceil 0.7096736553928766 0.7621823838799685 0.7879768077713358
12 13 outer 0.7077598736639092 0.7619854988883727 0.7883061421307318
12 13 next 0.7033636856100038 0.7615885539258838 0.7890821620007493
13 13 ground 0.35977669894549114 0.9042773248498743 0.8716563139462619
13 14 inner 0.528549253038274 0.8032988058757984 0.8369911489657464 150
13 13 ceil 0.6834447422269673 0.760742925178434 0.7929242358746332
13 14 outer 0.6832362873929962 0.7607422280303917 0.7929671563607319
13 14 next 0.65957122432732 0.761737529644653 0.7981807306422137
14 14 ground 0.3397757660065208 0.9131895806276418 0.8682390472844969
14 15 inner 0.37000160349051914 0.899788063433719 0.8731130210771976 208
14 14 ceil 0.7768246224359905 0.7787325747567406 0.7801620183763738
14 15 outer 0.7030837815913471 0.76156588186251 0.7891324807472562
14 15 next 0.7440121883957133 0.7682535554068791 0.7830085082322348
15 15 ground 0.78 0.78 0.78
15 16 inner 0.6782531194295901 0.0 0.0 2
15 15 ceil 0.5 0.0 0.0
15 16 outer 0.5 0.0 0.0
15 16 next 0.5 0.0 0.0
16 16 ground 0.8191018342820998 1.0 0.14864010120177107
16 17 inner 0.9962049335863377 0.9302832244008717 0.0 6
16 16 ceil 1.0 0.8576615831517794 0.0
16 17 outer 1.0 0.9157588961510532 0.0
16 17 next 1.0 0.8576615831517794 0.0
17 17 ground 0.78 0.78 0.78
17 18 inner 0.7052498418722326 1.0 0.26249209361163817 7
17 17 ceil 0.8570524984187222 1.0 0.11068943706514867
17 18 outer 0.7052498418722326 1.0 0.26249209361163817
17 18 next 0.36228232212448164 0.9031729680774437 0.8720314507492135
18 18 ground 0.25550458584486846 0.9524874275875667 0.8456074476860913
18 19 inner 0.38513305772818485 0.8932306021229797 0.8749083166241235 160
18 18 ceil 0.7395788655530208 0.7671945056993902 0.7835437903407264
18 19 outer 0.6679968592780324 0.7611407726823836 0.7962488265591346
18 19 next 0.7049383026744298 0.7617218921173479 0.7888011109519097
19 19 ground 1.0 0.40740740740740755 0.0
19 20 inner 0.9709044908285893 0.9593318809005086 0.0 42
19 19 ceil 0.6844888117335765 0.7607489340149214 0.7927100838392963
19 20 outer 0.37626628367894566 0.8970605435906587 0.8739084848379527
19 20 next 0.3689860496953892 0.9002318738256885 0.8729771245132103
20 20 ground 0.78 0.78 0.78
20 21 inner 0.6782531194295901 0.0 0.0 2
20 20 ceil 0.5 0.0 0.0
20 21 outer 0.5 0.0 0.0
20 21 next 0.5 0.0 0.0
21 21 ground 0.78 0.78 0.78
21 22 inner 0.6782531194295901 0.0 0.0 1
21 21 ceil 0.5 0.0 0.0
21 22 outer 0.5 0.0 0.0
21 22 next 0.5 0.0 0.0
22 22 ground 0.78 0.78 0.78
22 23 inner 1.0 0.6252723311546844 0.0 4
22 22 ceil 1.0 0.46550472040668145 0.0
22 23 outer 1.0 0.4509803921568629 0.0
22 23 next 1.0 0.6252723311546844 0.0
23 23 ground 1.0 0.2331154684095862 0.0
23 24 inner 1.0 0.7850399419026872 0.0 5
23 23 ceil 1.0 0.9012345679012348 0.0
23 24 outer 0.8570524984187222 1.0 0.11068943706514867
23 24 next 0.8064516129032256 1.0 0.16129032258064513
24 24 ground 1.0 0.5090777051561368 0.0
24 25 inner 1.0 0.5671750181554105 0.0 38
24 24 ceil 0.78 0.78 0.78
24 25 outer 0.4140102353449091 0.8810139901023899 0.8771411477708265
