0 0 ground 0.3025453914024151 0.9302172387624915 0.8598788985357823
0 1 inner 0.32914161798348274 0.9179963857217075 0.8661163214711092 22
0 0 ceil 0.36510998041575526 0.9019299816666936 0.8724406356731427
0 1 outer 0.43835363029148977 0.8642650175654767 0.8710368739758535
0 1 next 0.5548025852572602 0.7903271331537305 0.8280726942745684
1 1 ground 0.4051304882077448 0.8847277803821018 0.87662120217832
1 2 inner 0.2751423149905123 1.0 0.6925996204933587 12
1 1 ceil 0.3383934218848829 1.0 0.629348513598988
1 2 outer 0.2371916508538899 1.0 0.7305502846299811
1 2 next 0.3763440860215053 1.0 0.5913978494623656
2 2 ground 0.5118276952098113 0.8127098413663005 0.8429220798144987
2 3 inner 0.4016445287792536 1.0 0.5660974067046174 8
2 2 ceil 0.5154965211891207 1.0 0.4522454142947502
2 3 outer 0.3636938646426312 1.0 0.6040480708412397
2 3 next 0.2751423149905123 1.0 0.6925996204933587
3 3 ground 0.6546489563567361 1.0 0.31309297912713474
3 4 inner 0.38899430740037944 1.0 0.5787476280834916 11
3 3 ceil 0.3257432005060088 1.0 0.6419987349778622
3 4 outer 0.24984187223276405 1.0 0.717900063251107
3 4 next 0.29972736827680335 0.931528279237946 0.8591403716985875
4 4 ground 0.6546489563567361 1.0 0.31309297912713474
4 5 inner 0.5281467425679949 1.0 0.439595192915876 16
4 4 ceil 0.43959519291587595 1.0 0.5281467425679949
4 5 outer 0.3383934218848829 1.0 0.629348513598988
4 5 next 0.22517797823410912 0.9672576641336318 0.8342221229240809
5 5 ground 0.5281467425679949 1.0 0.439595192915876
5 6 inner 0.5028462998102466 1.0 0.46489563567362435 96
5 5 ceil 0.78 0.78 0.78
5 6 outer 0.5763843851998073 0.7813518633769911 0.8211274244991754
