0 0 14.697130472044098 ground
1 0.02422883313729714 16.809981603651245 inner
1 0.02422883313729714 18.982085590426827 outer
1 0.02422883313729714 13.385323176175872 ground
2 0.05053596397066018 15.743230302491314 inner
2 0.05053596397066018 18.00813313697282 outer
2 0.05053596397066018 12.432541900388259 ground
3 0.07834447541035429 14.92095757371801 inner
3 0.07834447541035429 17.16961188260421 outer
3 0.07834447541035429 11.81977993183848 ground
4 0.10742302463429353 14.38505348834615 inner
4 0.10742302463429353 16.588143650988833 outer
4 0.10742302463429353 11.394998514501673 ground
5 0.13748467232368894 13.998678568245579 inner
5 0.13748467232368894 16.161879811506957 outer
5 0.13748467232368894 11.043710863347156 ground
6 0.16847255041047215 13.690216280422039 inner
6 0.16847255041047215 15.887767996861147 outer
6 0.16847255041047215 10.715104009236168 ground
7 0.20028453049252098 13.378023850925485 inner
7 0.20028453049252098 15.537309415608446 outer
7 0.20028453049252098 10.488844346457336 ground
8 0.23282359249064719 13.140030892054494 inner
8 0.23282359249064719 15.360504197656152 outer
8 0.23282359249064719 10.20212382383046 ground
9 0.2661589491605199 12.888362741170644 inner
9 0.2661589491605199 15.068484403046998 outer
9 0.2661589491605199 10.056637715113201 ground
10 0.30123168564379765 12.865539970785697 inner
10 0.30123168564379765 15.263379247160055 outer
10 0.30123168564379765 9.759888183221834 ground
11 0.3386951269349964 12.476746203939467 inner
11 0.3386951269349964 15.247445447008094 outer
11 0.3386951269349964 8.751544059089099 ground
12 0.37937278388433576 11.290018846932618 inner
12 0.37937278388433576 13.943430560383598 outer
12 0.37937278388433576 8.139551352398794 ground
13 0.42599904844379266 10.881113960675096 inner
13 0.42599904844379266 13.933229597442672 outer
13 0.42599904844379266 6.6865005271832185 ground
14 0.4811740547330527 9.233619676759702 inner
14 0.4811740547330527 12.113416611485945 outer
14 0.4811740547330527 5.954196310386875 ground
15 0.5396825869825826 8.523561956057012 inner
15 0.5396825869825826 10.76487159073609 outer
15 0.5396825869825826 5.882643049361842 ground
16 0.5987921274925754 8.483815777264256 inner
16 0.5987921274925754 10.651948610723446 outer
16 0.5987921274925754 5.392317422778761 ground
17 0.6633983423181247 8.134426320220927 inner
17 0.6633983423181247 10.38586240064146 outer
17 0.6633983423181247 5.426264754702098 ground
18 0.7271674949903503 7.965784284662087 inner
18 0.7271674949903503 10.319672120946995 outer
18 0.7271674949903503 5.523561956057013 ground
19 0.7933666873123086 7.977279923499917 inner
19 0.7933666873123086 10.682994583681683 outer
19 0.7933666873123086 4.523561956057013 ground
20 0.8715100430641805 7.442943495848728 inner
20 0.8715100430641805 10.280770770130603 outer
20 0.8715100430641805 3.807354922057604 ground
21 0.9523407174628695 6.339850002884624 inner
21 0.9523407174628695 7.994353436858858 outer
21 0.9523407174628695 3.4594316186372973 ground
22 1.0379237529195853 6.129283016944966 inner
22 1.0379237529195853 7.658211482751795 outer
22 1.0379237529195853 4.087462841250339 ground
23 1.1215070521378394 6.94251450533924 inner
23 1.1215070521378394 9.658211482751796 outer
23 1.1215070521378394 3.807354922057604 ground
24 1.1998135009989384 6.643856189774724 inner
24 1.1998135009989384 8.022367813028454 outer
24 1.1998135009989384 3.584962500721156 ground
25 1.2817963121523785 6.3750394313469245 inner
25 1.2817963121523785 7.894817763307944 outer
25 1.2817963121523785 2.807354922057604 ground
26 1.379722433927041 5.584962500721156 inner
26 1.379722433927041 7.022367813028454 outer
26 1.379722433927041 3.700439718141092 ground
27 1.4645711723813568 6.303780748177103 inner
27 1.4645711723813568 8.164906926675688 outer
27 1.4645711723813568 3.321928094887362 ground
28 1.5545746693359566 5.857980995127572 inner
28 1.5545746693359566 7.392317422778761 outer
28 1.5545746693359566 2.807354922057604 ground
29 1.6678365819777778 6.266786540694901 inner
29 1.6678365819777778 9.016808287686555 outer
29 1.6678365819777778 2.321928094887362 ground
30 1.784081582378377 4.954196310386875 inner
30 1.784081582378377 6.066089190457772 outer
30 1.784081582378377 2.321928094887362 ground
31 1.8972905960329967 5.044394119358453 inner
31 1.8972905960329967 6.266786540694901 outer
31 1.8972905960329967 2.807354922057604 ground
32 1.9984124593635892 5.882643049361842 inner
32 1.9984124593635892 7.523561956057013 outer
32 1.9984124593635892 3.321928094887362 ground
33 2.0909575396212485 5.78135971352466 inner
33 2.0909575396212485 7.1799090900149345 outer
33 2.0909575396212485 3.0 ground
34 2.189200579979908 5.930737337562887 inner
34 2.189200579979908 7.994353436858858 outer
34 2.189200579979908 3.4594316186372973 ground
35 2.2838908905190562 6.870364719583405 inner
35 2.2838908905190562 8.98299357469431 outer
35 2.2838908905190562 3.700439718141092 ground
36 2.3680741948374147 6.727920454563199 inner
36 2.3680741948374147 8.43879185257826 outer
36 2.3680741948374147 3.807354922057604 ground
37 2.4529979081833657 7.044394119358453 inner
37 2.4529979081833657 9.370687406807217 outer
37 2.4529979081833657 4.321928094887363 ground
38 2.5271984318297567 7.159871336778389 inner
38 2.5271984318297567 9.219168520462162 outer
38 2.5271984318297567 4.807354922057604 ground
39 2.5984772818946653 7.451211111832329 inner
39 2.5984772818946653 9.531381460516313 outer
39 2.5984772818946653 4.954196310386875 ground
40 2.667105380647091 7.727920454563199 inner
40 2.667105380647091 9.792790294301064 outer
40 2.667105380647091 4.754887502163468 ground
41 2.7377509409478518 7.247927513443585 inner
41 2.7377509409478518 8.980139577639157 outer
41 2.7377509409478518 4.857980995127572 ground
42 2.8140708494315576 7.651051691178928 inner
42 2.8140708494315576 9.927777962082342 outer
42 2.8140708494315576 4.321928094887363 ground
43 2.896882926848665 6.754887502163468 inner
43 2.896882926848665 8.888743248898258 outer
43 2.896882926848665 3.807354922057604 ground
44 3.0055148825619433 6.392317422778761 inner
44 3.0055148825619433 9.513727595952437 outer
