0 0 ground 0.8570524984187222 1.0 0.11068943706514867
0 1 inner 0.20011761642843107 0.9796912146267629 0.8235281112168195 128
0 0 ceil 0.6312423973080472 0.765663003744223 0.8052448777686423
0 1 outer 0.5599267218923618 0.7880566928710414 0.8263910209312
0 1 next 0.5930672293711812 0.7754826128009815 0.8160157744699594
1 1 ground 0.6925996204933585 1.0 0.27514231499051234
1 2 inner 0.5787476280834913 1.0 0.38899430740037955 41
1 1 ceil 0.43959519291587595 1.0 0.5281467425679949
1 2 outer 0.2621196408190135 0.9493074691147357 0.8478637824972314
1 2 next 0.5407969639468686 1.0 0.4269449715370023
2 2 ground 1.0 0.7850399419026872 0.0
2 3 inner 0.7685009487666034 1.0 0.19924098671726753 182
2 2 ceil 0.7379086467329177 0.7668170243741464 0.7837540510390553
2 3 outer 0.5548025852572602 0.7903271331537305 0.8280726942745684
2 3 next 0.6993971572395679 0.7612962035772907 0.789805252904547
3 3 ground 1.0 0.34931009440813376 0.0
3 4 inner 1.0 0.39288307915758913 0.0 126
3 3 ceil 0.78 0.78 0.78
3 4 outer 0.5229681639112784 0.8063415478089135 0.8389497469848735
