0 0 ground 0.5934707681732643 0.7753523544634282 0.8158950359872394
0 1 inner 0.6152219071569152 0.7691623609364171 0.8096002165957799 1900
0 0 ceil 0.7775174565485199 0.7790052161496347 0.7801248339667541
0 1 outer 0.7525064177119326 0.7705163893440463 0.7820781965744014
0 1 next 0.7731474780834278 0.7773218033333524 0.7803762417634343
1 1 ground 0.78 0.78 0.78
1 2 inner 1.0 0.5526506899055921 0.0 4
1 1 ceil 1.0 0.48002904865649987 0.0
1 2 outer 1.0 0.5381263616557737 0.0
1 2 next 0.9709044908285893 0.9593318809005086 0.0
2 2 ground 1.0 0.872185911401598 0.0
2 3 inner 0.7811511701454774 1.0 0.18659076533839347 28
2 2 ceil 0.641998734977862 1.0 0.3257432005060089
2 3 outer 0.47754585705249836 1.0 0.4901960784313726
2 3 next 0.9456040480708408 0.9883805374001459 0.022137887413030133
3 3 ground 0.844402277039848 1.0 0.12333965844402273
3 4 inner 0.26249209361163817 1.0 0.7052498418722328 98
3 3 ceil 0.3491728194589545 0.9089811135483408 0.8699381545857807
3 4 outer 0.2700677469273648 0.9455071079746288 0.8504669978724287
3 4 next 0.4657784178253608 0.8431150247191369 0.8601747446012804
4 4 ground 0.9582542694497153 0.973856209150327 0.009487666034155628
4 5 inner 0.6546489563567361 1.0 0.31309297912713474 17
4 4 ceil 0.6040480708412397 1.0 0.3636938646426312
4 5 outer 0.6293485135989879 1.0 0.338393421884883
4 5 next 1.0 0.9157588961510532 0.0
5 5 ground 0.78 0.78 0.78
5 6 inner 0.5787476280834913 1.0 0.38899430740037955 16
5 5 ceil 0.6546489563567361 1.0 0.31309297912713474
5 6 outer 0.641998734977862 1.0 0.3257432005060089
5 6 next 0.3130929791271345 1.0 0.6546489563567364
6 6 ground 0.78 0.78 0.78
6 7 inner 0.8697027197975963 1.0 0.0980392156862745 20
6 6 ceil 0.9582542694497153 0.973856209150327 0.009487666034155628
6 7 outer 1.0 0.8286129266521426 0.0
6 7 next 0.5281467425679949 1.0 0.439595192915876
7 7 ground 0.78 0.78 0.78
7 8 inner 1.0 0.5526506899055921 0.0 12
7 7 ceil 1.0 0.4364560639070445 0.0
7 8 outer 1.0 0.3783587509077707 0.0
7 8 next 0.3130929791271345 1.0 0.6546489563567364
8 8 ground 0.5787476280834913 1.0 0.38899430740037955
8 9 inner 0.5660974067046173 1.0 0.4016445287792536 326
8 8 ceil 0.78 0.78 0.78
8 9 outer 0.4882633134638299 0.8274566441263229 0.8515887745432182
