0 0 ground 0.7612695731391365 0.7731770001830773 0.7812554658760195
0 1 inner 0.8570524984187222 1.0 0.11068943706514867 108
0 0 ceil 1.0 0.40740740740740755 0.0
0 1 outer 0.44471773435690787 0.8591587180316659 0.868479586798388
0 1 next 0.6032582418224544 0.7723642556609167 0.81301007861533
1 1 ground 0.36228232212448164 0.9031729680774437 0.8720314507492135
1 2 inner 1.0 0.3638344226579523 0.0 21
1 1 ceil 1.0 0.21859114015976777 0.0
1 2 outer 0.6925996204933585 1.0 0.27514231499051234
1 2 next 0.37290719165498754 0.8985208312841002 0.8734911298601242
2 2 ground 1.0 0.2331154684095862 0.0
2 3 inner 0.8743315508021392 0.0 0.0 19
2 2 ceil 0.9278074866310163 0.015250544662309573 0.0
2 3 outer 1.0 0.712418300653595 0.0
2 3 next 0.5 0.0 0.0
3 3 ground 0.78 0.78 0.78
3 4 inner 0.535650623885918 0.0 0.0 6
3 3 ceil 0.5 0.0 0.0
3 4 outer 0.5 0.0 0.0
3 4 next 0.5 0.0 0.0
4 4 ground 0.78 0.78 0.78
4 5 inner 0.7139037433155082 0.0 0.0 6
4 4 ceil 0.606951871657754 0.0 0.0
4 5 outer 1.0 0.4219317356572261 0.0
4 5 next 0.8191018342820998 1.0 0.14864010120177107
5 5 ground 0.78 0.78 0.78
5 6 inner 0.535650623885918 0.0 0.0 4
5 5 ceil 0.5 0.0 0.0
5 6 outer 0.5 0.0 0.0
5 6 next 0.5 0.0 0.0
6 6 ground 0.78 0.78 0.78
6 7 inner 0.535650623885918 0.0 0.0 2
6 6 ceil 0.5 0.0 0.0
6 7 outer 0.5 0.0 0.0
6 7 next 0.831752055660974 1.0 0.1359898798228969
7 7 ground 1.0 0.8286129266521426 0.0
7 8 inner 1.0 0.8286129266521426 0.0 455
7 7 ceil 0.78 0.78 0.78
7 8 outer 0.4863027381682109 0.8287607908770149 0.852325443410188
