0 0 10.943247395901553 ground
1 0.03469286708466962 13.371640534611808 inner
1 0.03469286708466962 16.405158087015504 outer
1 0.03469286708466962 9.377210530388552 ground
2 0.07391765647882043 12.205487820150566 inner
2 0.07391765647882043 15.013017281123894 outer
2 0.07391765647882043 8.63662462054365 ground
3 0.11825863072518722 11.743572188935634 inner
3 0.11825863072518722 14.7918751044647 outer
3 0.11825863072518722 7.592457037268081 ground
4 0.16675528817204455 10.530406337099068 inner
4 0.16675528817204455 13.423903765836593 outer
4 0.16675528817204455 6.794415866350106 ground
5 0.22029144049079039 9.899356922923111 inner
5 0.22029144049079039 12.810973220002165 outer
5 0.22029144049079039 6.507794640198696 ground
6 0.2777000637162299 9.467605550082997 inner
6 0.2777000637162299 12.797864137333749 outer
6 0.2777000637162299 5.807354922057604 ground
7 0.34321577638310397 9.467605550082997 inner
7 0.34321577638310397 13.090443275081606 outer
7 0.34321577638310397 4.754887502163468 ground
8 0.4133559503866459 7.800899899920305 inner
8 0.4133559503866459 10.405141463136344 outer
8 0.4133559503866459 4.700439718141093 ground
9 0.48941995718902753 7.584962500721156 inner
9 0.48941995718902753 10.336506559810255 outer
9 0.48941995718902753 4.584962500721156 ground
10 0.5672552431284146 7.614709844115208 inner
10 0.5672552431284146 10.236014191900084 outer
10 0.5672552431284146 4.169925001442312 ground
11 0.6550991791136098 7.658211482751795 inner
11 0.6550991791136098 11.051208940914766 outer
11 0.6550991791136098 3.584962500721156 ground
12 0.7436260639256203 6.882643049361842 inner
12 0.7436260639256203 10.144658242831882 outer
12 0.7436260639256203 4.459431618637297 ground
13 0.8408484321319414 7.20945336562895 inner
13 0.8408484321319414 11.959277505720502 outer
