0 0 ground 0.7799894685815807 0.7799957208187785 0.7800005016158735
0 1 inner 0.7799896000843908 0.7799957742485797 0.7800004953508627 740885
0 0 ceil 0.7799917417606648 0.7799966444261355 0.7800003933231312
0 1 outer 0.7799819575236764 0.779992669194565 0.7800008595170322
0 1 next 0.7799909765315745 0.7799963335059844 0.7800004297768912
1 1 ground 0.7799763670550872 0.7799903980420674 0.7800011259813808
1 2 inner 0.7799788995413118 0.7799914268581393 0.7800010052644814 355312
1 1 ceil 0.7799843650829091 0.7799936473199124 0.7800007447838092
1 2 outer 0.7799735789234994 0.7799892654044621 0.7800012589002323
1 2 next 0.7799834175177454 0.7799932623470034 0.7800007899389221
2 2 ground 0.7799621660301671 0.7799846294524311 0.7800018031631099
2 3 inner 0.7799669178190379 0.779986559571546 0.7800015765236249 214275
2 2 ceil 0.7799757243960583 0.7799901369681169 0.7800011566174347
2 3 outer 0.7799633329612796 0.7799851034362071 0.7800017475010987
2 3 next 0.7799748624267889 0.7799897868044745 0.7800011977095779
3 3 ground 0.7799443617147614 0.7799773984685102 0.7800026527843724
3 4 inner 0.7799524585625637 0.7799806867158754 0.7800022663182546 147985
3 3 ceil 0.779966097434873 0.7799862263340935 0.7800016156488692
3 4 outer 0.7799509342370557 0.7799800676423831 0.7800023390641692
3 4 next 0.7799651333741375 0.7799858347395855 0.7800016616281027
4 4 ground 0.7799223671222544 0.7799684676507551 0.7800037033103462
4 5 inner 0.779934937435193 0.7799735715074221 0.7800031027876265 108568
4 4 ceil 0.7799554833101884 0.7799819151862857 0.7800021219820282
4 5 outer 0.779936544161843 0.7799742239298253 0.7800030260539107
4 5 next 0.7799542555814756 0.7799814165517676 0.7800021805649409
5 5 ground 0.7798926504666205 0.7799564048146809 0.7800051243230105
5 6 inner 0.7799119100907677 0.7799642223860821 0.7800042031349526 82005
5 5 ceil 0.7799432411985464 0.7799769434341101 0.7800027062782541
5 6 outer 0.779918738711127 0.7799669945601482 0.7800038767141992
5 6 next 0.7799408120375607 0.7799759569871305 0.7800028222566552
6 6 ground 0.7798506353921417 0.779939356554631 0.7800071366822585
6 7 inner 0.7798796841713854 0.7799511426851905 0.780005744951941 61835
6 6 ceil 0.7799278843095678 0.7799707076761896 0.7800034396952495
6 7 outer 0.7798954612044465 0.779957545601144 0.7800049898354972
6 7 next 0.7799233741506212 0.7799688765025908 0.7800036551889195
7 7 ground 0.7797893783580047 0.7799145149606332 0.7800100774805244
7 8 inner 0.7798326824874372 0.7799320743368547 0.7800079977182136 45667
7 7 ceil 0.7799069266432141 0.7799621994196372 0.7800044414165384
7 8 outer 0.7798628540290139 0.7799443136257479 0.78000655106413
7 8 next 0.7798973402970971 0.779958308283374 0.7800048999346291
8 8 ground 0.7796982378526515 0.7798775862897671 0.7800144678855795
8 9 inner 0.7797605380983806 0.7799028252649295 0.7800114648318198 31507
8 8 ceil 0.779867161834029 0.7799460614536149 0.7800063446752882
8 9 outer 0.7798057731470437 0.779921161874703 0.7800092896141674
8 9 next 0.779854352707767 0.7799408645886288 0.7800069584836606
9 9 ground 0.7795598133878804 0.7798215711562122 0.7800211702847232
9 10 inner 0.7796525319415301 0.7798590812073279 0.7800166763636717 22199
9 9 ceil 0.7798182106237511 0.7799262051971357 0.7800086923067208
9 10 outer 0.779725801512538 0.7798887506584413 0.7800131382047258
9 10 next 0.779795221399808 0.7799168837558815 0.7800097966214045
10 10 ground 0.7793366684056688 0.7797314561984189 0.7800320616256506
10 11 inner 0.7794822747147502 0.7797902322538494 0.7800249426739428 14870
10 10 ceil 0.7797414654563254 0.7798950967124705 0.7800123833002163
10 11 outer 0.7796036685350429 0.7798393082448964 0.7800190423876738
10 11 next 0.7797019915708574 0.7798791064904051 0.7800142867085482
11 11 ground 0.7790009113311813 0.7795962901881754 0.7800486510457476
11 12 inner 0.7792201710914448 0.7796844997679278 0.7800377902116309 9588
11 11 ceil 0.7796002591463446 0.7798379290139856 0.7800192076662534
11 12 outer 0.7793930289234224 0.7797541954942071 0.7800293006502198
11 12 next 0.7795536860433636 0.7798190936653288 0.7800214679195483
12 12 ground 0.7785140989433794 0.7794012226564897 0.7800731332798285
12 13 inner 0.7788424482299295 0.7795326753701262 0.7800565645757201 6642
12 12 ceil 0.7794286080495941 0.7797685577314795 0.7800275612260393
12 13 outer 0.7791246114151194 0.779646028668771 0.780042510986297
12 13 next 0.7793476434701073 0.7797358830821549 0.7800315234463254
13 13 ground 0.7777610730446888 0.7791015993372123 0.7801120010618675
13 14 inner 0.7782549689214585 0.7792978267298273 0.7800863718969314 4189
13 13 ceil 0.7791050538685131 0.7796381601640523 0.7800434795720967
13 14 outer 0.7786620419300586 0.779460390216321 0.7800656394256312
13 14 next 0.7789793662012319 0.7795876342263048 0.7800497238310906
14 14 ground 0.7766725929891997 0.7786730391168455 0.780170313712531
14 15 inner 0.7774325503265569 0.7789716874222106 0.780129336171886 2838
14 14 ceil 0.7787256805686096 0.7794858720708668 0.7800624303006201
14 15 outer 0.7780454986564691 0.7792144681277047 0.7800971782177795
14 15 next 0.7785823300880226 0.7794284983344759 0.7800696713056212
15 15 ground 0.7751471757487078 0.7780814525361373 0.7802562399491646
15 16 inner 0.7762582434510981 0.7785113074933715 0.7801931699155364 2017
15 15 ceil 0.7782775988205194 0.7793068441923248 0.7800852100499688
15 16 outer 0.7772326775825726 0.778892888207583 0.7801399949361796
15 16 next 0.7779817379843772 0.7791891340708952 0.7801004861249901
16 16 ground 0.7729160270230886 0.7772350390909494 0.7803906658094224
16 17 inner 0.7745048505403378 0.7778354843926406 0.7802938799792787 1273
16 16 ceil 0.7772214006203424 0.7788884476865574 0.7801405988357806
16 17 outer 0.7758302956808091 0.7783450818377929 0.7802171557299028
16 17 next 0.7767857486561102 0.7787173416119668 0.7801641348386325
17 17 ground 0.7691964324418328 0.7758735496766329 0.7806374902734354
17 18 inner 0.7717791575389974 0.7768123460183293 0.780463114338176 844
17 17 ceil 0.7760203671658766 0.77841880835113 0.7802064549815148
17 18 outer 0.7739517306765356 0.777625163517542 0.7803269808508635
17 18 next 0.7754662477626217 0.7782043268372361 0.7802378628041873
18 18 ground 0.7642429959219728 0.7741559850410723 0.7810092573760785
18 19 inner 0.7678638338299566 0.775400785692909 0.7807327204999437 514
18 18 ceil 0.7733925736817636 0.7774139445426062 0.7803610878535064
18 19 outer 0.7708264050235379 0.7764625631467189 0.7805258655048485
18 19 next 0.7728973804140199 0.7772280594804186 0.7803918326719578
19 19 ground 0.7581637961429267 0.7721958194469449 0.7815306700675709
19 20 inner 0.7636168954017157 0.7739466122088068 0.7810596803736884 471
19 19 ceil 0.7724959759432515 0.7770781877815559 0.7804171251176697
19 20 outer 0.7675635963007776 0.7752953599636843 0.7807546656567406
19 20 next 0.7713571200207643 0.776656903247784 0.7804906827603162
20 20 ground 0.7495663753500109 0.7696982094095648 0.7823857480564366
20 21 inner 0.7567064444122631 0.771749916785704 0.7816660604403112 271
20 20 ceil 0.7683787682793008 0.7755825323429675 0.7806955010239127
20 21 outer 0.764075874707614 0.7740999294146397 0.7810226419264301
20 21 next 0.7674333198807792 0.7752497390144167 0.7807642437025457
21 21 ground 0.7372060091627937 0.766661726680948 0.783843892602371
21 22 inner 0.7469806019428936 0.7690092661503405 0.7826689584595802 211
21 21 ceil 0.763227587819932 0.7738172952692017 0.7810914167900299
21 22 outer 0.7560881939921047 0.7715635420616878 0.7817246908560445
21 22 next 0.7601814518281327 0.7728284402180241 0.7813498052294612
22 22 ground 0.7286356710919527 0.7649334387705333 0.7850045288325714
22 23 inner 0.7380324806752717 0.7668446091441916 0.7837383021639467 105
22 22 ceil 0.7493076953710517 0.7696279990735712 0.7824135479349034
22 23 outer 0.7434914451167858 0.7681248454844883 0.7830696462013815
22 23 next 0.7525879020550386 0.7705395954073183 0.7820698942903233
23 23 ground 0.7135756103594397 0.76262931111801 0.787321570078362
23 24 inner 0.7284878978335527 0.7649063143319147 0.7850255731721387 110
23 23 ceil 0.756129133051373 0.7715758320286662 0.7817207865925316
23 24 outer 0.7428077670490476 0.7679576099877462 0.7831506199232896
23 24 next 0.753819554996537 0.7708938500077318 0.7819458718298182
24 24 ground 0.6706096582946135 0.7610098373457461 0.795666414518508
24 25 inner 0.6967668000643188 0.7611365590977911 0.7902965306275995 71
24 24 ceil 0.7378779045962403 0.7668101863548835 0.783757964692152
24 25 outer 0.7214084422447918 0.7637121534254333 0.7860735726962619
24 25 next 0.7299988541158141 0.7651879168356257 0.7848120265925275
25 25 ground 0.6365329175981433 0.7647084026431616 0.8038619805713743
25 26 inner 0.6718121804964118 0.7609582341871614 0.7954010649916657 46
25 25 ceil 0.7234048876008311 0.7640280886360323 0.7857702087254835
25 26 outer 0.7015437810923244 0.761446694788556 0.7894112566331006
25 26 next 0.7154105995070591 0.7628606857592825 0.7870210594208461
26 26 ground 0.5958232969615889 0.7746040776668109 0.8151939595120989
26 27 inner 0.6356094327474051 0.7648677802705356 0.8041013356348659 46
26 26 ceil 0.7295040326218303 0.7650946547431868 0.7848815626369334
26 27 outer 0.7034369020103809 0.7615945356798417 0.789069017623821
26 27 next 0.7137608722429705 0.7626520541403755 0.7872910071785857
27 27 ground 0.5138965175318315 0.8114976876136384 0.8421781776643524
27 28 inner 0.5715477013426469 0.7832288048043821 0.8226521288674473 37
27 27 ceil 0.687122907519698 0.7607827782109879 0.7921759101527169
27 28 outer 0.65305248908664 0.7623805481591697 0.7997302798494579
27 28 next 0.6743466469491671 0.7608674030785232 0.7948474384015737
28 28 ground 0.2500549204671443 0.9551186062975354 0.8436874350748824
28 29 inner 0.42199520606166696 0.8777079211315661 0.8774824399435627 29
28 28 ceil 0.683827437754368 0.7607446403548287 0.7928455812516606
28 29 outer 0.5562115490881809 0.7896942461322806 0.8276083097384861
28 29 next 0.655383849301106 0.7621325140181058 0.7991707010477288
29 29 ground 0.6166982922201137 1.0 0.35104364326375714
29 30 inner 0.21046800626648576 0.9745316195280606 0.8280856171249739 10
29 29 ceil 0.4923648110283212 0.8247665067416332 0.8500552714889031
29 30 outer 0.373875954186747 0.8980991616103017 0.873613670469394
29 30 next 0.4658903392406524 0.8430332991854803 0.8601312753309927
30 30 ground 0.3636938646426312 1.0 0.6040480708412397
30 31 inner 0.19064537140178583 0.9844423955699345 0.8191841308031906 12
30 30 ceil 0.6122082281205017 0.769921870725934 0.8104468001576761
30 31 outer 0.4506578072305185 0.8545003014420122 0.8661124028658724
30 31 next 0.543982140482195 0.7954035237648811 0.8316882411684774
31 31 ground 1.0 0.5236020334059556 0.0
31 32 inner 0.7938013915243516 1.0 0.1739405439595193 8
31 31 ceil 0.5278470455086939 0.8036761929920407 0.8372364043862981
31 32 outer 0.22061478803599854 0.9695066329588475 0.8323613467110629
31 32 next 0.29972736827680335 0.931528279237946 0.8591403716985875
32 32 ground 0.5 0.0 0.0
32 33 inner 0.7673796791443852 0.0 0.0 6
32 32 ceil 0.78 0.78 0.78
32 33 outer 1.0 0.6397966594045028 0.0
