0 0 ground 0.7795775123041325 0.7798287283800382 0.7800203110165668
0 1 inner 0.7796943497130578 0.7798760117179926 0.7800146555826138 152640
0 0 ceil 0.779898248598686 0.779958676948698 0.7800048564817595
0 1 outer 0.779874654823917 0.7799491018239977 0.7800059857782251
0 1 next 0.7798152744894207 0.7799250145487864 0.7800088332839268
1 1 ground 0.7789931345364304 0.7795931655434948 0.7800490381567767
1 2 inner 0.7793559981065544 0.7797392533612818 0.7800311139373625 58119
1 1 ceil 0.7797682282103974 0.7799059418944292 0.7800110947261315
1 2 outer 0.7797120080482233 0.7798831633299135 0.7800138034017049
1 2 next 0.7796385209115768 0.7798534104236927 0.7800173542683675
2 2 ground 0.7780807194828607 0.7792284703331603 0.7800953546740081
2 3 inner 0.7789091927366198 0.7795594559760327 0.7800532248426368 25193
2 2 ceil 0.7795127953122636 0.7798025645407506 0.7800234562501462
2 3 outer 0.7794163884536466 0.7797636243947268 0.7800281583215941
2 3 next 0.779402288193768 0.7797579326331425 0.7800288477126266
3 3 ground 0.77708438292797 0.7788345402871406 0.7801479578812825
3 4 inner 0.778419698005978 0.7793635203141469 0.780077939491488 15485
3 3 ceil 0.7792640617410252 0.7797021834802352 0.7800356285286635
3 4 outer 0.7791019235436166 0.7796369009149833 0.7800436346773917
3 4 next 0.7791192184307083 0.7796438587587888 0.7800427779913908
4 4 ground 0.7762500922975043 0.7785081336583187 0.7801936231758738
4 5 inner 0.7779520788202885 0.7791773558587413 0.7801020277955368 10863
4 4 ceil 0.778958674554061 0.7795793231431739 0.7800507550565879
4 5 outer 0.778773279235603 0.7795049432957326 0.7800600356959817
4 5 next 0.7787328919938751 0.7794887607916499 0.7800620671947643
5 5 ground 0.7750787291611162 0.7780551535800306 0.7802602099078079
5 6 inner 0.7774203082365473 0.7789668558188547 0.7801299865786081 8528
5 5 ceil 0.7787383346450903 0.779490941141021 0.7800617932230111
5 6 outer 0.7783964325878935 0.7793542346567252 0.7800791269229633
5 6 next 0.7785247748148233 0.7794054889860194 0.7800725909407508
6 6 ground 0.7743385112696152 0.77777209011737 0.7803037675305601
6 7 inner 0.7768839581991979 0.7787558393390629 0.7801587940314304 6286
6 6 ceil 0.7782636962479746 0.7793013040814311 0.7800859236957277
6 7 outer 0.7779874441342542 0.7791914005475314 0.7801001897367157
6 7 next 0.7779403945185958 0.7791727168969653 0.7801026356549497
7 7 ground 0.773100921626578 0.7773043313699551 0.7803791342925647
7 8 inner 0.7763133032602376 0.7785327541260181 0.7801901118753625 5464
7 7 ceil 0.7780388657544879 0.7792118318152679 0.7800975219293873
7 8 outer 0.7776563585493342 0.7790601377009074 0.7801175016149936
7 8 next 0.7778551591038092 0.7791388950044423 0.780107078703099
8 8 ground 0.7721442137743028 0.7769474445415466 0.7804395617084735
8 9 inner 0.7756565117459463 0.7782778156982236 0.7802270059013362 4120
8 8 ceil 0.7774773717630773 0.7789893829511073 0.7801269575802051
8 9 outer 0.7771526840911092 0.7788614016628035 0.7801442845415814
8 9 next 0.7776110966829106 0.7790422316627249 0.7801198863934327
9 9 ground 0.7719550393357671 0.7768773611708478 0.7804517327812525
9 10 inner 0.7750614163736916 0.7780485049014709 0.7802612156149594 6175
9 9 ceil 0.7781984854963172 0.7792753295918957 0.7800892765938182
9 10 outer 0.7774832483247838 0.7789917036952632 0.780126646038054
9 10 next 0.7774215007234812 0.7789673264295801 0.7801299232093067
10 10 ground 0.7702414623045438 0.7762498228618538 0.7805653059730012
10 11 inner 0.7730342998477673 0.7772793460956731 0.7803832812437805 6580
10 10 ceil 0.778689697768375 0.779471461766436 0.7800642437511924
10 11 outer 0.7775297806550153 0.779010085543799 0.780124181745497
10 11 next 0.7772455179831929 0.7788979450630501 0.7801393076401105
11 11 ground 0.7582283093089758 0.7722157721436309 0.7815247684385008
11 12 inner 0.7662048749952811 0.7748232548123275 0.7808562147601267 2067
11 11 ceil 0.7735600861364467 0.777477074278072 0.7803508021852066
11 12 outer 0.7732404187725763 0.7773567117130079 0.7803704807781522
11 12 next 0.7722030468744119 0.7769692730791171 0.7804357914596378
12 12 ground 0.7522586894393389 0.7704460142133519 0.7821035109424858
12 13 inner 0.7574535933465019 0.7719773656209592 0.7815961539913656 3170
12 12 ceil 0.7788918805262147 0.7795525076720963 0.7800540901865355
12 13 outer 0.7738581872008233 0.7775897300756283 0.7803326416446074
12 13 next 0.7759157221064924 0.7783781975856429 0.7802123369552024
13 13 ground 0.6739600078122121 0.7608796850721108 0.7949313992740801
13 14 inner 0.7174211244898996 0.7631298262313025 0.7866974822952781 662
13 13 ceil 0.7692801407451576 0.7759035104181009 0.7806316271397636
13 14 outer 0.7516896533800388 0.7702853627581013 0.7821620783324232
13 14 next 0.763754475262584 0.7739924719170499 0.7810485350994674
14 14 ground 0.5983229997168283 0.7738297892269893 0.8144542924985331
14 15 inner 0.6895557855466998 0.7608378823447648 0.7916903958587553 193
14 14 ceil 0.7394599347712293 0.7671672383051843 0.7835586080743074
14 15 outer 0.7281065984459038 0.7648367419017491 0.7850800328045745
14 15 next 0.7467992519224173 0.7689620205917193 0.782689262694506
15 15 ground 0.6414207453408676 0.7639161533665342 0.8026096624924628
15 16 inner 0.6910122586063796 0.7608818643739634 0.7914033836060224 169
15 15 ceil 0.7220838298661988 0.7638172083397571 0.785970266340749
15 16 outer 0.7258982104609034 0.7644455930589787 0.7853999316045698
15 16 next 0.7362521191173652 0.7664542107887234 0.7839671671656414
16 16 ground 0.4915765122566601 0.8252795342347268 0.8503492050813038
16 17 inner 0.6491763215060048 0.7628372510034 0.8006737536659366 175
16 16 ceil 0.7396040989189555 0.7672002986433015 0.7835406495353984
16 17 outer 0.7112616204325407 0.7623568862392451 0.7877075035792672
16 17 next 0.7415725133734115 0.767660472507874 0.7832989451119183
17 17 ground 0.52235900900904 0.8066796368378621 0.8391648048748186
17 18 inner 0.6483278670517555 0.7629445783656252 0.8008824322582296 111
17 17 ceil 0.7090570538852718 0.7621173494861618 0.7880823483312867
17 18 outer 0.7028987715255139 0.7615510666685902 0.7891657995706312
17 18 next 0.7039948989534272 0.7616408225946096 0.7889690850916352
18 18 ground 0.5235569588931962 0.8060158764846715 0.8387421159938143
18 19 inner 0.6404254177893685 0.7640704695736887 0.8028626801919552 212
18 18 ceil 0.7441210639090272 0.768280611202761 0.7829957846349065
18 19 outer 0.7123030025042953 0.7624768214324538 0.78753286097928
18 19 next 0.7303586942411221 0.7652563751768373 0.7847617034884596
19 19 ground 0.38473210259697566 0.8934030116006217 0.8748662927066734
19 20 inner 0.5683529472459209 0.784511395786436 0.8236694662737242 158
19 19 ceil 0.7324636667861294 0.7656676040722878 0.7844714710497279
19 20 outer 0.693141216357872 0.7609610120616125 0.7909888138781763
19 20 next 0.7218129745721487 0.7637748536039722 0.7860116127449364
20 20 ground 0.622473507440163 0.7674656962944744 0.8075981390010578
20 21 inner 0.4389486405611174 0.8637825661655557 0.8707968648242579 18
20 20 ceil 0.4087990335695948 0.8831887767532716 0.876853942414481
20 21 outer 0.4345193559231595 0.8673988161242565 0.8725879964268068
20 21 next 0.47289305638260626 0.8379948195703424 0.8574258257650161
21 21 ground 0.78 0.78 0.78
21 22 inner 0.38331878488494 0.8940113266951506 0.8747157551289549 12
21 21 ceil 0.3312046661552288 0.9170602266674424 0.8665447263115534
21 22 outer 0.3629150242817606 0.9028945385275756 0.8721243124174647
21 22 next 0.4581700188523039 0.8487586729068426 0.8631464570496987
22 22 ground 0.17070506563572896 0.9945336518456325 0.8094999904236935
22 23 inner 0.4938299842187146 0.823818046500093 0.8495099709967644 66
22 22 ceil 0.70149151086994 0.7614428140927603 0.7894207758269676
22 23 outer 0.6554227343757275 0.7621285472555182 0.7991614184142573
22 23 next 0.6921907462331036 0.760923493466599 0.7911731666633541
23 23 ground 0.5859939822022542 0.7778559503880115 0.8181546357223037
23 24 inner 0.4891452658528066 0.8268738217335467 0.8512581524507661 15
23 23 ceil 0.47855122015337015 0.8340319178484807 0.8552607082472665
23 24 outer 0.4775904205844771 0.8346980100016621 0.8556270320841818
23 24 next 0.469680561542857 0.8402878853825211 0.8586634319892257
24 24 ground 0.5351668949347657 0.7998196355662619 0.8346966579878714
24 25 inner 0.43563579720471624 0.8664818979951225 0.8721355495557577 17
24 24 ceil 0.4226388394163738 0.8773809254259137 0.8774428357335742
24 25 outer 0.4062273894812436 0.8842669264123777 0.8766934383649996
24 25 next 0.4489195766730001 0.8558526923910591 0.8668031177823954
25 25 ground 0.78 0.78 0.78
25 26 inner 0.2123489054492902 0.9735976482131425 0.8288925771592133 8
25 25 ceil 0.17394054395951927 1.0 0.7938013915243517
25 26 outer 0.17394054395951927 1.0 0.7938013915243517
25 26 next 0.19722969666460188 0.9811368193364334 0.8222212285661356
26 26 ground 0.3370166214685365 0.9144322802376165 0.8677086728954432
26 27 inner 0.4174895490756042 0.8795694866093852 0.8773045522644367 17
26 26 ceil 0.4409899961871053 0.8621352685443963 0.8699748754001067
26 27 outer 0.41071177489042276 0.8823889747914089 0.8769652763389263
26 27 next 0.4283665190561887 0.8725172792225655 0.8750931755997402
27 27 ground 0.3482052518803591 0.9094127172691271 0.8697708637497183
27 28 inner 0.31282786161548126 0.9254594509457673 0.8624475479666914 12
27 27 ceil 0.3005673967947503 0.9311371518197694 0.8593620750706604
27 28 outer 0.30173499534217785 0.9305939515025875 0.8596680384201271
27 28 next 0.4187661455540068 0.8790410052040838 0.8773588162423278
28 28 ground 0.5913978494623655 1.0 0.3763440860215054
28 29 inner 0.2929399568223253 0.9346984050393791 0.8573005840359181 61
28 28 ceil 0.693743155348673 0.7609865967006773 0.7908726748183965
28 29 outer 0.5891570029299219 0.776773588109481 0.8171929315631851
28 29 next 0.6292877688522689 0.7660410874756716 0.8057628895404723
29 29 ground 0.78 0.78 0.78
29 30 inner 0.46489563567362424 1.0 0.5028462998102468 5
29 29 ceil 0.5913978494623655 1.0 0.3763440860215054
29 30 outer 0.5660974067046173 1.0 0.4016445287792536
29 30 next 0.5281467425679949 1.0 0.439595192915876
30 30 ground 0.78 0.78 0.78
30 31 inner 0.4142947501581275 1.0 0.5534471853257434 4
30 30 ceil 0.5281467425679949 1.0 0.439595192915876
30 31 outer 0.5660974067046173 1.0 0.4016445287792536
30 31 next 0.19924098671726753 1.0 0.7685009487666035
31 31 ground 0.3130929791271345 1.0 0.6546489563567364
31 32 inner 0.2783060618575631 0.9415918722894691 0.8530409328452099 12
31 31 ceil 0.3387485554822871 0.9136518598461916 0.8680432623228466
31 32 outer 0.3372909775349512 0.9143085708094784 0.8677620505966492
31 32 next 0.27121885373161037 0.9449585772023062 0.8508342530303292
32 32 ground 0.6656421233037273 0.7612807875627583 0.7967805381689583
32 33 inner 0.2929008497964394 0.9347167207417553 0.8572897340648112 11
32 32 ceil 0.23523211878350136 0.9623266342380441 0.8381858528474466
32 33 outer 0.28911886264397824 0.936490714640557 0.8562269384336925
32 33 next 0.2780909092727335 0.9416938103087438 0.8529753223201626
33 33 ground 0.3130929791271345 1.0 0.6546489563567364
33 34 inner 0.29563964084022964 0.9334354046351413 0.858042678729883 19
33 33 ceil 0.3607416877995626 0.9038516797456144 0.8718021866333218
33 34 outer 0.33615433256317373 0.914821296136757 0.8675399893345656
33 34 next 0.5351668949347657 0.7998196355662619 0.8346966579878714
34 34 ground 0.21046800626648576 0.9745316195280606 0.8280856171249739
34 35 inner 0.46504900352585254 0.8436485672645773 0.8604582179201605 64
34 34 ceil 0.6633046762480816 0.7614403428881297 0.7973146743226827
34 35 outer 0.6131416746868177 0.7696832215468599 0.8101836804347347
34 35 next 0.6843640251791324 0.7607479949189938 0.7927356070971064
35 35 ground 0.17394054395951927 1.0 0.7938013915243517
35 36 inner 0.46870382530960986 0.8409912426464372 0.8590409027666499 35
35 35 ceil 0.57129721846665 0.7833281371015218 0.822731600307959
35 36 outer 0.5637053998924901 0.7864377818117443 0.8251637515756405
35 36 next 0.541059595076619 0.7968398408969193 0.8326794677530032
36 36 ground 0.3166635442082868 0.9236952153018587 0.8633550121674423
36 37 inner 0.5216720058355897 0.8070623428126582 0.8394076476483756 60
36 36 ceil 0.6338803083845561 0.7651744551289853 0.8045518257921889
36 37 outer 0.6216178903548187 0.7676562260432674 0.8078317597986436
36 37 next 0.6042877958506031 0.7720691343042234 0.8127115262461483
37 37 ground 0.4710271359211329 0.8393229165271203 0.8581439378139892
37 38 inner 0.5652128694644485 0.7858050979334539 0.8246772217656331 60
37 37 ceil 0.6018755097056029 0.7727663850390531 0.8134125351920479
37 38 outer 0.5738719674897516 0.782317075592045 0.8219170894355755
37 38 next 0.6302776139946059 0.7658479136088188 0.8055000887735412
38 38 ground 0.48658595755010015 0.8285716703428618 0.8522188818631096
38 39 inner 0.5987564860928773 0.7736977009030725 0.8143265789636529 78
38 38 ceil 0.6591043468041956 0.7617783457843562 0.7982901398718024
38 39 outer 0.6366847747876986 0.7646824890514472 0.8038227042540945
38 39 next 0.6410613157942975 0.7639714650294624 0.8027009129096458
39 39 ground 0.5319256765249959 0.8015061807289166 0.8358166499583682
39 40 inner 0.6269579380076259 0.7665095759832289 0.8063852687537832 83
39 39 ceil 0.6785976522133507 0.7607698666917736 0.7939362127300137
39 40 outer 0.6784579257543256 0.7607719775205033 0.7939658145599603
39 40 next 0.6774437727042382 0.760789532337308 0.7941813834682869
40 40 ground 0.5548025852572602 0.7903271331537305 0.8280726942745684
40 41 inner 0.5859077016183549 0.7778859508237539 0.8181809868888805 44
40 40 ceil 0.6059291389739587 0.7716062389904634 0.812237532697405
40 41 outer 0.6289833915832901 0.7661011923519305 0.8058438956610474
40 41 next 0.6677574238583992 0.7611540579328389 0.796302598127413
41 41 ground 0.5267811600563257 0.8042520320430151 0.8376093273832044
41 42 inner 0.6013555418864348 0.7729193126037043 0.8135643164603196 148
41 41 ceil 0.7243275163196957 0.7641796075177396 0.7856320737746841
41 42 outer 0.6961936228319937 0.7611053794257624 0.7904048148129555
41 42 next 0.7056646549544405 0.7617867207002593 0.7886726266530031
42 42 ground 0.42569212161388514 0.8747764033293904 0.8761881966861276
42 43 inner 0.4968384459295776 0.8218912986021301 0.8483944761147852 51
42 42 ceil 0.5681776726078147 0.7845827457451512 0.8237255140070521
42 43 outer 0.6189739225856645 0.768261345772019 0.808558103743944
42 43 next 0.5448345409212799 0.794989808256382 0.8314003000450308
43 43 ground 0.32636677331087727 0.9192582670456868 0.8655275153044091
43 44 inner 0.3306427504035283 0.9173150379193189 0.8664288322992919 108
43 43 ceil 0.78 0.78 0.78
43 44 outer 0.6865264563665208 0.7607727673294714 0.7922960951117173
