0 0 ground 1.0 0.6543209876543212 0.0
0 1 inner 0.5407969639468686 1.0 0.4269449715370023 161
0 0 ceil 0.705460059228756 0.7617682477030282 0.788708743114079
0 1 outer 0.5495971676903898 0.7927216469976284 0.8298012456919187
0 1 next 0.6974253281658082 0.7611739739511179 0.7901726638495031
1 1 ground 1.0 0.8286129266521426 0.0
1 2 inner 0.9962049335863377 0.9302832244008717 0.0 27
1 1 ceil 0.9203036053130929 1.0 0.04743833017077803
1 2 outer 0.5154965211891207 1.0 0.4522454142947502
1 2 next 0.9456040480708408 0.9883805374001459 0.022137887413030133
2 2 ground 0.8191018342820998 1.0 0.14864010120177107
2 3 inner 1.0 0.6543209876543212 0.0 14
2 2 ceil 1.0 0.5962236746550474 0.0
2 3 outer 1.0 0.8867102396514164 0.0
2 3 next 0.8191018342820998 1.0 0.14864010120177107
3 3 ground 1.0 0.6252723311546844 0.0
3 4 inner 1.0 0.7559912854030507 0.0 19
3 3 ceil 1.0 0.7705156136528688 0.0
3 4 outer 0.6166982922201137 1.0 0.35104364326375714
3 4 next 0.7432005060088547 1.0 0.2245414294750162
4 4 ground 1.0 0.6107480029048659 0.0
4 5 inner 1.0 0.6252723311546844 0.0 287
4 4 ceil 0.78 0.78 0.78
4 5 outer 0.4812466450891437 0.8321782361917818 0.8542359510118731
