0 0 ground 0.254612003682847 0.9529176751696526 0.8452967590004765
0 1 inner 0.3599355803552837 0.9042072162055297 0.8716804515840945 203
0 0 ceil 0.5367685889305872 0.7989986430848235 0.8341459253980413
0 1 outer 0.6505126602370532 0.7626735616977272 0.800346647876226
0 1 next 0.6715955012829449 0.7609671285851363 0.7954487511387245
1 1 ground 0.42253226672703736 0.8774723217147054 0.8774867139655337
1 2 inner 0.16894042953947952 0.9954324152183617 0.808607820471579 53
1 1 ceil 0.1865907653383934 1.0 0.7811511701454776
1 2 outer 0.4627087915641679 0.8453711243021409 0.8613697445785606
1 2 next 0.219385343120454 0.9701137236077144 0.8318534124785595
2 2 ground 0.6040480708412397 1.0 0.3636938646426312
2 3 inner 0.3763440860215053 1.0 0.5913978494623656 197
2 2 ceil 0.6350468277016067 0.7649663822435844 0.8042475797263221
2 3 outer 0.5815573655120561 0.779431262220713 0.8195176759740141
2 3 next 0.49196750698605907 0.8250248347073948 0.8502033666711931
3 3 ground 0.7052498418722326 1.0 0.26249209361163817
3 4 inner 1.0 0.5236020334059556 0.0 12
3 3 ceil 1.0 0.4364560639070445 0.0
3 4 outer 0.8823529411764705 1.0 0.08538899430740043
3 4 next 1.0 0.6252723311546844 0.0
4 4 ground 1.0 0.3202614379084969 0.0
4 5 inner 1.0 0.3783587509077707 0.0 92
4 4 ceil 0.78 0.78 0.78
4 5 outer 0.1865907653383934 1.0 0.7811511701454776
