0 0 3.9068905956085187 ground
1 0.09534220834797387 6.459431618637297 inner
1 0.09534220834797387 7.977279923499917 outer
1 0.09534220834797387 3.584962500721156 ground
2 0.1965334697094548 5.554588851677638 inner
2 0.1965334697094548 7.417852514885898 outer
2 0.1965334697094548 2.321928094887362 ground
3 0.3198109851775302 5.392317422778761 inner
3 0.3198109851775302 7.139551352398794 outer
3 0.3198109851775302 2.0 ground
4 0.45817480756437917 4.584962500721156 inner
4 0.45817480756437917 5.832890014164741 outer
4 0.45817480756437917 1.0 ground
5 0.6592762866580177 3.4594316186372973 inner
5 0.6592762866580177 4.392317422778761 outer
5 0.6592762866580177 1.0 ground
6 0.8603777657516563 3.4594316186372973 inner
6 0.8603777657516563 5.954196310386875 outer
6 0.8603777657516563 1.0 ground
7 1.0614792448452948 3.4594316186372973 inner
7 1.0614792448452948 4.523561956057013 outer
7 1.0614792448452948 1.0 ground
8 1.2625807239389333 3.4594316186372973 inner
8 1.2625807239389333 4.523561956057013 outer
8 1.2625807239389333 2.0 ground
9 1.4004712924140446 5.129283016944966 inner
9 1.4004712924140446 7.05528243550119 outer
9 1.4004712924140446 2.321928094887362 ground
10 1.5633854089664827 5.523561956057013 inner
10 1.5633854089664827 8.614709844115207 outer
