0 0 ground 0.43959519291587595 1.0 0.5281467425679949
0 1 inner 0.25794958996150796 0.9513102929881377 0.8464509074035508 14
0 0 ceil 0.5332126018436045 0.8008325103993903 0.8353710763877364
0 1 outer 0.4051304882077448 0.8847277803821018 0.87662120217832
0 1 next 0.5548025852572602 0.7903271331537305 0.8280726942745684
1 1 ground 0.27121885373161037 0.9449585772023062 0.8508342530303292
1 2 inner 0.3510436432637571 1.0 0.6166982922201139 10
1 1 ceil 0.46489563567362424 1.0 0.5028462998102468
1 2 outer 0.38899430740037944 1.0 0.5787476280834916
1 2 next 0.2154565070295844 0.972057029757111 0.830211501645516
2 2 ground 0.42694497153700184 1.0 0.540796963946869
2 3 inner 0.2371916508538899 1.0 0.7305502846299811 28
2 2 ceil 0.6217723768249238 0.7676216331126302 0.8077895262558487
2 3 outer 0.2893112190876178 0.9364003581390336 0.8562816389158776
2 3 next 0.28257110144812336 0.9395746125301498 0.854323713748385
3 3 ground 1.0 0.6252723311546844 0.0
3 4 inner 1.0 0.7269426289034134 0.0 10
3 3 ceil 0.932953826691967 1.0 0.03478810879190386
3 4 outer 0.8064516129032256 1.0 0.16129032258064513
3 4 next 1.0 0.5671750181554105 0.0
4 4 ground 0.5 0.0 0.0
4 5 inner 0.8743315508021392 0.0 0.0 2
4 4 ceil 0.78 0.78 0.78
4 5 outer 0.730550284629981 1.0 0.23719165085388993
