0 0 5.357552004618084 ground
1 0.08222320446171685 3.700439718141092 inner
1 0.08222320446171685 7.348728154231077 outer
1 0.08222320446171685 3.321928094887362 ground
2 0.19454443918179304 2.807354922057604 inner
2 0.19454443918179304 5.584962500721156 outer
2 0.19454443918179304 2.321928094887362 ground
3 0.3316330453641615 2.321928094887362 inner
3 0.3316330453641615 4.643856189774724 outer
3 0.3316330453641615 2.0 ground
4 0.6044700906645535 1.0 inner
4 0.6044700906645535 9.303780748177102 outer
