0 0 ground 0.9076533839342187 1.0 0.06008855154965209
0 1 inner 0.7811511701454774 1.0 0.18659076533839347 69
0 0 ceil 0.6293485135989879 1.0 0.338393421884883
0 1 outer 0.36786449461537063 0.9007225421152611 0.8728247916587591
0 1 next 0.3636938646426312 1.0 0.6040480708412397
1 1 ground 0.8191018342820998 1.0 0.14864010120177107
1 2 inner 1.0 0.8286129266521426 0.0 12
1 1 ceil 1.0 0.7995642701525056 0.0
1 2 outer 0.9709044908285893 0.9593318809005086 0.0
1 2 next 1.0 0.7705156136528688 0.0
2 2 ground 0.78 0.78 0.78
2 3 inner 1.0 0.9012345679012348 0.0 13
2 2 ceil 1.0 0.8576615831517794 0.0
2 3 outer 0.9203036053130929 1.0 0.04743833017077803
2 3 next 1.0 0.6252723311546844 0.0
3 3 ground 0.78 0.78 0.78
3 4 inner 1.0 0.6397966594045028 0.0 13
3 3 ceil 1.0 0.5671750181554105 0.0
3 4 outer 0.9076533839342187 1.0 0.06008855154965209
3 4 next 1.0 0.9012345679012348 0.0
4 4 ground 1.0 0.5962236746550474 0.0
4 5 inner 1.0 0.6107480029048659 0.0 354
4 4 ceil 0.78 0.78 0.78
4 5 outer 0.5897560931447416 0.7765724151238702 0.817011732702231
