0 0 3.4594316186372973 ground
1 0.10694430048300424 4.643856189774724 inner
1 0.10694430048300424 6.0 outer
1 0.10694430048300424 2.584962500721156 ground
2 0.23953264872542274 4.0 inner
2 0.23953264872542274 5.700439718141093 outer
2 0.23953264872542274 2.807354922057604 ground
3 0.3775202083450148 4.523561956057013 inner
3 0.3775202083450148 6.066089190457772 outer
3 0.3775202083450148 2.0 ground
4 0.5910187330799443 3.0 inner
4 0.5910187330799443 5.357552004618084 outer
4 0.5910187330799443 2.584962500721156 ground
5 1.0854064110225048 0.0 inner
5 1.0854064110225048 4.459431618637297 outer
