0 0 ground 0.3511163954341475 0.9081153452392629 0.8702688825221078
0 1 inner 0.6000269700847015 0.7733142961320669 0.8139532211345114 567
0 0 ceil 0.7270627155900933 0.764649344324196 0.7852302954436039
0 1 outer 0.7211208744633777 0.7636679884655313 0.7861177687938172
0 1 next 0.7180806774303802 0.7632216872377299 0.7865926369567712
1 1 ground 0.4423375415870655 0.8610545543215583 0.8694334806438261
1 2 inner 0.5427177842756398 0.7960215160208581 0.8321163107202133 142
1 1 ceil 0.5668935545583987 0.7851085912165374 0.8241368737714841
1 2 outer 0.6347480655236019 0.7650192063908643 0.8043253705316066
1 2 next 0.6591041261366035 0.761778365267514 0.7982901916414011
2 2 ground 0.49506699536439003 0.8230224318997403 0.8490506226588108
2 3 inner 0.5109548291711195 0.8132252921699528 0.8432367842894346 1487
2 2 ceil 0.7698343481144485 0.7761026587260758 0.7805931649774149
2 3 outer 0.7365203561582914 0.7665121795448472 0.783932350221817
2 3 next 0.7180292896217552 0.7632144666276344 0.7866007825298419
3 3 ground 0.78 0.78 0.78
3 4 inner 0.9099821746880573 0.0007262164124910431 0.0 10
3 3 ceil 0.7139037433155082 0.0 0.0
3 4 outer 1.0 0.8867102396514164 0.0
3 4 next 1.0 0.6543209876543212 0.0
4 4 ground 1.0 0.46550472040668145 0.0
4 5 inner 1.0 0.4945533769063183 0.0 131
4 4 ceil 0.78 0.78 0.78
4 5 outer 0.44110738305802855 0.8620409136353719 0.8699276749954019
