0 0 ground 0.23147662588283247 0.9641645918665103 0.836727218700231
0 1 inner 0.3395968685991133 0.9132700589026614 0.8682050921212193 75
0 0 ceil 0.4609749805696115 0.8466579024664733 0.8620470779861487
0 1 outer 0.4352319599885133 0.8668131435822348 0.8722991321732214
0 1 next 0.5169121484241845 0.8097548703541577 0.8410988795990992
1 1 ground 0.4887350693849364 0.8271445960844507 0.8514118658478071
1 2 inner 0.19924098671726753 1.0 0.7685009487666035 21
1 1 ceil 0.3257432005060088 1.0 0.6419987349778622
1 2 outer 0.2809278151430503 0.9403510582988712 0.8538334906658582
1 2 next 0.2371916508538899 1.0 0.7305502846299811
2 2 ground 0.9582542694497153 0.973856209150327 0.009487666034155628
2 3 inner 0.46489563567362424 1.0 0.5028462998102468 16
2 2 ceil 0.3257432005060088 1.0 0.6419987349778622
2 3 outer 0.3636938646426312 1.0 0.6040480708412397
2 3 next 0.6546489563567361 1.0 0.31309297912713474
3 3 ground 0.78 0.78 0.78
3 4 inner 0.9709044908285893 0.9593318809005086 0.0 5
3 3 ceil 1.0 0.7995642701525056 0.0
3 4 outer 0.9835547122074635 0.9448075526506902 0.0
3 4 next 0.8191018342820998 1.0 0.14864010120177107
4 4 ground 0.78 0.78 0.78
4 5 inner 0.6604278074866311 0.0 0.0 2
4 4 ceil 0.5 0.0 0.0
4 5 outer 0.5 0.0 0.0
4 5 next 0.5 0.0 0.0
5 5 ground 0.78 0.78 0.78
5 6 inner 0.6604278074866311 0.0 0.0 5
5 5 ceil 0.5 0.0 0.0
5 6 outer 0.5 0.0 0.0
5 6 next 0.5 0.0 0.0
6 6 ground 0.78 0.78 0.78
6 7 inner 0.6604278074866311 0.0 0.0 2
6 6 ceil 0.5 0.0 0.0
6 7 outer 0.5 0.0 0.0
6 7 next 0.5 0.0 0.0
7 7 ground 0.78 0.78 0.78
7 8 inner 0.6604278074866311 0.0 0.0 2
7 7 ceil 0.5 0.0 0.0
7 8 outer 0.5 0.0 0.0
7 8 next 1.0 0.2331154684095862 0.0
8 8 ground 1.0 0.712418300653595 0.0
8 9 inner 0.6672991777356103 1.0 0.30044275774826057 14
8 8 ceil 0.5028462998102466 1.0 0.46489563567362435
8 9 outer 0.5913978494623655 1.0 0.3763440860215054
8 9 next 0.17394054395951927 1.0 0.7938013915243517
9 9 ground 0.6040480708412397 1.0 0.3636938646426312
9 10 inner 0.5787476280834913 1.0 0.38899430740037955 145
9 9 ceil 0.78 0.78 0.78
9 10 outer 0.4525292648066732 0.8530542600407107 0.865370600655762
