0 0 ground 0.78 0.78 0.78
0 1 inner 0.7179000632511068 1.0 0.2498418722327641 18
0 0 ceil 0.7811511701454774 1.0 0.18659076533839347
0 1 outer 0.844402277039848 1.0 0.12333965844402273
0 1 next 0.2391533745951253 0.9604125792972618 0.8396809455962709
1 1 ground 0.78 0.78 0.78
1 2 inner 0.553475935828877 0.0 0.0 4
1 1 ceil 0.5 0.0 0.0
1 2 outer 0.5 0.0 0.0
1 2 next 0.6546489563567361 1.0 0.31309297912713474
2 2 ground 0.6799493991144844 1.0 0.2877925363693865
2 3 inner 0.5154965211891207 1.0 0.4522454142947502 331
2 2 ceil 0.5834568174475459 0.7787486741848025 0.8189321144088775
2 3 outer 0.5194900023682989 0.8082877643616865 0.840181054162705
2 3 next 0.34291954228987487 0.9117775098544721 0.8688259384513861
3 3 ground 1.0 0.5962236746550474 0.0
3 4 inner 1.0 0.6107480029048659 0.0 190
3 3 ceil 0.78 0.78 0.78
3 4 outer 0.29021600899418487 0.9359755320424973 0.8565380066140256
