0 0 10.702172685365548 ground
1 0.03542786783465082 13.019416982944184 inner
1 0.03542786783465082 16.052822741429033 outer
1 0.03542786783465082 9.189824558880018 ground
2 0.07739273848887468 12.0 inner
2 0.07739273848887468 15.161407480711514 outer
2 0.07739273848887468 7.727920454563199 ground
3 0.12587040212016593 10.4189067312579 inner
3 0.12587040212016593 13.590470095187486 outer
3 0.12587040212016593 6.906890595608519 ground
4 0.17889879201210948 9.705632387361415 inner
4 0.17889879201210948 12.796242448203165 outer
4 0.17889879201210948 6.3750394313469245 ground
5 0.2370793640247797 9.152284842306582 inner
5 0.2370793640247797 12.296055838078784 outer
5 0.2370793640247797 5.930737337562887 ground
6 0.30436366480640764 8.991521846075695 inner
6 0.30436366480640764 12.89954574499535 outer
6 0.30436366480640764 4.643856189774724 ground
7 0.3894225682287594 7.011227255423254 inner
7 0.3894225682287594 10.907641803665527 outer
7 0.3894225682287594 3.0 ground
8 0.4867268609720136 7.0 inner
8 0.4867268609720136 8.879583249612784 outer
8 0.4867268609720136 4.321928094887363 ground
9 0.5675211967787623 7.584962500721156 inner
9 0.5675211967787623 9.80896417491926 outer
9 0.5675211967787623 3.9068905956085187 ground
10 0.6594634642021223 7.459431618637297 inner
10 0.6594634642021223 10.734709620225837 outer
10 0.6594634642021223 3.584962500721156 ground
11 0.7660592698368525 7.2384047393250786 inner
11 0.7660592698368525 10.363039630256514 outer
11 0.7660592698368525 3.807354922057604 ground
12 0.9011322195181589 5.044394119358453 inner
12 0.9011322195181589 9.473705749619416 outer
