0 0 13.034627039197348 ground
1 0.027841954489449115 15.335285666174252 inner
1 0.027841954489449115 17.89263174911266 outer
1 0.027841954489449115 11.76487159073609 ground
2 0.05837435422946974 14.418511490387644 inner
2 0.05837435422946974 17.03934748287735 outer
2 0.05837435422946974 10.887982133058454 ground
3 0.09126121976132998 13.641825972041826 inner
3 0.09126121976132998 16.28937052559513 outer
3 0.09126121976132998 10.200898605038445 ground
4 0.12557591642807486 12.915505962231931 inner
4 0.12557591642807486 15.400512580160607 outer
4 0.12557591642807486 9.677719641641009 ground
5 0.1617740986424954 12.455070307287963 inner
5 0.1617740986424954 14.986464267334126 outer
5 0.1617740986424954 9.108524456778168 ground
6 0.20011562273451752 12.144020869266893 inner
6 0.20011562273451752 14.7324854450719 outer
6 0.20011562273451752 8.888743248898258 ground
7 0.23916145626234744 11.699572453287269 inner
7 0.23916145626234744 14.218941568618655 outer
7 0.23916145626234744 8.588714635582264 ground
8 0.2802340575279346 11.532842910961282 inner
8 0.2802340575279346 14.223322989536292 outer
8 0.2802340575279346 8.164906926675688 ground
9 0.3222865259536278 11.094737505048093 inner
9 0.3222865259536278 13.651051691178928 outer
9 0.3222865259536278 8.139551352398794 ground
10 0.36571710906230664 11.135067945777816 inner
10 0.36571710906230664 14.02669633424996 outer
10 0.36571710906230664 7.78135971352466 ground
11 0.41058405326967307 10.689124404913258 inner
11 0.41058405326967307 13.686500527183219 outer
11 0.41058405326967307 7.507794640198696 ground
12 0.457616026041593 10.425215903299385 inner
12 0.457616026041593 13.217200417367545 outer
12 0.457616026041593 7.149747119504682 ground
13 0.5069334282093856 10.228818690495881 inner
13 0.5069334282093856 13.028596777067108 outer
13 0.5069334282093856 7.149747119504682 ground
14 0.5582460531725603 9.98299357469431 inner
14 0.5582460531725603 13.153552031708111 outer
14 0.5582460531725603 6.584962500721156 ground
15 0.6129665974776768 9.535275376620802 inner
15 0.6129665974776768 12.49160260669611 outer
15 0.6129665974776768 6.409390936137702 ground
16 0.6684043222706124 9.052568050804153 inner
16 0.6684043222706124 11.619302955415687 outer
16 0.6684043222706124 6.20945336562895 ground
17 0.7282346892647098 8.787902559391432 inner
17 0.7282346892647098 11.888362741170644 outer
17 0.7282346892647098 5.754887502163468 ground
18 0.7922485798437415 8.459431618637296 inner
18 0.7922485798437415 11.610102062999664 outer
18 0.7922485798437415 5.321928094887363 ground
19 0.8606577195080058 8.005624549193879 inner
19 0.8606577195080058 10.757390009366638 outer
19 0.8606577195080058 5.087462841250339 ground
20 0.9298283262619641 7.622051819456376 inner
20 0.9298283262619641 10.389093521904474 outer
20 0.9298283262619641 5.321928094887363 ground
21 1.0074397948500287 7.409390936137702 inner
21 1.0074397948500287 10.997179480937621 outer
21 1.0074397948500287 4.392317422778761 ground
22 1.1053126736319803 6.20945336562895 inner
22 1.1053126736319803 10.129283016944967 outer
22 1.1053126736319803 2.0 ground
23 1.2549071419443867 4.321928094887363 inner
23 1.2549071419443867 6.169925001442312 outer
23 1.2549071419443867 1.584962500721156 ground
24 1.4358996540617055 4.459431618637297 inner
24 1.4358996540617055 6.857980995127572 outer
24 1.4358996540617055 2.321928094887362 ground
25 1.5914236357901763 4.321928094887363 inner
25 1.5914236357901763 6.3750394313469245 outer
25 1.5914236357901763 1.0 ground
26 1.7925251148838148 3.4594316186372973 inner
26 1.7925251148838148 6.507794640198696 outer
26 1.7925251148838148 2.0 ground
27 1.9404965001867605 5.357552004618084 inner
27 1.9404965001867605 8.154818109052105 outer
27 1.9404965001867605 1.0 ground
28 2.141597979280399 3.4594316186372973 inner
28 2.141597979280399 5.321928094887363 outer
28 2.141597979280399 1.0 ground
29 2.3426994583740375 3.4594316186372973 inner
29 2.3426994583740375 5.247927513443585 outer
29 2.3426994583740375 2.0 ground
30 2.4903134017941775 4.584962500721156 inner
30 2.4903134017941775 6.754887502163468 outer
30 2.4903134017941775 1.584962500721156 ground
31 2.6440101735180654 4.247927513443585 inner
31 2.6440101735180654 6.3750394313469245 outer
31 2.6440101735180654 2.321928094887362 ground
32 2.786621399826884 5.672425341971495 inner
32 2.786621399826884 8.774787059601174 outer
32 2.786621399826884 2.321928094887362 ground
33 2.92690328575331 4.954196310386875 inner
33 2.92690328575331 7.022367813028454 outer
33 2.92690328575331 1.584962500721156 ground
34 3.090120849764241 4.087462841250339 inner
34 3.090120849764241 6.066089190457772 outer
34 3.090120849764241 1.584962500721156 ground
35 3.245805743643726 4.169925001442312 inner
35 3.245805743643726 6.169925001442312 outer
35 3.245805743643726 2.0 ground
36 3.3733942528701215 4.807354922057604 inner
36 3.3733942528701215 7.159871336778389 outer
36 3.3733942528701215 2.321928094887362 ground
37 3.4969759222168992 5.129283016944966 inner
37 3.4969759222168992 6.426264754702098 outer
37 3.4969759222168992 2.584962500721156 ground
38 3.621294641356062 5.285402218862249 inner
38 3.621294641356062 7.20945336562895 outer
38 3.621294641356062 2.321928094887362 ground
39 3.76952042924448 4.643856189774724 inner
39 3.76952042924448 6.22881869049588 outer
39 3.76952042924448 2.0 ground
40 3.9069509622117407 4.807354922057604 inner
40 3.9069509622117407 6.426264754702098 outer
40 3.9069509622117407 1.0 ground
41 4.10805244130538 3.4594316186372973 inner
41 4.10805244130538 4.954196310386875 outer
41 4.10805244130538 1.584962500721156 ground
42 4.257630377381243 4.321928094887363 inner
42 4.257630377381243 6.044394119358453 outer
42 4.257630377381243 3.0 ground
43 4.393147797471252 5.285402218862249 inner
43 4.393147797471252 7.832890014164741 outer
43 4.393147797471252 1.0 ground
44 4.594249276564891 3.4594316186372973 inner
44 4.594249276564891 5.357552004618084 outer
44 4.594249276564891 2.321928094887362 ground
45 4.795558531522338 4.321928094887363 inner
45 4.795558531522338 8.584962500721156 outer
