0 0 15.486740765759306 ground
1 0.02272086100163152 17.442773448359773 inner
1 0.02272086100163152 19.40603887861042 outer
1 0.02272086100163152 14.26868819222819 ground
2 0.04734229819993562 16.481799431665753 inner
2 0.04734229819993562 18.678943937516106 outer
2 0.04734229819993562 13.378836713210614 ground
3 0.07380825166302518 15.616721129873682 inner
3 0.07380825166302518 18.04142387324069 outer
3 0.07380825166302518 12.465056167831175 ground
4 0.10245373573467431 14.66644593881483 inner
4 0.10245373573467431 17.31879874674516 outer
4 0.10245373573467431 11.468624042918018 ground
5 0.13364806686967753 13.654971604038119 inner
5 0.13364806686967753 16.317871862652314 outer
5 0.13364806686967753 10.566054038171092 ground
6 0.16763885908376588 12.721740054213047 inner
6 0.16763885908376588 15.437589538943431 outer
6 0.16763885908376588 9.667111542075027 ground
7 0.20520825795975353 11.915879378835774 inner
7 0.20520825795975353 14.707197337530232 outer
7 0.20520825795975353 8.682994583681683 ground
8 0.2458757713089821 10.99081307915361 inner
8 0.2458757713089821 13.460455896309636 outer
8 0.2458757713089821 8.169925001442312 ground
9 0.2888113121653291 10.41256984680521 inner
9 0.2888113121653291 12.788718332690458 outer
9 0.2888113121653291 7.700439718141093 ground
10 0.3333510128455558 10.139551352398794 inner
10 0.3333510128455558 12.411775775576528 outer
10 0.3333510128455558 7.312882955284356 ground
11 0.3801782447999318 9.98299357469431 inner
11 0.3801782447999318 12.092096414990792 outer
11 0.3801782447999318 7.426264754702098 ground
12 0.4254994605129201 9.952741247186488 inner
12 0.4254994605129201 12.031701202740303 outer
12 0.4254994605129201 7.321928094887363 ground
13 0.4719729112750982 9.831307243802051 inner
13 0.4719729112750982 11.82376527978966 outer
13 0.4719729112750982 7.108524456778169 ground
14 0.5197363231671559 9.656424863277781 inner
14 0.5197363231671559 11.709945380232497 outer
14 0.5197363231671559 7.108524456778169 ground
15 0.5699056885199734 9.909893083770042 inner
15 0.5699056885199734 12.122827994807666 outer
15 0.5699056885199734 6.894817763307944 ground
16 0.620808697047717 9.154818109052105 inner
16 0.620808697047717 11.38316426063511 outer
16 0.620808697047717 6.794415866350106 ground
17 0.6777737867463667 9.154818109052105 inner
17 0.6777737867463667 12.000704269011246 outer
17 0.6777737867463667 5.357552004618084 ground
18 0.7527290527041041 7.357552004618084 inner
18 0.7527290527041041 10.542064542283443 outer
18 0.7527290527041041 3.9068905956085187 ground
19 0.8679447302323421 5.459431618637297 inner
19 0.8679447302323421 9.047123912114026 outer
