0 0 ground 0.771982881524505 0.7768876657998051 0.780449936876631
0 1 inner 0.7743091522836701 0.777760913909248 0.7803055186638767 19435
0 0 ceil 0.778519636472475 0.7794034355189353 0.7800728519404391
0 1 outer 0.7782685620787074 0.7793032429928147 0.780085673876361
0 1 next 0.7776154278080628 0.7790439446969947 0.780119658004706
1 1 ground 0.7558287621214784 0.7714858293400119 0.7817495043449877
1 2 inner 0.7671330262915711 0.7751448672419508 0.7807864500016283 5759
1 1 ceil 0.7758689976629978 0.7783600806699925 0.7802149707109245
1 2 outer 0.7752244558040908 0.7781111709061578 0.7802517694120612
1 2 next 0.7750541467746215 0.7780457135392945 0.7802616380957097
2 2 ground 0.7501337477565685 0.7698532095929128 0.7823251906694736
2 3 inner 0.759571480802748 0.7726353133536293 0.7814036732513744 6250
2 2 ceil 0.7776384851416703 0.7790530656973906 0.7801184428172793
2 3 outer 0.7743164825112577 0.7777637039745742 0.7803050812804716
2 3 next 0.7743261788617044 0.7777673950158327 0.7803045028857487
3 3 ground 0.7045139087192209 0.7616849850749005 0.7888765218880027
3 4 inner 0.7403898334941087 0.7673820262659684 0.7834433842817655 1708
3 3 ceil 0.7657340993724788 0.7746615847742259 0.7808922506417186
3 4 outer 0.7633008803152926 0.7738415899842799 0.7810854195468836
3 4 next 0.7678380695525988 0.7753917231009497 0.7807345966379624
4 4 ground 0.6525974165479514 0.7624313025209579 0.7998402015846159
4 5 inner 0.718761409488578 0.7633183506814759 0.7864851045746281 996
4 4 ceil 0.7606996577397926 0.7729937914458564 0.7813045959245084
4 5 outer 0.7581752094890551 0.7721993480574456 0.7815296254128531
4 5 next 0.7633983979367502 0.7738739514045586 0.781077456176251
5 5 ground 0.629181829712812 0.7660619695541513 0.8057910735023122
5 6 inner 0.6984232382037284 0.7612339197020134 0.7899860688035977 950
5 5 ceil 0.7580307502994473 0.7721547281661317 0.7815428656584041
5 6 outer 0.7473455885717579 0.76910477862439 0.7826282686958519
5 6 next 0.7543989786154319 0.7710627740681819 0.7818884825628052
6 6 ground 0.6438762224926668 0.7635508410032449 0.8019898785588893
6 7 inner 0.6828865413349083 0.7607414338315137 0.7930392905786152 1518
6 6 ceil 0.7698322242790795 0.7761018929370301 0.7805933111903384
6 7 outer 0.7550562530015088 0.7712561534105679 0.781824127032513
6 7 next 0.7637894635872631 0.7740041479262867 0.781045706572147
7 7 ground 0.5606725062904232 0.787733443091172 0.8261479298609378
7 8 inner 0.5598195098662684 0.7881033130567224 0.8264260020606011 97
7 7 ceil 0.5692656849241695 0.7841414938866875 0.8233779904647265
7 8 outer 0.6347624027113049 0.7650166640954328 0.8043216353953931
7 8 next 0.6547511952263093 0.7621978379301102 0.7993219621244944
8 8 ground 0.2245414294750158 1.0 0.7432005060088551
8 9 inner 0.5054188806059904 0.8165498881185689 0.8452442497326113 152
8 8 ceil 0.7010616186422174 0.7614113074105451 0.7894992073164866
8 9 outer 0.6785120567972996 0.7607711509196322 0.7939543437610866
8 9 next 0.714389279624016 0.7627302295746918 0.7871877105815269
9 9 ground 0.30350275585699815 0.9297725322749658 0.8601264149697189
9 10 inner 0.5093796479168224 0.8141615156095676 0.8438059603637931 138
9 9 ceil 0.6125808298597861 0.769826244036157 0.8103416745328513
9 10 outer 0.6347275830155591 0.7650228396683643 0.8043307070123286
9 10 next 0.6528507305558325 0.7624029561738205 0.7997789862888364
10 10 ground 0.30863135554373744 0.9273962554759925 0.8614231406996526
10 11 inner 0.48728223007971105 0.8281077758253972 0.851957115747273 273
10 10 ceil 0.694046998540053 0.7610000488330207 0.790814231852923
10 11 outer 0.6799477800624195 0.7607533154672959 0.793651414300322
10 11 next 0.6660714022879737 0.7612537101167465 0.796683125842411
11 11 ground 0.18960784955460963 0.9849644874263503 0.8186982801681285
11 12 inner 0.36311903119559696 0.9028047998675575 0.8721540941574291 63
11 11 ceil 0.414505380047294 0.8808080522721615 0.8771657872171605
11 12 outer 0.5165746180781318 0.8099485163810368 0.8412193826439002
11 12 next 0.5200035188903762 0.8079980173329426 0.839998751365636
12 12 ground 0.3529143645341377 0.9073158747974317 0.870568515835119
12 13 inner 0.3552310588201204 0.9062877981121553 0.8709456427402713 521
12 12 ceil 0.78 0.78 0.78
12 13 outer 0.7075600013376631 0.761965780948666 0.7883408363723474
