0 0 ground 0.5998817449001117 0.7733578405083357 0.8139958265741227
0 1 inner 0.26602955326576727 0.9474351524474098 0.8491590956909563 35
0 0 ceil 0.19296661430840123 0.9832755188229261 0.8202639451728677
0 1 outer 0.42856292155914244 0.8723521920907742 0.8750129047504978
0 1 next 0.4428530147429932 0.8606425629052262 0.8692266395528161
1 1 ground 0.21189120809614148 1.0 0.7558507273877295
1 2 inner 0.23294847713041067 0.9634437011273154 0.8373020028748928 45
1 1 ceil 0.3188397234227709 0.9226968575361887 0.8638576030818647
1 2 outer 0.43587855573773027 0.8662830058707051 0.8720372565225076
1 2 next 0.3130713100456982 0.9253473040205383 0.8625059635489662
2 2 ground 0.3130929791271345 1.0 0.6546489563567364
2 3 inner 0.30044275774826057 1.0 0.6672991777356103 196
2 2 ceil 0.78 0.78 0.78
2 3 outer 0.6102308167139618 0.7704374863530531 0.8110068486312847
