0 0 4.584962500721156 ground
1 0.08721235762522536 6.845490050944376 inner
1 0.08721235762522536 9.933690654952233 outer
1 0.08721235762522536 1.584962500721156 ground
2 0.2343228241056791 4.523561956057013 inner
2 0.2343228241056791 5.247927513443585 outer
2 0.2343228241056791 2.0 ground
3 0.3733739593606793 5.087462841250339 inner
3 0.3733739593606793 6.599912842187128 outer
3 0.3733739593606793 2.0 ground
4 0.49749885246884007 5.321928094887363 inner
4 0.49749885246884007 6.491853096329675 outer
4 0.49749885246884007 2.584962500721156 ground
5 0.6228161406886007 6.0 inner
5 0.6228161406886007 7.700439718141093 outer
5 0.6228161406886007 3.584962500721156 ground
6 0.747091253818066 5.727920454563199 inner
6 0.747091253818066 8.044394119358454 outer
6 0.747091253818066 2.0 ground
7 0.9719312173384991 4.321928094887363 inner
7 0.9719312173384991 7.894817763307944 outer
