0 0 6.857980995127572 ground
1 0.08507009451350868 6.285402218862249 inner
1 0.08507009451350868 11.43827205612483 outer
1 0.08507009451350868 4.169925001442312 ground
2 0.21313185070566598 5.169925001442312 inner
2 0.21313185070566598 8.632995197142957 outer
2 0.21313185070566598 2.584962500721156 ground
3 0.3398670295881637 5.584962500721156 inner
3 0.3398670295881637 8.285402218862249 outer
3 0.3398670295881637 5.523561956057013 ground
4 0.5214755462337216 2.321928094887362 inner
4 0.5214755462337216 9.871905237659186 outer
