0 0 ground 0.6293485135989879 1.0 0.338393421884883
0 1 inner 0.1865907653383934 1.0 0.7811511701454776 262
0 0 ceil 0.5997974231803003 0.7733831569175597 0.8140205729942869
0 1 outer 0.6508322713425277 0.762635383932497 0.8002686996113056
0 1 next 0.5886482636948669 0.7769453804846672 0.817347042035037
1 1 ground 0.78 0.78 0.78
1 2 inner 1.0 0.8576615831517794 0.0 8
1 1 ceil 1.0 0.7850399419026872 0.0
1 2 outer 0.9076533839342187 1.0 0.06008855154965209
1 2 next 0.4016445287792536 1.0 0.5660974067046174
2 2 ground 0.9835547122074635 0.9448075526506902 0.0
2 3 inner 0.9835547122074635 0.9448075526506902 0.0 107
2 2 ceil 0.5534471853257431 1.0 0.4142947501581278
2 3 outer 0.3794059762224389 0.8957002594257626 0.8742794123886889
2 3 next 0.7179000632511068 1.0 0.2498418722327641
3 3 ground 1.0 0.5962236746550474 0.0
3 4 inner 1.0 0.6252723311546844 0.0 184
3 3 ceil 0.78 0.78 0.78
3 4 outer 0.4405303232411919 0.8625051405555993 0.8701597773795695
