0 0 ground 0.6293485135989879 1.0 0.338393421884883
0 1 inner 0.43959519291587595 1.0 0.5281467425679949 16
0 0 ceil 0.30044275774826057 1.0 0.6672991777356103
0 1 outer 0.1612987215470374 0.9993350460743209 0.8046784374979676
0 1 next 0.5660974067046173 1.0 0.4016445287792536
1 1 ground 1.0 0.2331154684095862 0.0
1 2 inner 1.0 0.7995642701525056 0.0 9
1 1 ceil 1.0 0.7995642701525056 0.0
1 2 outer 1.0 0.9157588961510532 0.0
1 2 next 0.8191018342820998 1.0 0.14864010120177107
2 2 ground 0.78 0.78 0.78
2 3 inner 0.7317290552584672 0.0 0.0 1
2 2 ceil 0.5 0.0 0.0
2 3 outer 0.5 0.0 0.0
2 3 next 0.5 0.0 0.0
3 3 ground 0.78 0.78 0.78
3 4 inner 0.7317290552584672 0.0 0.0 2
3 3 ceil 0.5 0.0 0.0
3 4 outer 0.5 0.0 0.0
3 4 next 0.5 0.0 0.0
4 4 ground 0.78 0.78 0.78
4 5 inner 0.7317290552584672 0.0 0.0 2
4 4 ceil 0.5 0.0 0.0
4 5 outer 0.5 0.0 0.0
4 5 next 0.5 0.0 0.0
5 5 ground 0.78 0.78 0.78
5 6 inner 1.0 0.6252723311546844 0.0 3
5 5 ceil 1.0 0.4219317356572261 0.0
5 6 outer 1.0 0.5090777051561368 0.0
5 6 next 1.0 0.6252723311546844 0.0
6 6 ground 0.78 0.78 0.78
6 7 inner 0.7317290552584672 0.0 0.0 1
6 6 ceil 0.5 0.0 0.0
6 7 outer 0.5 0.0 0.0
6 7 next 0.9835547122074635 0.9448075526506902 0.0
7 7 ground 1.0 0.5816993464052289 0.0
7 8 inner 1.0 0.6543209876543212 0.0 37
7 7 ceil 0.78 0.78 0.78
7 8 outer 0.3854518743961055 0.8930935650776153 0.8749415161136336
