0 0 2.807354922057604 ground
1 0.12705623450163409 4.754887502163468 inner
1 0.12705623450163409 6.539158811108031 outer
1 0.12705623450163409 2.0 ground
2 0.2851195353558199 3.807354922057604 inner
2 0.2851195353558199 5.584962500721156 outer
2 0.2851195353558199 1.0 ground
3 0.5054879180984442 3.0 inner
3 0.5054879180984442 3.700439718141092 outer
3 0.5054879180984442 1.0 ground
4 0.7258563008410684 3.0 inner
4 0.7258563008410684 3.9068905956085187 outer
4 0.7258563008410684 1.0 ground
5 0.9462246835836927 3.0 inner
5 0.9462246835836927 4.584962500721156 outer
5 0.9462246835836927 1.584962500721156 ground
6 1.1152656881762506 3.700439718141092 inner
6 1.1152656881762506 5.044394119358453 outer
6 1.1152656881762506 1.0 ground
7 1.335634070918875 3.0 inner
7 1.335634070918875 4.247927513443585 outer
7 1.335634070918875 2.0 ground
8 1.5512410936702006 4.0 inner
8 1.5512410936702006 7.3750394313469245 outer
