0 0 ground 0.7799440620095902 0.7799772767596157 0.7800026670921488
0 1 inner 0.7799540559238195 0.7799813354626781 0.7800021900922122 500810
0 0 ceil 0.7799813965009877 0.7799924412702074 0.7800008862545967
0 1 outer 0.7799693264675907 0.7799875379746595 0.7800014616602735
0 1 next 0.7799692321657441 0.7799874996683588 0.7800014661570935
1 1 ground 0.7798679927761825 0.7799463986057557 0.7800063048690888
1 2 inner 0.7798970618344884 0.7799581952605339 0.7800049132565515 228370
1 1 ceil 0.7799657692494661 0.7799860930270768 0.7800016313008875
1 2 outer 0.7799441888350892 0.779977328262819 0.7800026610375387
1 2 next 0.7799427002105941 0.7799767237444402 0.7800027321062004
2 2 ground 0.7797190629398226 0.7798860209518564 0.7800134631246586
2 3 inner 0.7797841785572067 0.7799124070687244 0.7800103274827136 108291
2 2 ceil 0.779936391409137 0.7799741619030337 0.7800030333488029
2 3 outer 0.7798930614747034 0.7799565716271626 0.7800051046561295
2 3 next 0.7798938611782692 0.7799568961984961 0.7800050663910779
3 3 ground 0.779413711712755 0.7797625438224038 0.7800282891601377
3 4 inner 0.7795558973875405 0.7798199877662616 0.7800213604945199 48917
3 3 ceil 0.7798663511479551 0.7799457325233407 0.7800063835125577
3 4 outer 0.7797785517241 0.7799101262052491 0.7800105980819527
3 4 next 0.779783779226022 0.779912245193189 0.7800103466846426
4 4 ground 0.7788281652428175 0.7795269470822869 0.7800572805017567
4 5 inner 0.7791221442452306 0.779645035967039 0.7800426331274143 24215
4 4 ceil 0.7797399164233745 0.7798944690911267 0.7800124579303878
4 5 outer 0.7795549626008745 0.7798196098062696 0.7800214059042957
4 5 next 0.7795943926239597 0.7798355559001999 0.7800194921190873
5 5 ground 0.7777018699423873 0.7790781518068937 0.7801151080800702
5 6 inner 0.7783094562099561 0.7793195425192592 0.7800835763048811 12180
5 5 ceil 0.7795161336197978 0.779803913688838 0.7800232937884766
5 6 outer 0.7791503340335396 0.7796563801854048 0.7800412383260812
5 6 next 0.7792626154215712 0.7797016006131099 0.7800356996962037
6 6 ground 0.7755716288746324 0.7782450097931136 0.7802318401396768
6 7 inner 0.776810687554296 0.778727113425169 0.7801627766863463 5988
6 6 ceil 0.7790646060262554 0.7796218924662126 0.7800454853527423
6 7 outer 0.7784740193171013 0.7793852105077059 0.7800751715173225
6 7 next 0.7786055412089457 0.7794377818886012 0.780068495868232
7 7 ground 0.7720817237834273 0.7769242761809796 0.7804435740723895
7 8 inner 0.7743363203304059 0.7777712559495161 0.7803038981484971 3061
7 7 ceil 0.7780186208742572 0.7792037865203829 0.78009857158247
7 8 outer 0.7770602531918668 0.7788250556254027 0.780149257976482
7 8 next 0.7773445075465595 0.778936954551613 0.7801340208537686
8 8 ground 0.7670582204346875 0.7751188049456913 0.7807920096333477
8 9 inner 0.77022832445629 0.7762450622347654 0.7805661997690316 2245
8 8 ceil 0.7778114060153158 0.7791215463146941 0.7801093654176445
8 9 outer 0.775811184158723 0.778337677719321 0.7802182358796226
8 9 next 0.7765329879576115 0.7786184609400392 0.780177974109783
9 9 ground 0.7531783206649608 0.7707085974381428 0.782010097350002
9 10 inner 0.7613715845495296 0.773209943635689 0.7812467373244013 930
9 9 ceil 0.7748582263594951 0.7779705741542928 0.7802730657878273
9 10 outer 0.7713680186069558 0.7766609073418503 0.780489966269049
9 10 next 0.772313625810297 0.7770103425520382 0.7804287243438958
10 10 ground 0.72857831752109 0.764922900551109 0.7850126924464194
10 11 inner 0.7466212228730943 0.7689157767290623 0.782709251086455 435
10 10 ceil 0.7673953920572899 0.775236471382008 0.780767038532442
10 11 outer 0.7617360513509193 0.7733280169340603 0.7812157145612806
10 11 next 0.7660856367953184 0.7747822142535141 0.7808653006681772
11 11 ground 0.7100300447956226 0.7622206676001272 0.7879160534843498
11 12 inner 0.7341079846703811 0.7660016608916149 0.7842497162887976 347
11 11 ceil 0.7640952671253555 0.7741064276854606 0.781021086022161
11 12 outer 0.7539869483909497 0.7709425024213509 0.7819292292430017
11 12 next 0.762429080889123 0.7735541401413408 0.7811574279253941
12 12 ground 0.6761047918558906 0.7608187180690327 0.7944679154758744
12 13 inner 0.7149850463523492 0.7628058164418725 0.7870903121840404 201
12 12 ceil 0.7510686604570518 0.7701116336175061 0.7822266589827838
12 13 outer 0.7396483791274593 0.7672104707451715 0.7835351405458864
12 13 next 0.7524146424999667 0.7704902868102708 0.7820875617703276
13 13 ground 0.6900686906163561 0.7608524302777195 0.7915890098475568
13 14 inner 0.7114711093195356 0.7623806627101444 0.7876722461965064 282
13 13 ceil 0.7606986046758734 0.772993454237983 0.7813046872779345
13 14 outer 0.7473347584326319 0.7691019363212425 0.7826294727068314
13 14 next 0.7444652739476851 0.7683664793296653 0.7829556933499018
14 14 ground 0.6210212685789958 0.7677906155198526 0.8079950790892827
14 15 inner 0.6604946292684837 0.7616591900164257 0.7979650591685337 159
14 14 ceil 0.7380182582634577 0.7668414377403711 0.7837401096370201
14 15 outer 0.7165152710411253 0.7630065369597263 0.7868425327916662
14 15 next 0.7244779337012718 0.7642046408572992 0.7856096776144305
15 15 ground 0.5267966908879385 0.8042436156341634 0.8376038879868877
15 16 inner 0.5461110487817963 0.7943746552970549 0.8309700835630581 124
15 15 ceil 0.7752489756999102 0.778120605758092 0.7802503535820428
15 16 outer 0.7094957539029373 0.7621634639308464 0.7880072027095927
15 16 next 0.7390292454071176 0.7670689920637616 0.7836124665141532
16 16 ground 0.9099821746880573 0.0007262164124910431 0.0
16 17 inner 1.0 0.18954248366013093 0.0 8
16 16 ceil 0.78 0.78 0.78
16 17 outer 0.2877925363693864 1.0 0.6799493991144845
