0 0 ground 0.5154965211891207 1.0 0.4522454142947502
0 1 inner 0.3130929791271345 1.0 0.6546489563567364 453
0 0 ceil 0.7336428484832676 0.7659060217580989 0.7843120008946467
0 1 outer 0.4614149304526445 0.8463305347612988 0.8618750455353228
0 1 next 0.7433757938126312 0.7680964165812019 0.7830832874712125
1 1 ground 0.78 0.78 0.78
1 2 inner 0.8208556149732622 0.0 0.0 8
1 1 ceil 0.6960784313725497 0.0 0.0
1 2 outer 1.0 0.39288307915758913 0.0
1 2 next 1.0 0.5381263616557737 0.0
2 2 ground 1.0 0.3638344226579523 0.0
2 3 inner 1.0 0.39288307915758913 0.0 149
2 2 ceil 0.78 0.78 0.78
2 3 outer 0.5246670712172206 0.8054048475243106 0.838351289650606
