wavemap_89_1202_1 24.56992917882274 0.0 90.0 24.318465848218292 8104046 367562291.0
wavemap_53_1266_1 -79.78480358887609 55.21487441005336 225.0 24.346461149159126 12483588 322297063.0
wavemap_25_167_1 -112.13303457031301 -25.599131080669732 286.2963151599803 24.385122168186097 17070939 229286219.0
wavemap_11_167_1 -61.69168615270634 -95.51781237629625 338.76203133230786 24.420372862912878 14499134 131376486.0
wavemap_38_1202_1 23.803186498377926 -101.56045083286956 385.4684017365713 24.311323661349675 4119559 107272464.0
wavemap_120_11459_1 88.20296706310364 -45.524741775918535 428.0168026047548 24.242042578916386 1755699 97669888.0
wavemap_140_180407_1 99.55053201931017 38.833822712059714 467.37344277180426 24.23134725131906 1372740 94970270.0
wavemap_15_690_1 56.16793251149499 111.84872675437231 504.17641321490566 24.356000815823272 5357852 68881720.0
wavemap_5_173_1 -21.71319753725627 145.35626608282712 538.874093275866 24.462296929139494 24695751 54597748.0
wavemap_3_101_1 -104.89223821415996 129.56572483374654 571.7962166706645 24.508930974168567 24904950 46635731.0
wavemap_234_262712_1 -166.6398993786687 71.78378306576226 603.1938707090582 24.15137082800959 245928 32985831.0
wavemap_175_260453_1 -189.92400086266667 -9.42889254010518 633.2636109057803 24.167185504900097 272432 32971011.0
wavemap_6_284_1 -170.02144884803906 -91.4638738303792 662.1627988280202 24.40201990768877 5243584 32578750.0
wavemap_169_11459_1 -113.41272620411698 -154.00303438138204 690.0197863160004 24.169710978573853 389598 32277749.0
wavemap_2_101_1 -34.36594903628349 -183.30262081823895 716.9409211341244 24.529096912822602 23589278 25929097.0
wavemap_8_176_1 49.385922533259894 -174.09801241224926 743.0155109812833 24.35079545823706 2384603 19755677.0
wavemap_17_60024_1 120.75512833514023 -129.39152356637447 768.3194305810374 24.252075078676285 651494 11261744.0
wavemap_65_4182_1 166.46797707810117 -58.705972671316204 792.9178002646232 24.15220219671126 254183 9282393.0
wavemap_71_102807_1 178.94919934350128 24.509640628289247 816.8670129962097 24.144308485454225 137750 8339470.0
wavemap_40_38645_1 156.89431360078174 105.68380922220265 840.2162940172764 24.165470311712536 288973 8034515.0
wavemap_21_1374_1 104.72322284254636 171.63338759253622 863.0089186655882 24.21812799912117 556387 7929960.0
wavemap_29_735_1 31.2326668846641 212.4526656494372 885.2831758560422 24.180845450050622 205237 6430092.0
wavemap_304_1850520_1 -52.193211039848414 222.6238174069828 907.0731393841899 24.06426329114333 44511 6301889.0
wavemap_4_101_1 -133.4757122930821 201.33898119558447 928.4092919963374 24.333421316609474 1485089 4681253.0
wavemap_54_1563_1 -201.56077233843837 152.13386667686373 949.3190352372642 24.10077828877992 75629 3389323.0
wavemap_7_101_1 -247.7695362730536 82.00158251879779 969.8271096702055 24.23080847677893 324810 2625257.0
wavemap_13_101_1 -266.67204230900586 0.18615760157204497 989.9559440326466 24.16268546896449 145685 1817211.0
wavemap_12_131002_1 -256.4552187260626 -83.14544984821083 1009.7259475066737 24.140751350253044 136262 1271429.0
wavemap_27_146_1 -218.8212577780583 -158.17789700946054 1029.1557560522424 24.0770369759437 61372 1099457.0
wavemap_48_6608327_1 -158.49901041137048 -216.53204597476267 1048.2624413426627 24.01129332780926 20946 783343.0
wavemap_20_123_1 -82.47870726632976 -252.06837042260807 1067.0616890247657 24.064128838601757 38700 689646.0
wavemap_16_1284_1 0.9094092750047089 -261.363645118724 1085.567951641698 24.073541928547172 68239 632815.0
wavemap_33_1467_1 82.95613562345412 -243.85669269770165 1103.794580490985 23.99796029075371 14352 430596.0
wavemap_35_1750_1 155.4726391518746 -201.69273575988043 1121.7539398634349 23.96978643960138 15662 313283.0
wavemap_41_1905_1 211.54871132897046 -139.32049087691277 1139.4575064609444 23.948006845181066 7409 267139.0
wavemap_30_11086_1 246.1161024964586 -62.911152441361615 1156.91595628032 23.958957152507924 8492 237825.0
wavemap_55_643725_1 256.28904996078296 20.325575064948513 1174.1392408440975 23.91675811215378 7275 207357.0
wavemap_9_164816_1 241.47808850635164 102.8549776326316 1191.1366543342917 24.024460683366136 26819 205546.0
wavemap_34_87642_1 203.29353145129573 177.4947863421726 1207.9168929231173 23.902565937653183 7150 123931.0
wavemap_58_2035500_1 145.2706021961588 238.00313235915416 1224.488107382477 23.795665435083695 1546 44857.0
wavemap_22_6161_1 72.45865583567542 279.5381674919788 1240.8579498809593 23.800942575062493 2758 30653.0
wavemap_14_14107_1 -9.077666356200378 298.96599964170264 1257.0336157352444 23.806895667843804 3043 26923.0
wavemap_86_49855703_1 -92.7967003233885 295.00856851711075 1273.0218807659344 23.817045592304083 394 26488.0
wavemap_92_49855703_1 -172.21185691255752 268.2364871426089 1288.8291348110338 23.795558034398585 388 22731.0
wavemap_32_248525_1 -241.37802890136447 220.92295242507706 1304.461411869805 23.74123824395525 1077 21055.0
wavemap_20_9823427_1 -295.30089739968787 156.78314651987262 1319.9244172824212 23.74831923662926 2099 18526.0
wavemap_75_49855703_1 -330.24698391931724 80.62895146712661 1335.2235522943986 23.744957344310716 302 16242.0
wavemap_82_49855703_2 -343.94185889445885 -2.028641636546948 1350.3639363071964 24.164531453212426 313 14810.0
wavemap_80_49855703_2 -335.65308072182575 -85.3970715271227 1365.3504270761491 24.14505826485984 213 10640.0
wavemap_77_49855703_4 -306.1626402320169 -163.80955261967165 1380.1876390827272 24.349638113880463 294 8550.0
wavemap_18_13234024_3 -257.64052046083015 -232.09602469149436 1394.8799602790177 24.251787255418595 700 5273.0
wavemap_31_4062912_8 -193.43620240979317 -285.89665708666956 1409.431567377444 24.444915608066392 272 4558.0
wavemap_41_60187632_16 -117.80844910026744 -321.9027254546142 1423.8464398373967 24.503623262050493 195 2745.0
wavemap_16_41201_32 -35.615502092026716 -338.01579204387446 1438.128372682108 24.533765577358444 176 1322.0
wavemap_34_90152410_52 48.01195201847349 -333.42206874691954 1452.2809882632484 24.545217927874805 74 714.0
wavemap_19_19546040_102 127.99384442653866 -308.58428734523983 1466.3077470770304 24.55653847585414 61 416.0
wavemap_14_238083_160 199.60090175868785 -265.1580860863036 1480.2119577237106 24.560426448069816 38 261.0
wavemap_1_5249714_247 258.71615954414983 -205.84367047820683 1493.9967860920335 24.563784847835496 166 165.0
wavemap_7_19325784_356 302.04572904398924 -134.186222750457 1507.6652638411367 24.56492326138938 45 109.0
wavemap_9_201256_351 327.27071327451574 -54.34019452312675 1521.2202962445533 24.564437813901655 24 79.0
wavemap_1_58275384_547 333.1361723199453 29.18674131936121 1534.6646694540198 24.566392251340407 59 66.0
wavemap_1_8645756_634 319.47684608953375 111.79459240293163 1548.001057234737 24.566708374898155 45 55.0
wavemap_1_2878103_708 287.1827729661891 189.0424078294498 1561.2320272183674 24.566979599150876 45 49.0
wavemap_1_17833995_771 238.11085790658217 256.8774481789729 1574.3600467153508 24.56714164180783 45 44.0
wavemap_1_6980866_827 174.95075094004346 311.8317440322445 1587.3874881239287 24.56722982376819 25 41.0
wavemap_1_60939141_881 101.05504727897764 351.1781677006267 1600.316633969587 24.567375807942444 36 38.0
wavemap_1_15204409_930 20.24480352553968 373.0408394468686 1613.1496816053414 24.567462937524866 33 36.0
wavemap_1_31820411_979 -63.398294644613394 376.45738629170074 1625.8887476003629 24.56755062638303 33 34.0
wavemap_1_201283_1031 -145.74202627689846 361.39313598305495 1638.5358718418595 24.567637536483495 30 33.0
wavemap_1_10126754_1079 -222.80566571276398 328.70965083044484 1651.093021372792 24.567694525754785 25 31.0
wavemap_1_14609_1141 -290.94481085240767 280.092000606787 1663.562093985941 24.567802751764024 26 30.0
wavemap_1_7241947_1198 -347.0113789179285 217.94078082521796 1675.9449215929772 24.56784992674196 24 28.0
wavemap_4_6552536_1280 -388.48286840987413 145.23606759646484 1688.2432733855273 24.567917679965397 15 26.0
wavemap_1_1443591_1372 -413.55683327952283 65.38125149462786 1700.4588588037263 24.568054319395557 23 25.0
wavemap_1_754869_1520 -421.20838575158945 -17.964980158917925 1712.5933303264026 24.568193888590873 22 23.0
wavemap_1_1623531_1994 -411.21035200383915 -101.06031313845737 1724.6482860958336 24.56854307879104 20 20.0
wavemap_2_2407314_44 -384.1173765441948 -180.246353955339 1736.6252723889056 24.471761405989152 7 7.0
