0 0 disc 0.0 0.0 0.5
0 1 inner 0.0 0.0 0.5 36124317
0 1 outer 0.0 0.0 0.5
1 1 disc 0.0 0.0 0.5
1 2 inner 0.0 0.0 0.5 5222880
1 2 outer 0.0 0.0 0.5
2 2 disc 0.0 0.0 0.571301247771836
2 3 inner 0.0 0.0 0.535650623885918 232847
2 3 outer 0.0 0.0 0.5
3 3 disc 0.0 0.03333333333333333 1.0
3 4 inner 0.0 0.0 0.820855614973262 15824
3 4 outer 0.0 0.0 0.642602495543672
4 4 disc 0.0 0.8803921568627451 0.9835547122074637
4 5 inner 0.0 0.503921568627451 1.0 1544
4 5 outer 0.0 0.12745098039215685 1.0
5 5 disc 0.6672991777356103 1.0 0.30044275774826057
5 6 inner 0.3257432005060088 1.0 0.6419987349778622 198
5 6 outer 0.0 0.8176470588235294 1.0
6 6 disc 1.0 0.34931009440813376 0.0
6 7 inner 0.9582542694497153 0.973856209150327 0.009487666034155628 18
6 7 outer 0.8191018342820998 1.0 0.14864010120177107
7 7 disc 0.589126559714795 0.0 0.0
7 8 inner 0.0 0.0 0.5 3
