0 0 disc 0.0 0.0 0.606951871657754
0 1 inner 0.0 0.0 0.571301247771836 417505
0 1 outer 0.0 0.0 0.606951871657754
1 1 disc 0.0 0.0 0.642602495543672
1 2 inner 0.0 0.0 0.606951871657754 243821
1 2 outer 0.0 0.0 0.642602495543672
2 2 disc 0.0 0.0 0.660427807486631
2 3 inner 0.0 0.0 0.642602495543672 172679
2 3 outer 0.0 0.0 0.660427807486631
3 3 disc 0.0 0.0 0.67825311942959
3 4 inner 0.0 0.0 0.67825311942959 128464
3 4 outer 0.0 0.0 0.696078431372549
4 4 disc 0.0 0.0 0.713903743315508
4 5 inner 0.0 0.0 0.696078431372549 104396
4 5 outer 0.0 0.0 0.731729055258467
5 5 disc 0.0 0.0 0.713903743315508
5 6 inner 0.0 0.0 0.731729055258467 84748
5 6 outer 0.0 0.0 0.767379679144385
6 6 disc 0.0 0.0 0.731729055258467
6 7 inner 0.0 0.0 0.767379679144385 72650
6 7 outer 0.0 0.0 0.785204991087344
7 7 disc 0.0 0.0 0.749554367201426
7 8 inner 0.0 0.0 0.803030303030303 61594
7 8 outer 0.0 0.0 0.820855614973262
8 8 disc 0.0 0.0 0.767379679144385
8 9 inner 0.0 0.0 0.838680926916221 53306
8 9 outer 0.0 0.0 0.85650623885918
9 9 disc 0.0 0.0 0.803030303030303
9 10 inner 0.0 0.0 0.85650623885918 46748
9 10 outer 0.0 0.0 0.892156862745098
10 10 disc 0.0 0.0 0.767379679144385
10 11 inner 0.0 0.0 0.892156862745098 41291
10 11 outer 0.0 0.0 0.909982174688057
11 11 disc 0.0 0.0 0.785204991087344
11 12 inner 0.0 0.0 0.909982174688057 37249
11 12 outer 0.0 0.0 0.945632798573975
12 12 disc 0.0 0.0 0.785204991087344
12 13 inner 0.0 0.0 0.945632798573975 33518
12 13 outer 0.0 0.0 0.981283422459893
13 13 disc 0.0 0.0 0.803030303030303
13 14 inner 0.0 0.0 0.963458110516934 30448
13 14 outer 0.0 0.0 0.999108734402852
14 14 disc 0.0 0.0 0.820855614973262
14 15 inner 0.0 0.0 0.981283422459893 28785
14 15 outer 0.0 0.0 1.0
15 15 disc 0.0 0.0 0.785204991087344
15 16 inner 0.0 0.0 1.0 26482
15 16 outer 0.0 0.0 1.0
16 16 disc 0.0 0.0 0.803030303030303
16 17 inner 0.0 0.0 1.0 24318
16 17 outer 0.0 0.00196078431372549 1.0
17 17 disc 0.0 0.0 0.838680926916221
17 18 inner 0.0 0.00196078431372549 1.0 23229
17 18 outer 0.0 0.0176470588235293 1.0
18 18 disc 0.0 0.0 0.85650623885918
18 19 inner 0.0 0.0176470588235293 1.0 21993
18 19 outer 0.0 0.03333333333333333 1.0
19 19 disc 0.0 0.0 0.85650623885918
19 20 inner 0.0 0.03333333333333333 1.0 21013
19 20 outer 0.0 0.049019607843137254 1.0
20 20 disc 0.0 0.0 0.874331550802139
20 21 inner 0.0 0.03333333333333333 1.0 20679
20 21 outer 0.0 0.049019607843137254 1.0
21 21 disc 0.0 0.0 0.892156862745098
21 22 inner 0.0 0.049019607843137254 1.0 19620
21 22 outer 0.0 0.06470588235294118 1.0
22 22 disc 0.0 0.0 0.909982174688057
22 23 inner 0.0 0.049019607843137254 1.0 19175
22 23 outer 0.0 0.08039215686274499 1.0
23 23 disc 0.0 0.0 0.874331550802139
23 24 inner 0.0 0.06470588235294118 1.0 18803
23 24 outer 0.0 0.08039215686274499 1.0
24 24 disc 0.0 0.0 0.874331550802139
24 25 inner 0.0 0.06470588235294118 1.0 18386
24 25 outer 0.0 0.09607843137254903 1.0
25 25 disc 0.0 0.0 0.927807486631016
25 26 inner 0.0 0.08039215686274499 1.0 17859
25 26 outer 0.0 0.09607843137254903 1.0
26 26 disc 0.0 0.0 0.927807486631016
26 27 inner 0.0 0.08039215686274499 1.0 17722
26 27 outer 0.0 0.11176470588235295 1.0
27 27 disc 0.0 0.0 0.909982174688057
27 28 inner 0.0 0.08039215686274499 1.0 17686
27 28 outer 0.0 0.11176470588235295 1.0
28 28 disc 0.0 0.0 0.892156862745098
28 29 inner 0.0 0.08039215686274499 1.0 17915
28 29 outer 0.0 0.11176470588235295 1.0
29 29 disc 0.0 0.0 0.909982174688057
29 30 inner 0.0 0.08039215686274499 1.0 17905
29 30 outer 0.0 0.11176470588235295 1.0
30 30 disc 0.0 0.0 0.909982174688057
30 31 inner 0.0 0.06470588235294118 1.0 18145
30 31 outer 0.0 0.09607843137254903 1.0
31 31 disc 0.0 0.0 0.927807486631016
31 32 inner 0.0 0.06470588235294118 1.0 18658
31 32 outer 0.0 0.09607843137254903 1.0
32 32 disc 0.0 0.0 0.892156862745098
32 33 inner 0.0 0.049019607843137254 1.0 19156
32 33 outer 0.0 0.08039215686274499 1.0
33 33 disc 0.0 0.0 0.909982174688057
33 34 inner 0.0 0.06470588235294118 1.0 19311
33 34 outer 0.0 0.08039215686274499 1.0
34 34 disc 0.0 0.0 0.927807486631016
34 35 inner 0.0 0.049019607843137254 1.0 20008
34 35 outer 0.0 0.08039215686274499 1.0
35 35 disc 0.0 0.0 0.909982174688057
35 36 inner 0.0 0.03333333333333333 1.0 20504
35 36 outer 0.0 0.06470588235294118 1.0
36 36 disc 0.0 0.0 0.945632798573975
36 37 inner 0.0 0.0176470588235293 1.0 21644
36 37 outer 0.0 0.049019607843137254 1.0
37 37 disc 0.0 0.0 0.963458110516934
37 38 inner 0.0 0.0176470588235293 1.0 22913
37 38 outer 0.0 0.049019607843137254 1.0
38 38 disc 0.0 0.0 0.945632798573975
38 39 inner 0.0 0.00196078431372549 1.0 24109
38 39 outer 0.0 0.03333333333333333 1.0
39 39 disc 0.0 0.0 0.945632798573975
39 40 inner 0.0 0.0 1.0 25577
39 40 outer 0.0 0.0176470588235293 1.0
40 40 disc 0.0 0.0 0.945632798573975
40 41 inner 0.0 0.0 1.0 26942
40 41 outer 0.0 0.00196078431372549 1.0
41 41 disc 0.0 0.0 0.927807486631016
41 42 inner 0.0 0.0 0.999108734402852 29179
41 42 outer 0.0 0.0 1.0
42 42 disc 0.0 0.0 0.963458110516934
42 43 inner 0.0 0.0 0.981283422459893 31266
42 43 outer 0.0 0.0 1.0
43 43 disc 0.0 0.0 0.963458110516934
43 44 inner 0.0 0.0 0.963458110516934 34641
43 44 outer 0.0 0.0 0.999108734402852
44 44 disc 0.0 0.0 0.963458110516934
44 45 inner 0.0 0.0 0.927807486631016 39581
44 45 outer 0.0 0.0 0.981283422459893
45 45 disc 0.0 0.0 0.963458110516934
45 46 inner 0.0 0.0 0.909982174688057 44798
45 46 outer 0.0 0.0 0.945632798573975
46 46 disc 0.0 0.0 0.981283422459893
46 47 inner 0.0 0.0 0.85650623885918 57392
46 47 outer 0.0 0.0 0.892156862745098
47 47 disc 0.0 0.0 0.981283422459893
47 48 inner 0.0 0.0 0.589126559714795 87971
47 48 outer 0.0 0.0 0.838680926916221
48 48 disc 0.0 0.0 0.660427807486631
48 49 inner 0.0 0.0 0.5 20184339
