0 0 disc 0.0 0.8333333333333334 1.0
0 1 inner 0.0 0.692156862745098 1.0 10971
0 1 outer 0.0 0.7862745098039213 1.0
1 1 disc 0.022137887413029723 0.9274509803921569 0.9456040480708413
1 2 inner 0.0 0.8019607843137255 1.0 8021
1 2 outer 0.0 0.8647058823529412 0.9962049335863378
2 2 disc 0.0980392156862745 1.0 0.8697027197975965
2 3 inner 0.0 0.8647058823529412 0.9962049335863378 6510
2 3 outer 0.009487666034155417 0.9117647058823527 0.9582542694497156
3 3 disc 0.148640101201771 1.0 0.8191018342820999
3 4 inner 0.04743833017077798 0.9588235294117647 0.920303605313093 5186
3 4 outer 0.06008855154965211 0.9745098039215686 0.9076533839342189
4 4 disc 0.26249209361163817 1.0 0.7052498418722328
4 5 inner 0.022137887413029723 0.9274509803921569 0.9456040480708413 5903
4 5 outer 0.06008855154965211 0.9745098039215686 0.9076533839342189
5 5 disc 0.47754585705249836 1.0 0.4901960784313726
5 6 inner 0.0 0.8333333333333334 1.0 4759
5 6 outer 0.07273877292852624 0.9901960784313726 0.8950031625553447
6 6 disc 0.4016445287792536 1.0 0.5660974067046174
6 7 inner 0.08538899430740036 1.0 0.8823529411764706 7891
6 7 outer 0.04743833017077798 0.9588235294117647 0.920303605313093
7 7 disc 0.16129032258064513 1.0 0.8064516129032259
7 8 inner 0.06008855154965211 0.9745098039215686 0.9076533839342189 4989
7 8 outer 0.0980392156862745 1.0 0.8697027197975965
8 8 disc 0.24984187223276405 1.0 0.717900063251107
8 9 inner 0.11068943706514844 1.0 0.8570524984187226 4945
8 9 outer 0.11068943706514844 1.0 0.8570524984187226
9 9 disc 0.2245414294750158 1.0 0.7432005060088551
9 10 inner 0.1865907653383934 1.0 0.7811511701454776 4271
9 10 outer 0.13598987982289687 1.0 0.8317520556609741
10 10 disc 0.4901960784313725 1.0 0.4775458570524984
10 11 inner 0.19924098671726753 1.0 0.7685009487666035 14311
10 11 outer 0.03478810879190385 0.9431372549019608 0.9329538266919671
11 11 disc 0.17394054395951927 1.0 0.7938013915243517
11 12 inner 0.07273877292852624 0.9901960784313726 0.8950031625553447 13701
11 12 outer 0.022137887413029723 0.9274509803921569 0.9456040480708413
12 12 disc 0.13598987982289687 1.0 0.8317520556609741
12 13 inner 0.022137887413029723 0.9274509803921569 0.9456040480708413 38003
12 13 outer 0.0 0.8490196078431372 1.0
13 13 disc 0.12333965844402275 1.0 0.8444022770398483
13 14 inner 0.0 0.8960784313725491 0.9709044908285895 9449
13 14 outer 0.009487666034155417 0.9117647058823527 0.9582542694497156
14 14 disc 0.17394054395951927 1.0 0.7938013915243517
14 15 inner 0.0 0.8960784313725491 0.9709044908285895 7733
14 15 outer 0.04743833017077798 0.9588235294117647 0.920303605313093
15 15 disc 0.148640101201771 1.0 0.8191018342820999
15 16 inner 0.06008855154965211 0.9745098039215686 0.9076533839342189 4288
15 16 outer 0.12333965844402275 1.0 0.8444022770398483
16 16 disc 0.2245414294750158 1.0 0.7432005060088551
16 17 inner 0.06008855154965211 0.9745098039215686 0.9076533839342189 3899
16 17 outer 0.148640101201771 1.0 0.8191018342820999
17 17 disc 0.21189120809614148 1.0 0.7558507273877295
17 18 inner 0.11068943706514844 1.0 0.8570524984187226 3025
17 18 outer 0.19924098671726753 1.0 0.7685009487666035
18 18 disc 0.2751423149905123 1.0 0.6925996204933587
18 19 inner 0.17394054395951927 1.0 0.7938013915243517 2580
18 19 outer 0.2371916508538899 1.0 0.7305502846299811
19 19 disc 0.26249209361163817 1.0 0.7052498418722328
19 20 inner 0.21189120809614148 1.0 0.7558507273877295 2236
19 20 outer 0.2877925363693864 1.0 0.6799493991144845
20 20 disc 0.26249209361163817 1.0 0.7052498418722328
20 21 inner 0.2371916508538899 1.0 0.7305502846299811 1919
20 21 outer 0.3130929791271345 1.0 0.6546489563567364
21 21 disc 0.3130929791271345 1.0 0.6546489563567364
21 22 inner 0.2751423149905123 1.0 0.6925996204933587 1883
21 22 outer 0.3257432005060088 1.0 0.6419987349778622
22 22 disc 0.3383934218848829 1.0 0.629348513598988
22 23 inner 0.2245414294750158 1.0 0.7432005060088551 2060
22 23 outer 0.3130929791271345 1.0 0.6546489563567364
23 23 disc 0.30044275774826057 1.0 0.6672991777356103
23 24 inner 0.21189120809614148 1.0 0.7558507273877295 2136
23 24 outer 0.30044275774826057 1.0 0.6672991777356103
24 24 disc 0.3257432005060088 1.0 0.6419987349778622
24 25 inner 0.2371916508538899 1.0 0.7305502846299811 2185
24 25 outer 0.30044275774826057 1.0 0.6672991777356103
25 25 disc 0.26249209361163817 1.0 0.7052498418722328
25 26 inner 0.2371916508538899 1.0 0.7305502846299811 2288
25 26 outer 0.2877925363693864 1.0 0.6799493991144845
26 26 disc 0.2245414294750158 1.0 0.7432005060088551
26 27 inner 0.1865907653383934 1.0 0.7811511701454776 2323
26 27 outer 0.2751423149905123 1.0 0.6925996204933587
27 27 disc 0.26249209361163817 1.0 0.7052498418722328
27 28 inner 0.2245414294750158 1.0 0.7432005060088551 2071
27 28 outer 0.30044275774826057 1.0 0.6672991777356103
28 28 disc 0.2751423149905123 1.0 0.6925996204933587
28 29 inner 0.2371916508538899 1.0 0.7305502846299811 1909
28 29 outer 0.3257432005060088 1.0 0.6419987349778622
29 29 disc 0.3636938646426312 1.0 0.6040480708412397
29 30 inner 0.3130929791271345 1.0 0.6546489563567364 1618
29 30 outer 0.3636938646426312 1.0 0.6040480708412397
30 30 disc 0.4901960784313725 1.0 0.4775458570524984
30 31 inner 0.2877925363693864 1.0 0.6799493991144845 1989
30 31 outer 0.3383934218848829 1.0 0.629348513598988
31 31 disc 0.3510436432637571 1.0 0.6166982922201139
31 32 inner 0.26249209361163817 1.0 0.7052498418722328 1915
31 32 outer 0.3257432005060088 1.0 0.6419987349778622
32 32 disc 0.3383934218848829 1.0 0.629348513598988
32 33 inner 0.26249209361163817 1.0 0.7052498418722328 1928
32 33 outer 0.3257432005060088 1.0 0.6419987349778622
33 33 disc 0.26249209361163817 1.0 0.7052498418722328
33 34 inner 0.2877925363693864 1.0 0.6799493991144845 1640
33 34 outer 0.3636938646426312 1.0 0.6040480708412397
34 34 disc 0.30044275774826057 1.0 0.6672991777356103
34 35 inner 0.3383934218848829 1.0 0.629348513598988 1301
34 35 outer 0.42694497153700184 1.0 0.540796963946869
35 35 disc 0.42694497153700184 1.0 0.540796963946869
35 36 inner 0.38899430740037944 1.0 0.5787476280834916 1342
35 36 outer 0.42694497153700184 1.0 0.540796963946869
36 36 disc 0.3130929791271345 1.0 0.6546489563567364
36 37 inner 0.3130929791271345 1.0 0.6546489563567364 1425
36 37 outer 0.4142947501581275 1.0 0.5534471853257434
37 37 disc 0.3763440860215053 1.0 0.5913978494623656
37 38 inner 0.3257432005060088 1.0 0.6419987349778622 1496
37 38 outer 0.4016445287792536 1.0 0.5660974067046174
38 38 disc 0.3510436432637571 1.0 0.6166982922201139
38 39 inner 0.24984187223276405 1.0 0.717900063251107 1853
38 39 outer 0.3510436432637571 1.0 0.6166982922201139
39 39 disc 0.3763440860215053 1.0 0.5913978494623656
39 40 inner 0.30044275774826057 1.0 0.6672991777356103 1666
39 40 outer 0.3763440860215053 1.0 0.5913978494623656
40 40 disc 0.24984187223276405 1.0 0.717900063251107
40 41 inner 0.38899430740037944 1.0 0.5787476280834916 1296
40 41 outer 0.43959519291587595 1.0 0.5281467425679949
41 41 disc 0.2245414294750158 1.0 0.7432005060088551
41 42 inner 0.4016445287792536 1.0 0.5660974067046174 1115
41 42 outer 0.46489563567362424 1.0 0.5028462998102468
42 42 disc 0.3636938646426312 1.0 0.6040480708412397
42 43 inner 0.45224541429475007 1.0 0.5154965211891208 859
42 43 outer 0.5281467425679949 1.0 0.439595192915876
43 43 disc 0.4142947501581275 1.0 0.5534471853257434
43 44 inner 0.43959519291587595 1.0 0.5281467425679949 996
43 44 outer 0.4901960784313725 1.0 0.4775458570524984
44 44 disc 0.42694497153700184 1.0 0.540796963946869
44 45 inner 0.5154965211891207 1.0 0.4522454142947502 849
44 45 outer 0.5407969639468686 1.0 0.4269449715370023
45 45 disc 0.2245414294750158 1.0 0.7432005060088551
45 46 inner 0.5028462998102466 1.0 0.46489563567362435 733
45 46 outer 0.5660974067046173 1.0 0.4016445287792536
46 46 disc 0.3636938646426312 1.0 0.6040480708412397
46 47 inner 0.5407969639468686 1.0 0.4269449715370023 713
46 47 outer 0.5913978494623655 1.0 0.3763440860215054
47 47 disc 0.47754585705249836 1.0 0.4901960784313726
47 48 inner 0.5913978494623655 1.0 0.3763440860215054 639
47 48 outer 0.6293485135989879 1.0 0.338393421884883
48 48 disc 0.4016445287792536 1.0 0.5660974067046174
48 49 inner 0.5281467425679949 1.0 0.439595192915876 794
48 49 outer 0.5787476280834913 1.0 0.38899430740037955
49 49 disc 0.5028462998102466 1.0 0.46489563567362435
49 50 inner 0.5281467425679949 1.0 0.439595192915876 716
49 50 outer 0.6040480708412397 1.0 0.3636938646426312
50 50 disc 0.5154965211891207 1.0 0.4522454142947502
50 51 inner 0.5534471853257431 1.0 0.4142947501581278 706
50 51 outer 0.5913978494623655 1.0 0.3763440860215054
51 51 disc 0.42694497153700184 1.0 0.540796963946869
51 52 inner 0.5660974067046173 1.0 0.4016445287792536 655
51 52 outer 0.6293485135989879 1.0 0.338393421884883
52 52 disc 0.6799493991144844 1.0 0.2877925363693865
52 53 inner 0.5534471853257431 1.0 0.4142947501581278 868
52 53 outer 0.5787476280834913 1.0 0.38899430740037955
53 53 disc 0.3383934218848829 1.0 0.629348513598988
53 54 inner 0.4901960784313725 1.0 0.4775458570524984 922
53 54 outer 0.5407969639468686 1.0 0.4269449715370023
54 54 disc 0.5028462998102466 1.0 0.46489563567362435
54 55 inner 0.5028462998102466 1.0 0.46489563567362435 954
54 55 outer 0.5281467425679949 1.0 0.439595192915876
55 55 disc 0.4142947501581275 1.0 0.5534471853257434
55 56 inner 0.4901960784313725 1.0 0.4775458570524984 969
55 56 outer 0.5154965211891207 1.0 0.4522454142947502
56 56 disc 0.3636938646426312 1.0 0.6040480708412397
56 57 inner 0.45224541429475007 1.0 0.5154965211891208 927
56 57 outer 0.5407969639468686 1.0 0.4269449715370023
57 57 disc 0.4016445287792536 1.0 0.5660974067046174
57 58 inner 0.42694497153700184 1.0 0.540796963946869 1073
57 58 outer 0.4901960784313725 1.0 0.4775458570524984
58 58 disc 0.4142947501581275 1.0 0.5534471853257434
58 59 inner 0.38899430740037944 1.0 0.5787476280834916 1142
58 59 outer 0.47754585705249836 1.0 0.4901960784313726
59 59 disc 0.38899430740037944 1.0 0.5787476280834916
59 60 inner 0.4142947501581275 1.0 0.5534471853257434 1127
59 60 outer 0.47754585705249836 1.0 0.4901960784313726
60 60 disc 0.4016445287792536 1.0 0.5660974067046174
60 61 inner 0.4142947501581275 1.0 0.5534471853257434 987
60 61 outer 0.5154965211891207 1.0 0.4522454142947502
61 61 disc 0.5028462998102466 1.0 0.46489563567362435
61 62 inner 0.42694497153700184 1.0 0.540796963946869 1125
61 62 outer 0.4901960784313725 1.0 0.4775458570524984
62 62 disc 0.4016445287792536 1.0 0.5660974067046174
62 63 inner 0.46489563567362424 1.0 0.5028462998102468 979
62 63 outer 0.5154965211891207 1.0 0.4522454142947502
63 63 disc 0.3257432005060088 1.0 0.6419987349778622
63 64 inner 0.5154965211891207 1.0 0.4522454142947502 766
63 64 outer 0.5660974067046173 1.0 0.4016445287792536
64 64 disc 0.4016445287792536 1.0 0.5660974067046174
64 65 inner 0.47754585705249836 1.0 0.4901960784313726 913
64 65 outer 0.5281467425679949 1.0 0.439595192915876
65 65 disc 0.42694497153700184 1.0 0.540796963946869
65 66 inner 0.38899430740037944 1.0 0.5787476280834916 1158
65 66 outer 0.47754585705249836 1.0 0.4901960784313726
66 66 disc 0.4016445287792536 1.0 0.5660974067046174
66 67 inner 0.3383934218848829 1.0 0.629348513598988 1261
66 67 outer 0.45224541429475007 1.0 0.5154965211891208
67 67 disc 0.43959519291587595 1.0 0.5281467425679949
67 68 inner 0.30044275774826057 1.0 0.6672991777356103 1711
67 68 outer 0.3763440860215053 1.0 0.5913978494623656
68 68 disc 0.2877925363693864 1.0 0.6799493991144845
68 69 inner 0.3130929791271345 1.0 0.6546489563567364 1490
68 69 outer 0.38899430740037944 1.0 0.5787476280834916
69 69 disc 0.26249209361163817 1.0 0.7052498418722328
69 70 inner 0.3383934218848829 1.0 0.629348513598988 1310
69 70 outer 0.4016445287792536 1.0 0.5660974067046174
70 70 disc 0.2877925363693864 1.0 0.6799493991144845
70 71 inner 0.3510436432637571 1.0 0.6166982922201139 1112
70 71 outer 0.43959519291587595 1.0 0.5281467425679949
71 71 disc 0.3510436432637571 1.0 0.6166982922201139
71 72 inner 0.4142947501581275 1.0 0.5534471853257434 1156
71 72 outer 0.45224541429475007 1.0 0.5154965211891208
72 72 disc 0.2751423149905123 1.0 0.6925996204933587
72 73 inner 0.43959519291587595 1.0 0.5281467425679949 1097
72 73 outer 0.47754585705249836 1.0 0.4901960784313726
73 73 disc 0.3257432005060088 1.0 0.6419987349778622
73 74 inner 0.5154965211891207 1.0 0.4522454142947502 821
73 74 outer 0.5534471853257431 1.0 0.4142947501581278
74 74 disc 0.12333965844402275 1.0 0.8444022770398483
74 75 inner 0.5534471853257431 1.0 0.4142947501581278 661
74 75 outer 0.6293485135989879 1.0 0.338393421884883
75 75 disc 0.47754585705249836 1.0 0.4901960784313726
75 76 inner 0.5028462998102466 1.0 0.46489563567362435 835
75 76 outer 0.5660974067046173 1.0 0.4016445287792536
76 76 disc 0.5660974067046173 1.0 0.4016445287792536
76 77 inner 0.5787476280834913 1.0 0.38899430740037955 644
76 77 outer 0.6293485135989879 1.0 0.338393421884883
77 77 disc 0.3510436432637571 1.0 0.6166982922201139
77 78 inner 0.5787476280834913 1.0 0.38899430740037955 632
77 78 outer 0.641998734977862 1.0 0.3257432005060089
78 78 disc 0.43959519291587595 1.0 0.5281467425679949
78 79 inner 0.6040480708412397 1.0 0.3636938646426312 655
78 79 outer 0.6166982922201137 1.0 0.35104364326375714
79 79 disc 0.43959519291587595 1.0 0.5281467425679949
79 80 inner 0.5787476280834913 1.0 0.38899430740037955 652
79 80 outer 0.6293485135989879 1.0 0.338393421884883
80 80 disc 0.47754585705249836 1.0 0.4901960784313726
80 81 inner 0.5913978494623655 1.0 0.3763440860215054 649
80 81 outer 0.6293485135989879 1.0 0.338393421884883
81 81 disc 0.3257432005060088 1.0 0.6419987349778622
81 82 inner 0.5787476280834913 1.0 0.38899430740037955 610
81 82 outer 0.6546489563567361 1.0 0.31309297912713474
82 82 disc 0.38899430740037944 1.0 0.5787476280834916
82 83 inner 0.5281467425679949 1.0 0.439595192915876 851
82 83 outer 0.5534471853257431 1.0 0.4142947501581278
83 83 disc 0.3636938646426312 1.0 0.6040480708412397
83 84 inner 0.6040480708412397 1.0 0.3636938646426312 737
83 84 outer 0.5913978494623655 1.0 0.3763440860215054
84 84 disc 0.06008855154965211 0.9745098039215686 0.9076533839342189
84 85 inner 0.6166982922201137 1.0 0.35104364326375714 603
84 85 outer 0.6672991777356103 1.0 0.30044275774826057
85 85 disc 0.4016445287792536 1.0 0.5660974067046174
85 86 inner 0.641998734977862 1.0 0.3257432005060089 533
85 86 outer 0.6799493991144844 1.0 0.2877925363693865
86 86 disc 0.4901960784313725 1.0 0.4775458570524984
86 87 inner 0.6166982922201137 1.0 0.35104364326375714 629
86 87 outer 0.6293485135989879 1.0 0.338393421884883
87 87 disc 0.19924098671726753 1.0 0.7685009487666035
87 88 inner 0.5787476280834913 1.0 0.38899430740037955 681
87 88 outer 0.6293485135989879 1.0 0.338393421884883
88 88 disc 0.5407969639468686 1.0 0.4269449715370023
88 89 inner 0.6672991777356103 1.0 0.30044275774826057 516
88 89 outer 0.7052498418722326 1.0 0.26249209361163817
89 89 disc 0.3510436432637571 1.0 0.6166982922201139
89 90 inner 0.730550284629981 1.0 0.23719165085388993 472
89 90 outer 0.7179000632511068 1.0 0.2498418722327641
90 90 disc 0.26249209361163817 1.0 0.7052498418722328
90 91 inner 0.7432005060088547 1.0 0.2245414294750162 391
90 91 outer 0.7811511701454774 1.0 0.18659076533839347
91 91 disc 0.43959519291587595 1.0 0.5281467425679949
91 92 inner 0.6166982922201137 1.0 0.35104364326375714 584
91 92 outer 0.6672991777356103 1.0 0.30044275774826057
92 92 disc 0.47754585705249836 1.0 0.4901960784313726
92 93 inner 0.6166982922201137 1.0 0.35104364326375714 655
92 93 outer 0.641998734977862 1.0 0.3257432005060089
93 93 disc 0.3510436432637571 1.0 0.6166982922201139
93 94 inner 0.6040480708412397 1.0 0.3636938646426312 572
93 94 outer 0.6672991777356103 1.0 0.30044275774826057
94 94 disc 0.5660974067046173 1.0 0.4016445287792536
94 95 inner 0.5913978494623655 1.0 0.3763440860215054 664
94 95 outer 0.6293485135989879 1.0 0.338393421884883
95 95 disc 0.4016445287792536 1.0 0.5660974067046174
95 96 inner 0.641998734977862 1.0 0.3257432005060089 566
95 96 outer 0.6799493991144844 1.0 0.2877925363693865
96 96 disc 0.3763440860215053 1.0 0.5913978494623656
96 97 inner 0.5913978494623655 1.0 0.3763440860215054 673
96 97 outer 0.6293485135989879 1.0 0.338393421884883
97 97 disc 0.45224541429475007 1.0 0.5154965211891208
97 98 inner 0.5787476280834913 1.0 0.38899430740037955 623
97 98 outer 0.641998734977862 1.0 0.3257432005060089
98 98 disc 0.4016445287792536 1.0 0.5660974067046174
98 99 inner 0.5534471853257431 1.0 0.4142947501581278 694
98 99 outer 0.6040480708412397 1.0 0.3636938646426312
99 99 disc 0.3257432005060088 1.0 0.6419987349778622
99 100 inner 0.6040480708412397 1.0 0.3636938646426312 611
99 100 outer 0.641998734977862 1.0 0.3257432005060089
100 100 disc 0.3257432005060088 1.0 0.6419987349778622
100 101 inner 0.5660974067046173 1.0 0.4016445287792536 672
100 101 outer 0.6166982922201137 1.0 0.35104364326375714
101 101 disc 0.30044275774826057 1.0 0.6672991777356103
101 102 inner 0.5660974067046173 1.0 0.4016445287792536 699
101 102 outer 0.5913978494623655 1.0 0.3763440860215054
102 102 disc 0.4142947501581275 1.0 0.5534471853257434
102 103 inner 0.6925996204933585 1.0 0.27514231499051234 551
102 103 outer 0.6799493991144844 1.0 0.2877925363693865
103 103 disc 0.0 0.8333333333333334 1.0
103 104 inner 0.7052498418722326 1.0 0.26249209361163817 426
103 104 outer 0.7432005060088547 1.0 0.2245414294750162
104 104 disc 0.2751423149905123 1.0 0.6925996204933587
104 105 inner 0.7052498418722326 1.0 0.26249209361163817 430
104 105 outer 0.7685009487666034 1.0 0.19924098671726753
105 105 disc 0.5660974067046173 1.0 0.4016445287792536
105 106 inner 0.6672991777356103 1.0 0.30044275774826057 491
105 106 outer 0.7179000632511068 1.0 0.2498418722327641
106 106 disc 0.3257432005060088 1.0 0.6419987349778622
106 107 inner 0.6799493991144844 1.0 0.2877925363693865 506
106 107 outer 0.7052498418722326 1.0 0.26249209361163817
107 107 disc 0.2371916508538899 1.0 0.7305502846299811
107 108 inner 0.7432005060088547 1.0 0.2245414294750162 413
107 108 outer 0.7558507273877292 1.0 0.2118912080961417
108 108 disc 0.4901960784313725 1.0 0.4775458570524984
108 109 inner 0.641998734977862 1.0 0.3257432005060089 489
108 109 outer 0.7179000632511068 1.0 0.2498418722327641
109 109 disc 0.45224541429475007 1.0 0.5154965211891208
109 110 inner 0.6293485135989879 1.0 0.338393421884883 549
109 110 outer 0.6672991777356103 1.0 0.30044275774826057
110 110 disc 0.5154965211891207 1.0 0.4522454142947502
110 111 inner 0.6293485135989879 1.0 0.338393421884883 634
110 111 outer 0.641998734977862 1.0 0.3257432005060089
111 111 disc 0.3636938646426312 1.0 0.6040480708412397
111 112 inner 0.5407969639468686 1.0 0.4269449715370023 674
111 112 outer 0.6166982922201137 1.0 0.35104364326375714
112 112 disc 0.5154965211891207 1.0 0.4522454142947502
112 113 inner 0.6040480708412397 1.0 0.3636938646426312 584
112 113 outer 0.6546489563567361 1.0 0.31309297912713474
113 113 disc 0.5787476280834913 1.0 0.38899430740037955
113 114 inner 0.5660974067046173 1.0 0.4016445287792536 671
113 114 outer 0.641998734977862 1.0 0.3257432005060089
114 114 disc 0.5787476280834913 1.0 0.38899430740037955
114 115 inner 0.5281467425679949 1.0 0.439595192915876 840
114 115 outer 0.5787476280834913 1.0 0.38899430740037955
115 115 disc 0.5028462998102466 1.0 0.46489563567362435
115 116 inner 0.42694497153700184 1.0 0.540796963946869 977
115 116 outer 0.5154965211891207 1.0 0.4522454142947502
116 116 disc 0.5154965211891207 1.0 0.4522454142947502
116 117 inner 0.38899430740037944 1.0 0.5787476280834916 1293
116 117 outer 0.45224541429475007 1.0 0.5154965211891208
117 117 disc 0.5534471853257431 1.0 0.4142947501581278
117 118 inner 0.3763440860215053 1.0 0.5913978494623656 1458
117 118 outer 0.43959519291587595 1.0 0.5281467425679949
118 118 disc 0.3763440860215053 1.0 0.5913978494623656
118 119 inner 0.3763440860215053 1.0 0.5913978494623656 1252
118 119 outer 0.45224541429475007 1.0 0.5154965211891208
119 119 disc 0.42694497153700184 1.0 0.540796963946869
119 120 inner 0.3257432005060088 1.0 0.6419987349778622 1495
119 120 outer 0.4016445287792536 1.0 0.5660974067046174
120 120 disc 0.43959519291587595 1.0 0.5281467425679949
120 121 inner 0.30044275774826057 1.0 0.6672991777356103 1866
120 121 outer 0.3636938646426312 1.0 0.6040480708412397
121 121 disc 0.42694497153700184 1.0 0.540796963946869
121 122 inner 0.3257432005060088 1.0 0.6419987349778622 1773
121 122 outer 0.3763440860215053 1.0 0.5913978494623656
122 122 disc 0.43959519291587595 1.0 0.5281467425679949
122 123 inner 0.2751423149905123 1.0 0.6925996204933587 1925
122 123 outer 0.3636938646426312 1.0 0.6040480708412397
123 123 disc 0.4142947501581275 1.0 0.5534471853257434
123 124 inner 0.2751423149905123 1.0 0.6925996204933587 2260
123 124 outer 0.3257432005060088 1.0 0.6419987349778622
124 124 disc 0.3510436432637571 1.0 0.6166982922201139
124 125 inner 0.26249209361163817 1.0 0.7052498418722328 1889
124 125 outer 0.3510436432637571 1.0 0.6166982922201139
125 125 disc 0.43959519291587595 1.0 0.5281467425679949
125 126 inner 0.21189120809614148 1.0 0.7558507273877295 2745
125 126 outer 0.2877925363693864 1.0 0.6799493991144845
126 126 disc 0.3763440860215053 1.0 0.5913978494623656
126 127 inner 0.0 0.7862745098039213 1.0 5803
126 127 outer 0.19924098671726753 1.0 0.7685009487666035
127 127 disc 0.0980392156862745 1.0 0.8697027197975965
127 128 inner 0.0 0.0 0.5 898400
