0 0 6.94251450533924
1 0.02496486192686055 14.511011352882239
1 0.02496486192686055 6.820178962415188
2 0.04686306923186493 14.410053787075569
2 0.04686306923186493 6.507794640198696
3 0.07221183271107989 14.1621552664082
3 0.07221183271107989 6.554588851677638
4 0.10302398453959478 14.488216732995971
4 0.10302398453959478 6.754887502163468
5 0.13467627958930314 14.509280168087859
5 0.13467627958930314 6.832890014164741
6 0.18097201738645194 14.457509135732698
6 0.18097201738645194 6.700439718141092
7 0.24213426811187 14.438596950854475
