0 0 10.409390936137703
1 0.021717715485426094 15.63693609848772
1 0.021717715485426094 9.887220615468385
2 0.043311118810907406 15.325129745948844
2 0.043311118810907406 9.605479518061669
3 0.06473484470034248 15.078275920403948
3 0.06473484470034248 9.30149619498255
4 0.0857264560124491 14.89372813232468
4 0.0857264560124491 9.052568050804153
5 0.10707598298166499 14.599970939239018
5 0.10707598298166499 8.900866807980748
6 0.1282260871057857 14.501837184902296
6 0.1282260871057857 8.700439718141093
7 0.1499625010247883 14.37531099747307
7 0.1499625010247883 8.64745842645492
8 0.1720882729398491 14.330216642678414
8 0.1720882729398491 8.632995197142957
9 0.19408104735645723 14.305349282598948
9 0.19408104735645723 8.603626344986193
10 0.2163846498635048 14.265615046484458
10 0.2163846498635048 8.603626344986193
11 0.2388526654357231 14.296916206879288
11 0.2388526654357231 8.727920454563199
12 0.2605738687885316 14.3786335405722
12 0.2605738687885316 8.550746785383243
13 0.2830242841102539 14.201205007299528
13 0.2830242841102539 8.658211482751796
14 0.3049358485164466 14.372252927280737
14 0.3049358485164466 8.643856189774725
15 0.3267920544478945 14.220982851081777
15 0.3267920544478945 8.546894459887637
16 0.3484986522026648 14.179831356506961
16 0.3484986522026648 8.447083226209653
17 0.37052385942164573 14.061033601681112
17 0.37052385942164573 8.375039431346925
18 0.3924803054363097 14.024879936884288
18 0.3924803054363097 8.357552004618084
19 0.41441730167128876 13.959820859580754
19 0.41441730167128876 8.285402218862249
20 0.4361827581215058 13.956829877743044
20 0.4361827581215058 8.194756854422248
21 0.4583429708284715 13.845882034384061
21 0.4583429708284715 8.060695931687555
22 0.48060905957475547 13.83387836457737
22 0.48060905957475547 8.060695931687555
23 0.5027323598223172 13.825753832883112
23 0.5027323598223172 8.022367813028454
24 0.5250754682852875 13.717997652527231
24 0.5250754682852875 8.055282435501189
25 0.5475840469031017 13.767253386915765
25 0.5475840469031017 8.20945336562895
26 0.5699577945707369 13.88264304936184
26 0.5699577945707369 8.271463027904375
27 0.5924414200605528 13.939854651686113
27 0.5924414200605528 8.271463027904375
28 0.6146670142003425 13.911391987843459
28 0.6146670142003425 8.257387842692651
29 0.636577065980894 13.862443642212295
29 0.636577065980894 8.164906926675688
30 0.6593333313864111 13.820777301419087
30 0.6593333313864111 8.276124405274238
31 0.6818089764717014 13.936085781679678
31 0.6818089764717014 8.308339030139408
32 0.703957143475215 13.985930857773862
32 0.703957143475215 8.353146825498083
33 0.7264394719168515 13.990990303530822
33 0.7264394719168515 8.434628227636725
34 0.7492315344774384 14.04763517372503
34 0.7492315344774384 8.379378367071261
35 0.7726655713838512 14.163571061458908
35 0.7726655713838512 8.558420713268664
36 0.7956247784306832 14.310399769619735
36 0.7956247784306832 8.640244936222345
37 0.8179890312170123 14.371776644337924
37 0.8179890312170123 8.60733031374961
38 0.8404439439785187 14.242206505913208
38 0.8404439439785187 8.599912842187127
39 0.8636658998167379 14.21257237850645
39 0.8636658998167379 8.72451385311995
40 0.8876249932853004 14.386131937314994
40 0.8876249932853004 8.857980995127573
41 0.9127858135962851 14.636511339161556
41 0.9127858135962851 9.14210705730255
42 0.9376721012266195 14.883263779005585
42 0.9376721012266195 9.283088353024002
43 0.9619766065896017 14.87378052269316
43 0.9619766065896017 9.337621901992508
44 0.9869920545693042 14.829524549078345
44 0.9869920545693042 9.20945336562895
45 1.0220741935775164 14.889884170302828
45 1.0220741935775164 9.422064766172813
46 1.0650073837691507 15.193563860602382
