0 0 disc 0.0 0.503921568627451 1.0
0 1 inner 0.0 0.3313725490196077 1.0 21564
0 1 outer 0.0 0.4725490196078431 1.0
1 1 disc 0.0 0.5666666666666667 1.0
1 2 inner 0.0 0.3941176470588234 1.0 16285
1 2 outer 0.0 0.5196078431372549 1.0
2 2 disc 0.0 0.6137254901960785 1.0
2 3 inner 0.0 0.4568627450980391 1.0 12247
2 3 outer 0.0 0.5823529411764706 1.0
3 3 disc 0.0 0.6137254901960785 1.0
3 4 inner 0.0 0.48823529411764705 1.0 9780
3 4 outer 0.0 0.6137254901960785 1.0
4 4 disc 0.0 0.6450980392156863 1.0
4 5 inner 0.0 0.5196078431372549 1.0 9277
4 5 outer 0.0 0.6450980392156863 1.0
5 5 disc 0.0 0.6450980392156863 1.0
5 6 inner 0.0 0.5352941176470586 1.0 8680
5 6 outer 0.0 0.66078431372549 1.0
6 6 disc 0.0 0.6764705882352942 1.0
6 7 inner 0.0 0.5666666666666667 1.0 7997
6 7 outer 0.0 0.6764705882352942 1.0
7 7 disc 0.0 0.6450980392156863 1.0
7 8 inner 0.0 0.5980392156862745 1.0 7090
7 8 outer 0.0 0.707843137254902 1.0
8 8 disc 0.0 0.707843137254902 1.0
8 9 inner 0.0 0.5980392156862745 1.0 7305
8 9 outer 0.0 0.707843137254902 1.0
9 9 disc 0.0 0.6764705882352942 1.0
9 10 inner 0.0 0.5980392156862745 1.0 7373
9 10 outer 0.0 0.692156862745098 1.0
10 10 disc 0.0 0.7392156862745098 1.0
10 11 inner 0.0 0.6294117647058823 1.0 7032
10 11 outer 0.0 0.707843137254902 1.0
11 11 disc 0.0 0.6764705882352942 1.0
11 12 inner 0.0 0.6450980392156863 1.0 6015
11 12 outer 0.0 0.7549019607843137 1.0
12 12 disc 0.0 0.707843137254902 1.0
12 13 inner 0.0 0.692156862745098 1.0 5413
12 13 outer 0.0 0.7862745098039213 1.0
13 13 disc 0.0 0.6450980392156863 1.0
13 14 inner 0.0 0.692156862745098 1.0 5198
13 14 outer 0.0 0.8019607843137255 1.0
14 14 disc 0.0 0.6764705882352942 1.0
14 15 inner 0.0 0.7549019607843137 1.0 4503
14 15 outer 0.0 0.8333333333333334 1.0
15 15 disc 0.0 0.707843137254902 1.0
15 16 inner 0.0 0.7392156862745098 1.0 4583
15 16 outer 0.0 0.8333333333333334 1.0
16 16 disc 0.0 0.7705882352941177 1.0
16 17 inner 0.0 0.7235294117647059 1.0 4824
16 17 outer 0.0 0.8176470588235294 1.0
17 17 disc 0.0 0.7549019607843137 1.0
17 18 inner 0.0 0.66078431372549 1.0 5608
17 18 outer 0.0 0.7862745098039213 1.0
18 18 disc 0.0 0.7549019607843137 1.0
18 19 inner 0.0 0.66078431372549 1.0 6052
18 19 outer 0.0 0.7549019607843137 1.0
19 19 disc 0.0 0.707843137254902 1.0
19 20 inner 0.0 0.66078431372549 1.0 6038
19 20 outer 0.0 0.7549019607843137 1.0
20 20 disc 0.0 0.7392156862745098 1.0
20 21 inner 0.0 0.66078431372549 1.0 5685
20 21 outer 0.0 0.7705882352941177 1.0
21 21 disc 0.0 0.7549019607843137 1.0
21 22 inner 0.0 0.692156862745098 1.0 5594
21 22 outer 0.0 0.7862745098039213 1.0
22 22 disc 0.0 0.7235294117647059 1.0
22 23 inner 0.0 0.66078431372549 1.0 5721
22 23 outer 0.0 0.7705882352941177 1.0
23 23 disc 0.0 0.7392156862745098 1.0
23 24 inner 0.0 0.6137254901960785 1.0 6563
23 24 outer 0.0 0.7392156862745098 1.0
24 24 disc 0.0 0.7392156862745098 1.0
24 25 inner 0.0 0.5980392156862745 1.0 7088
24 25 outer 0.0 0.7235294117647059 1.0
25 25 disc 0.0 0.7392156862745098 1.0
25 26 inner 0.0 0.503921568627451 1.0 9085
25 26 outer 0.0 0.66078431372549 1.0
26 26 disc 0.0 0.7235294117647059 1.0
26 27 inner 0.0 0.4568627450980391 1.0 12921
26 27 outer 0.0 0.5980392156862745 1.0
27 27 disc 0.0 0.6764705882352942 1.0
27 28 inner 0.0 0.4725490196078431 1.0 19026
27 28 outer 0.0 0.5509803921568628 1.0
28 28 disc 0.0 0.6764705882352942 1.0
28 29 inner 0.0 0.0 0.5 1486115
