0 0 disc 0.0 0.0 0.5
0 1 inner 0.0 0.0 0.5 35869656
0 1 outer 0.0 0.0 0.5
1 1 disc 0.0 0.0 0.785204991087344
1 2 inner 0.0 0.0 0.589126559714795 140052
1 2 outer 0.0 0.0 0.517825311942959
2 2 disc 0.0 0.22156862745098038 1.0
2 3 inner 0.0 0.0 0.838680926916221 21481
2 3 outer 0.0 0.0 0.696078431372549
3 3 disc 0.0 0.6450980392156863 1.0
3 4 inner 0.0 0.08039215686274499 1.0 7061
3 4 outer 0.0 0.0 0.963458110516934
4 4 disc 0.13598987982289687 1.0 0.8317520556609741
4 5 inner 0.0 0.4411764705882353 1.0 2579
4 5 outer 0.0 0.20588235294117635 1.0
5 5 disc 0.47754585705249836 1.0 0.4901960784313726
5 6 inner 0.0 0.8019607843137255 1.0 1005
5 6 outer 0.0 0.5509803921568628 1.0
6 6 disc 0.7685009487666034 1.0 0.19924098671726753
6 7 inner 0.26249209361163817 1.0 0.7052498418722328 438
6 7 outer 0.03478810879190385 0.9431372549019608 0.9329538266919671
7 7 disc 1.0 0.8140885984023241 0.0
7 8 inner 0.5660974067046173 1.0 0.4016445287792536 144
7 8 outer 0.2371916508538899 1.0 0.7305502846299811
8 8 disc 1.0 0.33478576615831535 0.0
8 9 inner 0.9076533839342187 1.0 0.06008855154965209 52
8 9 outer 0.9456040480708408 0.9883805374001459 0.022137887413030133
9 9 disc 1.0 0.3638344226579523 0.0
9 10 inner 0.0 0.0 0.5 62
