0 0 disc 0.0 0.6450980392156863 1.0
0 1 inner 0.0 0.503921568627451 1.0 8957
0 1 outer 0.0 0.5509803921568628 1.0
1 1 disc 0.0 0.7705882352941177 1.0
1 2 inner 0.0 0.5823529411764706 1.0 6182
1 2 outer 0.0 0.6294117647058823 1.0
2 2 disc 0.0 0.8019607843137255 1.0
2 3 inner 0.0 0.6450980392156863 1.0 4421
2 3 outer 0.0 0.707843137254902 1.0
3 3 disc 0.0 0.8490196078431372 1.0
3 4 inner 0.0 0.692156862745098 1.0 3675
3 4 outer 0.0 0.7549019607843137 1.0
4 4 disc 0.0 0.8490196078431372 1.0
4 5 inner 0.0 0.7862745098039213 1.0 2712
4 5 outer 0.0 0.8490196078431372 1.0
5 5 disc 0.0 0.8647058823529412 0.9962049335863378
5 6 inner 0.0 0.7862745098039213 1.0 2535
5 6 outer 0.0 0.8803921568627451 0.9835547122074637
6 6 disc 0.03478810879190385 0.9431372549019608 0.9329538266919671
6 7 inner 0.0 0.8490196078431372 1.0 2185
6 7 outer 0.009487666034155417 0.9117647058823527 0.9582542694497156
7 7 disc 0.07273877292852624 0.9901960784313726 0.8950031625553447
7 8 inner 0.0 0.8803921568627451 0.9835547122074637 2122
7 8 outer 0.022137887413029723 0.9274509803921569 0.9456040480708413
8 8 disc 0.07273877292852624 0.9901960784313726 0.8950031625553447
8 9 inner 0.0 0.8803921568627451 0.9835547122074637 2125
8 9 outer 0.022137887413029723 0.9274509803921569 0.9456040480708413
9 9 disc 0.08538899430740036 1.0 0.8823529411764706
9 10 inner 0.0 0.8960784313725491 0.9709044908285895 2021
9 10 outer 0.03478810879190385 0.9431372549019608 0.9329538266919671
10 10 disc 0.0980392156862745 1.0 0.8697027197975965
10 11 inner 0.0 0.8803921568627451 0.9835547122074637 2185
10 11 outer 0.022137887413029723 0.9274509803921569 0.9456040480708413
11 11 disc 0.07273877292852624 0.9901960784313726 0.8950031625553447
11 12 inner 0.0 0.8803921568627451 0.9835547122074637 2320
11 12 outer 0.009487666034155417 0.9117647058823527 0.9582542694497156
12 12 disc 0.06008855154965211 0.9745098039215686 0.9076533839342189
12 13 inner 0.0 0.8803921568627451 0.9835547122074637 1901
12 13 outer 0.04743833017077798 0.9588235294117647 0.920303605313093
13 13 disc 0.11068943706514844 1.0 0.8570524984187226
13 14 inner 0.0 0.8647058823529412 0.9962049335863378 2327
13 14 outer 0.009487666034155417 0.9117647058823527 0.9582542694497156
14 14 disc 0.06008855154965211 0.9745098039215686 0.9076533839342189
14 15 inner 0.0 0.8960784313725491 0.9709044908285895 1928
14 15 outer 0.04743833017077798 0.9588235294117647 0.920303605313093
15 15 disc 0.06008855154965211 0.9745098039215686 0.9076533839342189
15 16 inner 0.009487666034155417 0.9117647058823527 0.9582542694497156 1912
15 16 outer 0.06008855154965211 0.9745098039215686 0.9076533839342189
16 16 disc 0.06008855154965211 0.9745098039215686 0.9076533839342189
16 17 inner 0.04743833017077798 0.9588235294117647 0.920303605313093 1776
16 17 outer 0.08538899430740036 1.0 0.8823529411764706
17 17 disc 0.08538899430740036 1.0 0.8823529411764706
17 18 inner 0.06008855154965211 0.9745098039215686 0.9076533839342189 1642
17 18 outer 0.08538899430740036 1.0 0.8823529411764706
18 18 disc 0.022137887413029723 0.9274509803921569 0.9456040480708413
18 19 inner 0.06008855154965211 0.9745098039215686 0.9076533839342189 1573
18 19 outer 0.11068943706514844 1.0 0.8570524984187226
19 19 disc 0.12333965844402275 1.0 0.8444022770398483
19 20 inner 0.06008855154965211 0.9745098039215686 0.9076533839342189 1614
19 20 outer 0.11068943706514844 1.0 0.8570524984187226
20 20 disc 0.08538899430740036 1.0 0.8823529411764706
20 21 inner 0.0980392156862745 1.0 0.8697027197975965 1394
20 21 outer 0.13598987982289687 1.0 0.8317520556609741
21 21 disc 0.19924098671726753 1.0 0.7685009487666035
21 22 inner 0.08538899430740036 1.0 0.8823529411764706 1480
21 22 outer 0.13598987982289687 1.0 0.8317520556609741
22 22 disc 0.16129032258064513 1.0 0.8064516129032259
22 23 inner 0.11068943706514844 1.0 0.8570524984187226 1441
22 23 outer 0.13598987982289687 1.0 0.8317520556609741
23 23 disc 0.13598987982289687 1.0 0.8317520556609741
23 24 inner 0.11068943706514844 1.0 0.8570524984187226 1343
23 24 outer 0.16129032258064513 1.0 0.8064516129032259
24 24 disc 0.12333965844402275 1.0 0.8444022770398483
24 25 inner 0.0980392156862745 1.0 0.8697027197975965 1328
24 25 outer 0.148640101201771 1.0 0.8191018342820999
25 25 disc 0.11068943706514844 1.0 0.8570524984187226
25 26 inner 0.07273877292852624 0.9901960784313726 0.8950031625553447 1486
25 26 outer 0.12333965844402275 1.0 0.8444022770398483
26 26 disc 0.11068943706514844 1.0 0.8570524984187226
26 27 inner 0.0980392156862745 1.0 0.8697027197975965 1597
26 27 outer 0.11068943706514844 1.0 0.8570524984187226
27 27 disc 0.17394054395951927 1.0 0.7938013915243517
27 28 inner 0.08538899430740036 1.0 0.8823529411764706 1501
27 28 outer 0.12333965844402275 1.0 0.8444022770398483
28 28 disc 0.022137887413029723 0.9274509803921569 0.9456040480708413
28 29 inner 0.08538899430740036 1.0 0.8823529411764706 1447
28 29 outer 0.13598987982289687 1.0 0.8317520556609741
29 29 disc 0.0980392156862745 1.0 0.8697027197975965
29 30 inner 0.0980392156862745 1.0 0.8697027197975965 1413
29 30 outer 0.13598987982289687 1.0 0.8317520556609741
30 30 disc 0.12333965844402275 1.0 0.8444022770398483
30 31 inner 0.07273877292852624 0.9901960784313726 0.8950031625553447 1545
30 31 outer 0.11068943706514844 1.0 0.8570524984187226
31 31 disc 0.0980392156862745 1.0 0.8697027197975965
31 32 inner 0.04743833017077798 0.9588235294117647 0.920303605313093 1642
31 32 outer 0.0980392156862745 1.0 0.8697027197975965
32 32 disc 0.07273877292852624 0.9901960784313726 0.8950031625553447
32 33 inner 0.06008855154965211 0.9745098039215686 0.9076533839342189 1614
32 33 outer 0.0980392156862745 1.0 0.8697027197975965
33 33 disc 0.04743833017077798 0.9588235294117647 0.920303605313093
33 34 inner 0.04743833017077798 0.9588235294117647 0.920303605313093 1727
33 34 outer 0.08538899430740036 1.0 0.8823529411764706
34 34 disc 0.1865907653383934 1.0 0.7811511701454776
34 35 inner 0.022137887413029723 0.9274509803921569 0.9456040480708413 1991
34 35 outer 0.06008855154965211 0.9745098039215686 0.9076533839342189
35 35 disc 0.16129032258064513 1.0 0.8064516129032259
35 36 inner 0.0 0.8490196078431372 1.0 2311
35 36 outer 0.022137887413029723 0.9274509803921569 0.9456040480708413
36 36 disc 0.12333965844402275 1.0 0.8444022770398483
36 37 inner 0.0 0.8490196078431372 1.0 2580
36 37 outer 0.009487666034155417 0.9117647058823527 0.9582542694497156
37 37 disc 0.0980392156862745 1.0 0.8697027197975965
37 38 inner 0.0 0.8803921568627451 0.9835547122074637 2096
37 38 outer 0.03478810879190385 0.9431372549019608 0.9329538266919671
38 38 disc 0.0980392156862745 1.0 0.8697027197975965
38 39 inner 0.0 0.8803921568627451 0.9835547122074637 2232
38 39 outer 0.04743833017077798 0.9588235294117647 0.920303605313093
39 39 disc 0.12333965844402275 1.0 0.8444022770398483
39 40 inner 0.0 0.8333333333333334 1.0 2635
39 40 outer 0.0 0.8960784313725491 0.9709044908285895
40 40 disc 0.12333965844402275 1.0 0.8444022770398483
40 41 inner 0.0 0.7862745098039213 1.0 3642
40 41 outer 0.0 0.8333333333333334 1.0
41 41 disc 0.08538899430740036 1.0 0.8823529411764706
41 42 inner 0.0 0.7392156862745098 1.0 5386
41 42 outer 0.0 0.7549019607843137 1.0
42 42 disc 0.04743833017077798 0.9588235294117647 0.920303605313093
42 43 inner 0.0 0.707843137254902 1.0 5390
42 43 outer 0.0 0.7549019607843137 1.0
43 43 disc 0.03478810879190385 0.9431372549019608 0.9329538266919671
43 44 inner 0.0 0.7392156862745098 1.0 4926
43 44 outer 0.0 0.7705882352941177 1.0
44 44 disc 0.04743833017077798 0.9588235294117647 0.920303605313093
44 45 inner 0.0 0.66078431372549 1.0 6415
44 45 outer 0.0 0.7392156862745098 1.0
45 45 disc 0.009487666034155417 0.9117647058823527 0.9582542694497156
45 46 inner 0.0 0.0 0.5 140643
