0 0 disc 0.47754585705249836 1.0 0.4901960784313726
0 1 inner 0.3510436432637571 1.0 0.6166982922201139 3757
0 1 outer 0.2751423149905123 1.0 0.6925996204933587
1 1 disc 0.5281467425679949 1.0 0.439595192915876
1 2 inner 0.3510436432637571 1.0 0.6166982922201139 3746
1 2 outer 0.3257432005060088 1.0 0.6419987349778622
2 2 disc 0.5281467425679949 1.0 0.439595192915876
2 3 inner 0.4901960784313725 1.0 0.4775458570524984 3201
2 3 outer 0.38899430740037944 1.0 0.5787476280834916
3 3 disc 0.7685009487666034 1.0 0.19924098671726753
3 4 inner 0.0 0.5823529411764706 1.0 14138
3 4 outer 0.0 0.19019607843137254 1.0
4 4 disc 1.0 0.741466957153232 0.0
4 5 inner 0.8064516129032256 1.0 0.16129032258064513 252
4 5 outer 0.9456040480708408 0.9883805374001459 0.022137887413030133
5 5 disc 1.0 0.9012345679012348 0.0
5 6 inner 0.0 0.0 0.5 6662
