0 0 disc 0.0 0.0 0.5
0 1 inner 1.0 0.6397966594045028 0.0 22
0 1 outer 1.0 0.5526506899055921 0.0
1 1 disc 0.0 0.0 0.5
1 2 inner 1.0 0.3057371096586785 0.0 10
1 2 outer 1.0 0.3057371096586785 0.0
2 2 disc 0.0 0.0 0.5
2 3 inner 1.0 0.1023965141612202 0.0 4
2 3 outer 1.0 0.1023965141612202 0.0
3 3 disc 0.0 0.0 0.5
3 4 inner 0.8386809269162212 0.0 0.0 6
3 4 outer 0.8386809269162212 0.0 0.0
4 4 disc 0.0 0.0 0.5
4 5 inner 0.8386809269162212 0.0 0.0 4
4 5 outer 0.8386809269162212 0.0 0.0
5 5 disc 0.0 0.0 0.5
5 6 inner 0.8386809269162212 0.0 0.0 5
5 6 outer 0.8386809269162212 0.0 0.0
6 6 disc 0.5 0.0 0.0
6 7 inner 0.0 0.0 0.5 2
