0 0 19.96147230416086
1 0.014844420585087939 21.855366578888116
1 0.014844420585087939 19.049853865976146
2 0.0303517501066489 21.250143987859357
2 0.0303517501066489 18.622294956245423
3 0.04635796154518956 20.91964096909641
3 0.04635796154518956 18.405881040421683
4 0.06386321060943188 20.773886123270234
4 0.06386321060943188 18.333321348547194
5 0.0789412794844577 21.182362222780206
5 0.0789412794844577 15.753425699145414
6 0.0978514561106493 17.814582465906277
6 0.0978514561106493 15.073974164666751
7 0.11770556368317697 17.280598613520766
7 0.11770556368317697 14.649593006587887
8 0.13780709366072438 16.93626985760221
8 0.13780709366072438 14.312173909690445
9 0.1585503747171589 16.583068072441122
9 0.1585503747171589 14.154580804167798
10 0.18141583275448606 16.48450824571651
10 0.18141583275448606 14.16820200623727
11 0.19850819717598678 16.330759354771306
11 0.19850819717598678 10.358651200892886
12 0.22737921932162114 12.423903765836593
12 0.22737921932162114 9.731319031025064
13 0.25751615215951207 12.004571615167656
13 0.25751615215951207 9.231221180711186
14 0.2891208350124651 11.361943773735241
14 0.2891208350124651 8.581200581924957
15 0.3235031629254719 10.715961990255144
15 0.3235031629254719 8.154818109052105
16 0.35929445293115225 10.139551352398794
16 0.35929445293115225 7.417852514885898
17 0.3948752048144134 9.449148645375436
17 0.3948752048144134 6.599912842187128
18 0.4359254913278601 8.527477006060396
18 0.4359254913278601 6.0
19 0.4825443280873678 7.994353436858858
19 0.4825443280873678 5.584962500721156
20 0.5283363764086861 7.507794640198696
20 0.5283363764086861 5.044394119358453
21 0.5820878515807885 7.22881869049588
21 0.5820878515807885 4.857980995127572
22 0.637615432529082 6.857980995127572
22 0.637615432529082 4.584962500721156
23 0.7032807201781726 6.820178962415188
23 0.7032807201781726 4.459431618637297
24 0.7537809969599024 5.857980995127572
24 0.7537809969599024 3.169925001442312
25 0.9385529036207371 3.169925001442312
