0 0 disc 0.26249209361163817 1.0 0.7052498418722328
0 1 inner 0.0 0.8960784313725491 0.9709044908285895 8482
0 1 outer 0.0 0.8490196078431372 1.0
1 1 disc 0.21189120809614148 1.0 0.7558507273877295
1 2 inner 0.022137887413029723 0.9274509803921569 0.9456040480708413 4121
1 2 outer 0.08538899430740036 1.0 0.8823529411764706
2 2 disc 0.7432005060088547 1.0 0.2245414294750162
2 3 inner 0.03478810879190385 0.9431372549019608 0.9329538266919671 2958
2 3 outer 0.08538899430740036 1.0 0.8823529411764706
3 3 disc 0.4142947501581275 1.0 0.5534471853257434
3 4 inner 0.16129032258064513 1.0 0.8064516129032259 2295
3 4 outer 0.19924098671726753 1.0 0.7685009487666035
4 4 disc 0.3510436432637571 1.0 0.6166982922201139
4 5 inner 0.148640101201771 1.0 0.8191018342820999 1893
4 5 outer 0.2371916508538899 1.0 0.7305502846299811
5 5 disc 0.46489563567362424 1.0 0.5028462998102468
5 6 inner 0.3257432005060088 1.0 0.6419987349778622 1523
5 6 outer 0.2877925363693864 1.0 0.6799493991144845
6 6 disc 0.5154965211891207 1.0 0.4522454142947502
6 7 inner 0.2877925363693864 1.0 0.6799493991144845 1585
6 7 outer 0.2877925363693864 1.0 0.6799493991144845
7 7 disc 0.46489563567362424 1.0 0.5028462998102468
7 8 inner 0.16129032258064513 1.0 0.8064516129032259 1669
7 8 outer 0.2877925363693864 1.0 0.6799493991144845
8 8 disc 0.8191018342820998 1.0 0.14864010120177107
8 9 inner 0.1865907653383934 1.0 0.7811511701454776 2477
8 9 outer 0.19924098671726753 1.0 0.7685009487666035
9 9 disc 0.6040480708412397 1.0 0.3636938646426312
9 10 inner 0.2371916508538899 1.0 0.7305502846299811 2037
9 10 outer 0.30044275774826057 1.0 0.6672991777356103
10 10 disc 0.46489563567362424 1.0 0.5028462998102468
10 11 inner 0.0 0.66078431372549 1.0 26564
10 11 outer 0.0 0.34705882352941175 1.0
11 11 disc 0.6925996204933585 1.0 0.27514231499051234
11 12 inner 0.5154965211891207 1.0 0.4522454142947502 1097
11 12 outer 0.5913978494623655 1.0 0.3763440860215054
12 12 disc 0.7432005060088547 1.0 0.2245414294750162
12 13 inner 0.6672991777356103 1.0 0.30044275774826057 526
12 13 outer 0.7052498418722326 1.0 0.26249209361163817
13 13 disc 0.9203036053130929 1.0 0.04743833017077803
13 14 inner 0.641998734977862 1.0 0.3257432005060089 373
13 14 outer 0.7811511701454774 1.0 0.18659076533839347
14 14 disc 0.8191018342820998 1.0 0.14864010120177107
14 15 inner 0.7558507273877292 1.0 0.2118912080961417 304
14 15 outer 0.8191018342820998 1.0 0.14864010120177107
15 15 disc 0.8823529411764705 1.0 0.08538899430740043
15 16 inner 0.7811511701454774 1.0 0.18659076533839347 320
15 16 outer 0.8191018342820998 1.0 0.14864010120177107
16 16 disc 0.8191018342820998 1.0 0.14864010120177107
16 17 inner 0.6672991777356103 1.0 0.30044275774826057 287
16 17 outer 0.831752055660974 1.0 0.1359898798228969
17 17 disc 0.844402277039848 1.0 0.12333965844402273
17 18 inner 0.0 0.0 0.5 8386
