0 0 disc 0.6925996204933585 1.0 0.27514231499051234
0 1 inner 0.5281467425679949 1.0 0.439595192915876 1091
0 1 outer 0.5913978494623655 1.0 0.3763440860215054
1 1 disc 0.6925996204933585 1.0 0.27514231499051234
1 2 inner 0.5660974067046173 1.0 0.4016445287792536 1288
1 2 outer 0.5913978494623655 1.0 0.3763440860215054
2 2 disc 0.7938013915243516 1.0 0.1739405439595193
2 3 inner 0.5913978494623655 1.0 0.3763440860215054 1768
2 3 outer 0.5787476280834913 1.0 0.38899430740037955
3 3 disc 0.7938013915243516 1.0 0.1739405439595193
3 4 inner 0.0 0.0 0.5 21184
