0 0 disc 0.5534471853257431 1.0 0.4142947501581278
0 1 inner 0.26249209361163817 1.0 0.7052498418722328 2207
0 1 outer 0.19924098671726753 1.0 0.7685009487666035
1 1 disc 0.6040480708412397 1.0 0.3636938646426312
1 2 inner 0.0 0.3627450980392157 1.0 4886
1 2 outer 0.0 0.0 0.660427807486631
2 2 disc 0.932953826691967 1.0 0.03478810879190386
2 3 inner 1.0 0.39288307915758913 0.0 14
2 3 outer 1.0 0.39288307915758913 0.0
3 3 disc 0.8743315508021392 0.0 0.0
3 4 inner 0.8950031625553446 1.0 0.07273877292852626 87
3 4 outer 0.9835547122074635 0.9448075526506902 0.0
4 4 disc 1.0 0.16049382716049398 0.0
4 5 inner 0.5787476280834913 1.0 0.38899430740037955 200
4 5 outer 0.08538899430740036 1.0 0.8823529411764706
5 5 disc 0.517825311942959 0.0 0.0
5 6 inner 0.0 0.0 0.5 49
