0 0 disc 0.0 0.19019607843137254 1.0
0 1 inner 0.0 0.1588235294117647 1.0 9432
0 1 outer 0.0 0.2372549019607843 1.0
1 1 disc 0.0 0.34705882352941175 1.0
1 2 inner 0.0 0.34705882352941175 1.0 5252
1 2 outer 0.0 0.40980392156862744 1.0
2 2 disc 0.0 0.42549019607843136 1.0
2 3 inner 0.0 0.4411764705882353 1.0 4124
2 3 outer 0.0 0.48823529411764705 1.0
3 3 disc 0.0 0.48823529411764705 1.0
3 4 inner 0.0 0.503921568627451 1.0 3306
3 4 outer 0.0 0.5666666666666667 1.0
4 4 disc 0.0 0.5823529411764706 1.0
4 5 inner 0.0 0.5352941176470586 1.0 3167
4 5 outer 0.0 0.5980392156862745 1.0
5 5 disc 0.0 0.6294117647058823 1.0
5 6 inner 0.0 0.48823529411764705 1.0 3463
5 6 outer 0.0 0.5823529411764706 1.0
6 6 disc 0.0 0.6764705882352942 1.0
6 7 inner 0.0 0.28431372549019607 1.0 4535
6 7 outer 0.0 0.503921568627451 1.0
7 7 disc 0.0 0.5352941176470586 1.0
7 8 inner 0.0 0.0 0.5 43654
