0 0 disc 0.0 0.0 0.517825311942959
0 1 inner 0.0 0.0 0.5 1552270
0 1 outer 0.0 0.0 0.5
1 1 disc 0.0 0.0 0.535650623885918
1 2 inner 0.0 0.0 0.517825311942959 728096
1 2 outer 0.0 0.0 0.517825311942959
2 2 disc 0.0 0.0 0.553475935828877
2 3 inner 0.0 0.0 0.517825311942959 541018
2 3 outer 0.0 0.0 0.517825311942959
3 3 disc 0.0 0.0 0.571301247771836
3 4 inner 0.0 0.0 0.517825311942959 818677
3 4 outer 0.0 0.0 0.5
4 4 disc 0.0 0.22156862745098038 1.0
4 5 inner 0.0 0.0 0.963458110516934 20080
4 5 outer 0.0 0.0 0.731729055258467
5 5 disc 0.0 0.7705882352941177 1.0
5 6 inner 0.0 0.3313725490196077 1.0 4204
5 6 outer 0.0 0.12745098039215685 1.0
6 6 disc 0.24984187223276405 1.0 0.717900063251107
6 7 inner 0.0 0.707843137254902 1.0 1424
6 7 outer 0.0 0.3 1.0
7 7 disc 0.7558507273877292 1.0 0.2118912080961417
7 8 inner 0.3763440860215053 1.0 0.5913978494623656 342
7 8 outer 0.08538899430740036 1.0 0.8823529411764706
8 8 disc 1.0 0.6978939724037765 0.0
8 9 inner 0.47754585705249836 1.0 0.4901960784313726 92
8 9 outer 0.43959519291587595 1.0 0.5281467425679949
9 9 disc 1.0 0.3057371096586785 0.0
9 10 inner 0.844402277039848 1.0 0.12333965844402273 40
9 10 outer 0.43959519291587595 1.0 0.5281467425679949
10 10 disc 0.517825311942959 0.0 0.0
10 11 inner 0.0 0.0 0.5 6
