0 0 8.611024797307353
1 0.030584038969726352 12.839794290202557
1 0.030584038969726352 7.971543553950772
2 0.06394417137558273 12.444238438078106
2 0.06394417137558273 7.523561956057013
3 0.10048064185381525 12.290594888082572
3 0.10048064185381525 7.546894459887636
4 0.13706576259801917 12.182704710518964
4 0.13706576259801917 7.2384047393250786
5 0.17128644734752912 12.089781488353998
5 0.17128644734752912 7.285402218862249
6 0.20474626752339295 11.735556023911535
6 0.20474626752339295 7.076815597050831
7 0.25052121184015314 11.600377553107844
7 0.25052121184015314 6.794415866350106
8 0.2716241487270651 11.960364008877834
8 0.2716241487270651 3.700439718141092
9 0.3073901321908975 8.092757140919852
9 0.3073901321908975 3.321928094887362
10 0.3334502748338493 7.636624620543649
10 0.3334502748338493 2.584962500721156
11 0.37199062187750065 7.03342300153745
11 0.37199062187750065 2.807354922057604
12 0.40710632255317236 6.9886846867721655
12 0.40710632255317236 2.321928094887362
13 0.4345035780560858 6.94251450533924
13 0.4345035780560858 2.0
14 0.49979797039491486 6.149747119504682
14 0.49979797039491486 2.584962500721156
15 0.5710895822515879 7.912889336229962
15 0.5710895822515879 4.321928094887363
16 0.6203138179381242 8.632995197142957
16 0.6203138179381242 4.169925001442312
17 0.6936915036742929 8.375039431346925
17 0.6936915036742929 3.9068905956085187
18 0.7555113609597995 8.584962500721156
18 0.7555113609597995 3.0
19 0.8985393578487737 6.768184324776926
