0 0 disc 0.0 0.06470588235294118 1.0
0 1 inner 0.0 0.0 1.0 89263
0 1 outer 0.0 0.0 1.0
1 1 disc 0.0 0.14313725490196066 1.0
1 2 inner 0.0 0.03333333333333333 1.0 66193
1 2 outer 0.0 0.00196078431372549 1.0
2 2 disc 0.0 0.3156862745098039 1.0
2 3 inner 0.0 0.0176470588235293 1.0 56550
2 3 outer 0.0 0.0176470588235293 1.0
3 3 disc 0.0 0.19019607843137254 1.0
3 4 inner 0.0 0.0176470588235293 1.0 56537
3 4 outer 0.0 0.03333333333333333 1.0
4 4 disc 0.0 0.17450980392156862 1.0
4 5 inner 0.0 0.049019607843137254 1.0 48782
4 5 outer 0.0 0.049019607843137254 1.0
5 5 disc 0.0 0.22156862745098038 1.0
5 6 inner 0.0 0.0 1.0 60400
5 6 outer 0.0 0.03333333333333333 1.0
6 6 disc 0.0 0.1588235294117647 1.0
6 7 inner 0.0 0.0 0.5 3805395
