0 0 13.217048913556338
1 0.019691303172707713 17.517254159919776
1 0.019691303172707713 12.614249727689401
2 0.039479542333344414 17.134095370507094
2 0.039479542333344414 12.252074042796185
3 0.059430020741725084 16.83253156986441
3 0.059430020741725084 11.954559846999834
4 0.07978971700156502 16.62399576741388
4 0.07978971700156502 11.812177305514448
5 0.1002574944823753 16.489628479530726
5 0.1002574944823753 11.647908074281807
6 0.12108466174040258 16.343029526092696
6 0.12108466174040258 11.553629293916364
7 0.1420543006075267 16.31539725648661
7 0.1420543006075267 11.538673953082668
8 0.16297702534563227 16.257792954453258
8 0.16297702534563227 11.485829308701904
9 0.18455020614907416 16.210252779764968
9 0.18455020614907416 11.443461612227393
10 0.21187739937847092 16.18243315169524
10 0.21187739937847092 11.458919206967591
11 0.24062863605989313 16.926168567154633
11 0.24062863605989313 11.473705749619416
12 0.2686722089986844 16.63543472216468
12 0.2686722089986844 10.791162888555018
13 0.2767334949559346 15.602553892396541
13 0.2767334949559346 2.0
14 0.42122645354655597 6.129283016944966
14 0.42122645354655597 3.0
15 0.5827951225382089 5.78135971352466
