0 0 disc 0.4901960784313725 1.0 0.4775458570524984
0 1 inner 0.13598987982289687 1.0 0.8317520556609741 4429
0 1 outer 0.07273877292852624 0.9901960784313726 0.8950031625553447
1 1 disc 0.46489563567362424 1.0 0.5028462998102468
1 2 inner 0.24984187223276405 1.0 0.717900063251107 2105
1 2 outer 0.2245414294750158 1.0 0.7432005060088551
2 2 disc 0.6799493991144844 1.0 0.2877925363693865
2 3 inner 0.30044275774826057 1.0 0.6672991777356103 2874
2 3 outer 0.19924098671726753 1.0 0.7685009487666035
3 3 disc 0.5534471853257431 1.0 0.4142947501581278
3 4 inner 0.3257432005060088 1.0 0.6419987349778622 2279
3 4 outer 0.2751423149905123 1.0 0.6925996204933587
4 4 disc 0.7558507273877292 1.0 0.2118912080961417
4 5 inner 0.2877925363693864 1.0 0.6799493991144845 2589
4 5 outer 0.2371916508538899 1.0 0.7305502846299811
5 5 disc 0.5913978494623655 1.0 0.3763440860215054
5 6 inner 0.3763440860215053 1.0 0.5913978494623656 1140
5 6 outer 0.4016445287792536 1.0 0.5660974067046174
6 6 disc 0.8950031625553446 1.0 0.07273877292852626
6 7 inner 0.2751423149905123 1.0 0.6925996204933587 1287
6 7 outer 0.3636938646426312 1.0 0.6040480708412397
7 7 disc 0.6040480708412397 1.0 0.3636938646426312
7 8 inner 0.0 0.6137254901960785 1.0 13043
7 8 outer 0.0 0.0 1.0
8 8 disc 1.0 0.9157588961510532 0.0
8 9 inner 1.0 0.5671750181554105 0.0 42
8 9 outer 1.0 0.5526506899055921 0.0
9 9 disc 1.0 0.4945533769063183 0.0
9 10 inner 1.0 0.6252723311546844 0.0 35
9 10 outer 1.0 0.4364560639070445 0.0
10 10 disc 0.0 0.0 0.5
10 11 inner 1.0 0.24763979665940472 0.0 18
10 11 outer 1.0 0.24763979665940472 0.0
11 11 disc 1.0 0.46550472040668145 0.0
11 12 inner 1.0 0.3783587509077707 0.0 25
11 12 outer 1.0 0.24763979665940472 0.0
12 12 disc 1.0 0.18954248366013093 0.0
12 13 inner 1.0 0.3783587509077707 0.0 21
12 13 outer 1.0 0.2331154684095862 0.0
13 13 disc 1.0 0.1023965141612202 0.0
13 14 inner 1.0 0.3057371096586785 0.0 14
13 14 outer 0.9278074866310163 0.015250544662309573 0.0
14 14 disc 1.0 0.24763979665940472 0.0
14 15 inner 1.0 0.6252723311546844 0.0 79
14 15 outer 1.0 0.5381263616557737 0.0
15 15 disc 1.0 0.5381263616557737 0.0
15 16 inner 1.0 0.843137254901961 0.0 198
15 16 outer 1.0 0.7705156136528688 0.0
16 16 disc 1.0 0.46550472040668145 0.0
16 17 inner 1.0 0.7705156136528688 0.0 145
16 17 outer 1.0 0.6833696441539581 0.0
17 17 disc 1.0 0.4219317356572261 0.0
17 18 inner 0.3636938646426312 1.0 0.6040480708412397 1044
17 18 outer 0.0 0.8333333333333334 1.0
18 18 disc 0.9812834224598939 0.058823529411765274 0.0
18 19 inner 0.0 0.0 0.5 433
