0 0 disc 0.0 0.0 0.963458110516934
0 1 inner 0.0 0.0 0.803030303030303 84063
0 1 outer 0.0 0.0 0.785204991087344
1 1 disc 0.0 0.049019607843137254 1.0
1 2 inner 0.0 0.0 0.892156862745098 66235
1 2 outer 0.0 0.0 0.838680926916221
2 2 disc 0.0 0.12745098039215685 1.0
2 3 inner 0.0 0.0 0.927807486631016 67883
2 3 outer 0.0 0.0 0.85650623885918
3 3 disc 0.0 0.19019607843137254 1.0
3 4 inner 0.0 0.0 0.981283422459893 47120
3 4 outer 0.0 0.0 0.945632798573975
4 4 disc 0.0 0.2529411764705882 1.0
4 5 inner 0.0 0.0 0.981283422459893 40752
4 5 outer 0.0 0.0 0.999108734402852
5 5 disc 0.0 0.20588235294117635 1.0
5 6 inner 0.0 0.0 0.945632798573975 157413
5 6 outer 0.0 0.0 0.535650623885918
6 6 disc 0.46489563567362424 1.0 0.5028462998102468
6 7 inner 0.0 0.8490196078431372 1.0 4200
6 7 outer 0.0 0.5823529411764706 1.0
7 7 disc 0.7811511701454774 1.0 0.18659076533839347
7 8 inner 0.07273877292852624 0.9901960784313726 0.8950031625553447 1736
7 8 outer 0.0 0.8803921568627451 0.9835547122074637
8 8 disc 0.9456040480708408 0.9883805374001459 0.022137887413030133
8 9 inner 0.2751423149905123 1.0 0.6925996204933587 876
8 9 outer 0.2245414294750158 1.0 0.7432005060088551
9 9 disc 0.9709044908285893 0.9593318809005086 0.0
9 10 inner 0.47754585705249836 1.0 0.4901960784313726 302
9 10 outer 0.5913978494623655 1.0 0.3763440860215054
10 10 disc 0.8823529411764705 1.0 0.08538899430740043
10 11 inner 0.46489563567362424 1.0 0.5028462998102468 1186
10 11 outer 0.26249209361163817 1.0 0.7052498418722328
11 11 disc 0.9709044908285893 0.9593318809005086 0.0
11 12 inner 0.21189120809614148 1.0 0.7558507273877295 956
11 12 outer 0.148640101201771 1.0 0.8191018342820999
12 12 disc 1.0 0.712418300653595 0.0
12 13 inner 0.5913978494623655 1.0 0.3763440860215054 553
12 13 outer 0.3130929791271345 1.0 0.6546489563567364
13 13 disc 1.0 0.5090777051561368 0.0
13 14 inner 0.5787476280834913 1.0 0.38899430740037955 291
13 14 outer 0.5787476280834913 1.0 0.38899430740037955
14 14 disc 1.0 0.5090777051561368 0.0
14 15 inner 0.5534471853257431 1.0 0.4142947501581278 353
14 15 outer 0.19924098671726753 1.0 0.7685009487666035
15 15 disc 1.0 0.16049382716049398 0.0
15 16 inner 0.8191018342820998 1.0 0.14864010120177107 142
15 16 outer 0.3636938646426312 1.0 0.6040480708412397
16 16 disc 0.5 0.0 0.0
16 17 inner 0.8386809269162212 0.0 0.0 3
16 17 outer 0.6247771836007131 0.0 0.0
17 17 disc 0.0 0.0 0.5
17 18 inner 0.6247771836007131 0.0 0.0 0
17 18 outer 0.5 0.0 0.0
18 18 disc 0.535650623885918 0.0 0.0
18 19 inner 0.0 0.0 0.5 41
