0 0 5.392317422778761
1 0.056862634826012344 4.247927513443585
1 0.056862634826012344 3.321928094887362
2 0.12699882316262348 3.169925001442312
2 0.12699882316262348 2.321928094887362
3 0.24508052128602614 2.321928094887362
3 0.24508052128602614 2.0
4 0.40423546437792146 2.0
4 0.40423546437792146 2.0
5 0.5633904074698168 2.0
5 0.5633904074698168 2.0
6 0.6895177157723487 2.0
6 0.6895177157723487 1.584962500721156
7 0.8903488938216464 1.584962500721156
7 0.8903488938216464 1.584962500721156
8 1.270479990849973 0.0
