0 0 15.933782848775373
1 0.014768102581145668 21.723078444553792
1 0.014768102581145668 15.278630945275038
2 0.029607173279744874 21.322363351708777
2 0.029607173279744874 14.825753832883112
3 0.044498074560083756 20.994858888272727
3 0.044498074560083756 14.45757325978724
4 0.059540388348549404 20.688389482872044
4 0.059540388348549404 14.157504839926114
5 0.07471315259818646 20.445338225835457
5 0.07471315259818646 13.897278247411263
6 0.08995384411502215 20.21423135949613
6 0.08995384411502215 13.679809946332526
7 0.10529305250828153 20.026088420118477
7 0.10529305250828153 13.469133019829592
8 0.12076222792637051 19.823965812899775
8 0.12076222792637051 13.272775563286087
9 0.136383727146589 19.64467134982374
9 0.136383727146589 13.086136225027309
10 0.1520467697855285 19.477920288641258
10 0.1520467697855285 12.932030157887027
11 0.1677819973378821 19.31937443913714
11 0.1677819973378821 12.787086324551616
12 0.18355780599921068 19.186259353123187
12 0.18355780599921068 12.635491406251711
13 0.19945852621986984 19.034927891668424
13 0.19945852621986984 12.506059588827949
14 0.2154756503455278 18.912678865494268
14 0.2154756503455278 12.422853195944265
15 0.2315128053492102 18.84144149721397
15 0.2315128053492102 12.32558654521057
16 0.24757915835007083 18.728601474896635
16 0.24757915835007083 12.17617314910749
17 0.26381455435304374 18.594623481925986
17 0.26381455435304374 12.093747662785669
18 0.2801651732513031 18.525547571867545
18 0.2801651732513031 12.027560482248777
19 0.2965219096631298 18.456546932739634
19 0.2965219096631298 11.953105150591341
20 0.31299750500055246 18.384754244412033
20 0.31299750500055246 11.92481250360578
21 0.3294166374989918 18.36065850667671
21 0.3294166374989918 11.836839359748716
22 0.34594912005820094 18.284435546610922
22 0.34594912005820094 11.809768128710413
23 0.3624969722991623 18.257967853916398
23 0.3624969722991623 11.779719355143405
24 0.37905458705612427 18.218104375002582
24 0.37905458705612427 11.754052367528924
25 0.39561494461785535 18.195372207402738
25 0.39561494461785535 11.6965329140783
26 0.412266531898758 18.154190154871127
26 0.412266531898758 11.686062749895415
27 0.4289583513487344 18.130565535564283
27 0.4289583513487344 11.680799034572981
28 0.4456604441332052 18.13019347109873
28 0.4456604441332052 11.694357887221452
29 0.462325815148124 18.13776166224819
29 0.462325815148124 11.694357887221452
30 0.47902135402204715 18.138956701696454
30 0.47902135402204715 11.712527000439824
31 0.4957057904167888 18.151140445785416
31 0.4957057904167888 11.724087461793989
32 0.5124390282081143 18.185311013781476
32 0.5124390282081143 11.779719355143405
33 0.5290482994424498 18.216670084407063
33 0.5290482994424498 11.774375272802063
34 0.545744781915936 18.217266695282298
34 0.545744781915936 11.8193807908646
35 0.5624003222233851 18.263406757545358
35 0.5624003222233851 11.845882034384061
36 0.5791017484534247 18.286616416826742
36 0.5791017484534247 11.897467341721892
37 0.5957880077628581 18.348550952683606
37 0.5957880077628581 11.958915156091349
38 0.6124673033671082 18.411602014219
38 0.6124673033671082 12.026869205263395
39 0.6291414787978005 18.459347563576802
39 0.6291414787978005 12.113090983442381
40 0.6457144413627689 18.54383990682517
40 0.6457144413627689 12.157978449945432
41 0.6623737219814021 18.60034851306032
41 0.6623737219814021 12.280770770130603
42 0.6788819629361125 18.70078512378822
42 0.6788819629361125 12.319954310686944
43 0.6955091538296578 18.773049035461753
43 0.6955091538296578 12.418379719364957
44 0.7121723681990351 18.881424688006028
44 0.7121723681990351 12.557703014037767
45 0.7288335474663089 19.025182828635508
45 0.7288335474663089 12.715747542831355
46 0.7456565286373322 19.159260363534546
46 0.7456565286373322 12.875173386927388
47 0.7629465369411775 19.397893938142598
47 0.7629465369411775 13.1527601687754
48 0.7866952870052596 19.754554811141368
48 0.7866952870052596 13.523439439387507
49 0.8147678597944368 21.948113738917456
