0 0 18.638563185032826
1 0.016371390728608205 19.704043779096494
1 0.016371390728608205 17.468091015255784
2 0.03386928512537726 18.838536106616445
2 0.03386928512537726 16.8811856729225
3 0.05291506824404426 18.352948620549274
3 0.05291506824404426 16.519421257573537
4 0.06845865905441932 17.940795332799848
4 0.06845865905441932 12.358925869154714
5 0.09218009824226103 12.897845456005511
5 0.09218009824226103 10.35974956032233
6 0.1211313678438028 10.897845456005511
6 0.1211313678438028 8.78135971352466
7 0.15229714844457087 9.319672120946995
7 0.15229714844457087 6.807354922057604
8 0.19297405286867336 7.257387842692652
8 0.19297405286867336 5.321928094887363
9 0.2377051349064222 5.087462841250339
9 0.2377051349064222 3.321928094887362
10 0.2880161721663665 4.321928094887363
10 0.2880161721663665 1.584962500721156
11 0.6100920032559449 2.321928094887362
