0 0 21.634200848709753
1 0.011612851895295987 23.359951791462642
1 0.011612851895295987 15.038404628941894
2 0.030884317194456383 15.728770849542663
2 0.030884317194456383 12.634130373093326
3 0.05415053571488464 13.376939321619846
3 0.05415053571488464 10.960725994839057
4 0.0805138065701912 11.859922972861758
4 0.0805138065701912 9.419960177847889
5 0.11057195969942683 10.470658874060552
5 0.11057195969942683 8.066089190457772
6 0.14545441201500384 9.025139562278508
6 0.14545441201500384 6.741466986401147
7 0.186597759660241 7.900866807980749
7 0.186597759660241 5.554588851677638
8 0.230428467863038 6.3750394313469245
8 0.230428467863038 3.807354922057604
9 0.3088398121009095 5.129283016944966
9 0.3088398121009095 3.321928094887362
10 0.4385162069655285 4.857980995127572
