0 0 14.502023728234784
1 0.01944808083180188 18.41433426283494
1 0.01944808083180188 14.049252974571923
2 0.03914800493894578 18.14215194133667
2 0.03914800493894578 13.812377888766893
3 0.06299540183630215 17.95200747529977
3 0.06299540183630215 13.697293399452
4 0.07759614789972352 18.09829429626761
4 0.07759614789972352 9.681238411777805
5 0.10174085123357142 13.912982868924143
5 0.10174085123357142 9.361943773735241
6 0.12543883316545765 13.60490065714595
6 0.12543883316545765 9.124121311829187
7 0.14929511898862707 13.404343291585755
7 0.14929511898862707 9.057991722759176
8 0.17506191230396395 13.32671035834696
8 0.17506191230396395 9.00842862207058
9 0.19960458940436226 13.308907804063939
9 0.19960458940436226 8.948367231584678
10 0.22318716828650143 13.171333195835121
10 0.22318716828650143 8.700439718141093
11 0.24843253690021078 12.91513244895065
11 0.24843253690021078 8.383704292474052
12 0.2742466609029897 12.822172461476178
12 0.2742466609029897 8.426264754702098
13 0.2986995769917262 12.705632387361415
13 0.2986995769917262 8.266786540694902
14 0.3232969163326506 12.547858506058416
14 0.3232969163326506 8.108524456778168
15 0.3482139503885184 12.397139806235604
15 0.3482139503885184 8.066089190457772
16 0.3723119330473193 12.316847183602473
16 0.3723119330473193 7.754887502163468
17 0.3976809405004176 12.096715154488535
17 0.3976809405004176 7.636624620543649
18 0.42430310833583884 12.027214885159834
18 0.42430310833583884 7.539158811108031
19 0.4500499652616728 11.914011328541255
19 0.4500499652616728 7.459431618637297
20 0.4757463660945122 11.748612176736982
20 0.4757463660945122 7.348728154231077
21 0.501620530352431 11.668441828052998
21 0.501620530352431 7.20945336562895
22 0.5279306991161554 11.538673953082668
22 0.5279306991161554 7.20945336562895
23 0.5546514472359144 11.52943055414615
23 0.5546514472359144 7.266786540694901
24 0.5813893877715609 11.583552930466485
24 0.5813893877715609 7.321928094887363
25 0.6122992980892921 11.664447284547972
25 0.6122992980892921 7.483815777264256
26 0.6374331832292758 11.744413410557655
26 0.6374331832292758 7.20945336562895
27 0.6629273655778469 11.496853777388042
27 0.6629273655778469 7.03342300153745
28 0.6901677947052146 11.353698209048035
28 0.6901677947052146 7.189824558880018
29 0.7173768148539542 11.503328856626661
29 0.7173768148539542 7.339850002884624
30 0.7422692118973823 11.648357582009666
30 0.7422692118973823 7.022367813028454
31 0.7682219281587714 11.382083590141967
31 0.7682219281587714 6.954196310386875
32 0.7941298062686907 11.283088353024002
32 0.7941298062686907 6.78135971352466
33 0.8204957596982568 11.122827994807666
33 0.8204957596982568 6.6293566200796095
34 0.8466662743326898 10.944712061043486
34 0.8466662743326898 6.442943495848728
35 0.8736311421341428 10.794415866350105
35 0.8736311421341428 6.321928094887363
36 0.9006168221234818 10.663558104217273
36 0.9006168221234818 6.169925001442312
37 0.9279027515750149 10.497851836951117
37 0.9279027515750149 6.022367813028454
38 0.9557783650827695 10.34318571544788
38 0.9557783650827695 5.954196310386875
39 0.9839028018609352 10.332036548361652
39 0.9839028018609352 5.977279923499917
40 1.0118368640719195 10.306061689428342
40 1.0118368640719195 5.882643049361842
41 1.0403944773242655 10.187352073200497
41 1.0403944773242655 5.882643049361842
42 1.0706071934652002 10.24436383512051
42 1.0706071934652002 6.285402218862249
43 1.0984116523314638 10.680359523513713
43 1.0984116523314638 6.409390936137702
44 1.1266023186469307 10.696967526234287
44 1.1266023186469307 6.523561956057013
45 1.1539483072490284 10.810571634741146
45 1.1539483072490284 6.569855608330948
46 1.1808893916752503 10.855647166027266
46 1.1808893916752503 6.459431618637297
47 1.2080047627128898 10.817783121774534
47 1.2080047627128898 6.426264754702098
48 1.236133627817143 10.870364719583405
48 1.236133627817143 6.491853096329675
49 1.2631552604874312 10.818582177480858
49 1.2631552604874312 6.442943495848728
50 1.2906869465386706 10.804937672051908
50 1.2906869465386706 6.475733430966398
51 1.3186513139882754 10.75905593916017
51 1.3186513139882754 6.539158811108031
52 1.3461049200716522 10.907641803665527
52 1.3461049200716522 6.599912842187128
53 1.3726200203009733 10.902375114486025
53 1.3726200203009733 6.392317422778761
54 1.4015020426776392 10.732167425663386
54 1.4015020426776392 6.700439718141092
55 1.4292483712585942 11.098690096673593
55 1.4292483712585942 6.832890014164741
56 1.455783866573361 11.196602126523171
56 1.455783866573361 6.741466986401147
57 1.4829738813123463 11.097373768990222
57 1.4829738813123463 6.6865005271832185
58 1.510464273389272 11.051888655905378
58 1.510464273389272 6.741466986401147
59 1.5378943642966834 11.147204924942228
59 1.5378943642966834 6.845490050944375
60 1.5637153582224195 11.228818690495881
60 1.5637153582224195 6.658211482751795
61 1.5913125115166427 10.955649907528374
61 1.5913125115166427 6.78135971352466
62 1.6167765081441374 11.105908508571158
62 1.6167765081441374 6.426264754702098
63 1.6444139092851913 10.806549621985962
63 1.6444139092851913 6.539158811108031
64 1.6718229387110615 10.90388184573618
64 1.6718229387110615 6.442943495848728
65 1.6984081070066332 10.909893083770042
65 1.6984081070066332 6.392317422778761
66 1.7261158416907916 10.699572453287269
66 1.7261158416907916 6.409390936137702
67 1.7543955232659045 10.824958740528523
67 1.7543955232659045 6.6293566200796095
68 1.781566267122663 11.0
68 1.781566267122663 6.6865005271832185
69 1.8095963796782126 11.088788238716907
69 1.8095963796782126 6.882643049361842
70 1.8361925607976968 11.192909219112012
70 1.8361925607976968 6.794415866350106
71 1.8634930478386167 11.101975670949232
71 1.8634930478386167 6.857980995127572
72 1.890263648633874 11.172427508645482
72 1.890263648633874 6.857980995127572
73 1.9176764827276176 11.204571144249204
73 1.9176764827276176 6.94251450533924
74 1.9448965865123393 11.274960472140602
74 1.9448965865123393 7.05528243550119
75 1.9712570857081269 11.397674632948268
75 1.9712570857081269 7.022367813028454
76 1.9982486873304683 11.324743110494417
76 1.9982486873304683 7.149747119504682
77 2.0238240623121233 11.468114886378098
77 2.0238240623121233 7.0
78 2.050483690305513 11.370687406807217
78 2.050483690305513 7.087462841250339
79 2.0760954284661364 11.414156679274141
79 2.0760954284661364 6.857980995127572
80 2.1030260649263925 11.203959703239462
80 2.1030260649263925 6.918863237274595
81 2.129831435731666 11.257387842692651
81 2.129831435731666 6.965784284662087
82 2.1569269516720477 11.283088353024002
82 2.1569269516720477 7.076815597050831
83 2.183381062756485 11.37232095486726
83 2.183381062756485 7.066089190457772
84 2.209234986670942 11.350386742312843
84 2.209234986670942 6.894817763307944
85 2.23599049078466 11.306631361712501
85 2.23599049078466 6.977279923499917
86 2.26251102553249 11.312315746690107
86 2.26251102553249 6.918863237274595
87 2.289761532120696 11.296916206879288
87 2.289761532120696 7.022367813028454
88 2.315951272991434 11.369597346278677
88 2.315951272991434 7.022367813028454
89 2.342288781082732 11.320800548881637
89 2.342288781082732 6.954196310386875
90 2.3695590478366255 11.283088353024002
90 2.3695590478366255 7.139551352398794
91 2.3964522787790123 11.484822894262146
91 2.3964522787790123 7.266786540694901
92 2.422548730930301 11.541096615349524
92 2.422548730930301 7.2761244052742375
93 2.449195730157135 11.588246152044817
93 2.449195730157135 7.475733430966398
94 2.4761572341248694 11.812979471251483
94 2.4761572341248694 7.6653359171851765
95 2.5027341319410366 12.050868963290736
95 2.5027341319410366 7.906890595608519
96 2.5282363602480706 12.169925001442312
96 2.5282363602480706 7.864186144654281
97 2.555154643497777 12.16427843830117
97 2.555154643497777 8.016808287686555
98 2.581001269826257 12.417325117679919
98 2.581001269826257 8.154818109052105
99 2.606603664022452 12.471167133724391
99 2.606603664022452 8.266786540694902
100 2.632940498484472 12.558659867026508
100 2.632940498484472 8.396604781181859
101 2.663061241439019 12.660664477461278
101 2.663061241439019 8.507794640198696
102 2.6925383842224586 13.34249141106907
102 2.6925383842224586 8.985841937003341
103 2.719882500858991 13.178353623512892
103 2.719882500858991 9.076815597050832
104 2.748891914062836 13.29117069932186
104 2.748891914062836 9.197216693110052
105 2.7854258298354653 13.562838653117804
105 2.7854258298354653 9.447083226209653
106 2.8276278155639165 13.620219825507487
