0 0 disc 0.0 0.0 0.5
0 1 inner 1.0 0.6107480029048659 0.0 14
0 1 outer 1.0 0.5816993464052289 0.0
1 1 disc 0.0 0.0 0.5
1 2 inner 1.0 0.3783587509077707 0.0 18
1 2 outer 1.0 0.3783587509077707 0.0
2 2 disc 0.0 0.0 0.5
2 3 inner 1.0 0.1023965141612202 0.0 1
2 3 outer 1.0 0.1023965141612202 0.0
3 3 disc 0.0 0.0 0.5
3 4 inner 0.8386809269162212 0.0 0.0 8
3 4 outer 0.8386809269162212 0.0 0.0
4 4 disc 0.0 0.0 0.5
4 5 inner 0.8386809269162212 0.0 0.0 2
4 5 outer 0.8386809269162212 0.0 0.0
5 5 disc 0.5 0.0 0.0
5 6 inner 0.0 0.0 0.5 7
