0 0 disc 0.0 0.0 0.5
0 1 inner 1.0 0.7705156136528688 0.0 6
0 1 outer 1.0 0.6688453159041396 0.0
1 1 disc 0.0 0.0 0.5
1 2 inner 1.0 0.4509803921568629 0.0 6
1 2 outer 1.0 0.21859114015976777 0.0
2 2 disc 0.0 0.0 0.5
2 3 inner 0.8386809269162212 0.0 0.0 0
2 3 outer 0.8386809269162212 0.0 0.0
3 3 disc 0.0 0.0 0.5
3 4 inner 0.8386809269162212 0.0 0.0 5
3 4 outer 0.8386809269162212 0.0 0.0
4 4 disc 0.0 0.0 0.5
4 5 inner 0.8386809269162212 0.0 0.0 0
4 5 outer 0.8386809269162212 0.0 0.0
5 5 disc 0.5 0.0 0.0
5 6 inner 0.0 0.0 0.5 5
