0 0 disc 0.6166982922201137 1.0 0.35104364326375714
0 1 inner 0.45224541429475007 1.0 0.5154965211891208 2524
0 1 outer 0.5787476280834913 1.0 0.38899430740037955
1 1 disc 0.6546489563567361 1.0 0.31309297912713474
1 2 inner 0.45224541429475007 1.0 0.5154965211891208 1764
1 2 outer 0.6040480708412397 1.0 0.3636938646426312
2 2 disc 0.6546489563567361 1.0 0.31309297912713474
2 3 inner 0.5028462998102466 1.0 0.46489563567362435 981
2 3 outer 0.6672991777356103 1.0 0.30044275774826057
3 3 disc 0.6293485135989879 1.0 0.338393421884883
3 4 inner 0.47754585705249836 1.0 0.4901960784313726 2792
3 4 outer 0.5787476280834913 1.0 0.38899430740037955
4 4 disc 0.5660974067046173 1.0 0.4016445287792536
4 5 inner 0.4901960784313725 1.0 0.4775458570524984 5369
4 5 outer 0.5787476280834913 1.0 0.38899430740037955
5 5 disc 0.6040480708412397 1.0 0.3636938646426312
5 6 inner 0.5913978494623655 1.0 0.3763440860215054 3975
5 6 outer 0.5913978494623655 1.0 0.3763440860215054
6 6 disc 0.7685009487666034 1.0 0.19924098671726753
6 7 inner 0.0 0.0 0.5 178702
