0 0 disc 0.0 0.5823529411764706 1.0
0 1 inner 0.0 0.42549019607843136 1.0 27766
0 1 outer 0.0 0.5196078431372549 1.0
1 1 disc 0.0 0.6294117647058823 1.0
1 2 inner 0.0 0.42549019607843136 1.0 20956
1 2 outer 0.0 0.5352941176470586 1.0
2 2 disc 0.0 0.66078431372549 1.0
2 3 inner 0.0 0.4568627450980391 1.0 13850
2 3 outer 0.0 0.5823529411764706 1.0
3 3 disc 0.0 0.692156862745098 1.0
3 4 inner 0.0 0.4725490196078431 1.0 14646
3 4 outer 0.0 0.5980392156862745 1.0
4 4 disc 0.0 0.692156862745098 1.0
4 5 inner 0.0 0.4568627450980391 1.0 14741
4 5 outer 0.0 0.5980392156862745 1.0
5 5 disc 0.0 0.707843137254902 1.0
5 6 inner 0.0 0.4725490196078431 1.0 12564
5 6 outer 0.0 0.6137254901960785 1.0
6 6 disc 0.0 0.7235294117647059 1.0
6 7 inner 0.0 0.5196078431372549 1.0 10951
6 7 outer 0.0 0.6450980392156863 1.0
7 7 disc 0.0 0.7705882352941177 1.0
7 8 inner 0.0 0.5509803921568628 1.0 9633
7 8 outer 0.0 0.6764705882352942 1.0
8 8 disc 0.0 0.7549019607843137 1.0
8 9 inner 0.0 0.5823529411764706 1.0 8391
8 9 outer 0.0 0.692156862745098 1.0
9 9 disc 0.0 0.7862745098039213 1.0
9 10 inner 0.0 0.5823529411764706 1.0 7747
9 10 outer 0.0 0.707843137254902 1.0
10 10 disc 0.0 0.8176470588235294 1.0
10 11 inner 0.0 0.5823529411764706 1.0 7409
10 11 outer 0.0 0.7235294117647059 1.0
11 11 disc 0.0 0.8176470588235294 1.0
11 12 inner 0.0 0.5980392156862745 1.0 6985
11 12 outer 0.0 0.7392156862745098 1.0
12 12 disc 0.0 0.8176470588235294 1.0
12 13 inner 0.0 0.6137254901960785 1.0 6865
12 13 outer 0.0 0.7392156862745098 1.0
13 13 disc 0.0 0.8333333333333334 1.0
13 14 inner 0.0 0.6450980392156863 1.0 6474
13 14 outer 0.0 0.7549019607843137 1.0
14 14 disc 0.0 0.8019607843137255 1.0
14 15 inner 0.0 0.6764705882352942 1.0 5707
14 15 outer 0.0 0.7862745098039213 1.0
15 15 disc 0.0 0.8176470588235294 1.0
15 16 inner 0.0 0.6764705882352942 1.0 5380
15 16 outer 0.0 0.8019607843137255 1.0
16 16 disc 0.0 0.8647058823529412 0.9962049335863378
16 17 inner 0.0 0.66078431372549 1.0 5895
16 17 outer 0.0 0.7862745098039213 1.0
17 17 disc 0.0 0.8490196078431372 1.0
17 18 inner 0.0 0.66078431372549 1.0 6617
17 18 outer 0.0 0.7705882352941177 1.0
18 18 disc 0.0 0.8647058823529412 0.9962049335863378
18 19 inner 0.0 0.66078431372549 1.0 6839
18 19 outer 0.0 0.7705882352941177 1.0
19 19 disc 0.0 0.8176470588235294 1.0
19 20 inner 0.0 0.66078431372549 1.0 6021
19 20 outer 0.0 0.7705882352941177 1.0
20 20 disc 0.0 0.8647058823529412 0.9962049335863378
20 21 inner 0.0 0.6450980392156863 1.0 6960
20 21 outer 0.0 0.7549019607843137 1.0
21 21 disc 0.0 0.8333333333333334 1.0
21 22 inner 0.0 0.6137254901960785 1.0 8079
21 22 outer 0.0 0.7235294117647059 1.0
22 22 disc 0.0 0.8490196078431372 1.0
22 23 inner 0.0 0.6450980392156863 1.0 7345
22 23 outer 0.0 0.7549019607843137 1.0
23 23 disc 0.0 0.8333333333333334 1.0
23 24 inner 0.0 0.6137254901960785 1.0 6797
23 24 outer 0.0 0.7549019607843137 1.0
24 24 disc 0.0 0.8647058823529412 0.9962049335863378
24 25 inner 0.0 0.6294117647058823 1.0 7536
24 25 outer 0.0 0.7392156862745098 1.0
25 25 disc 0.0 0.8333333333333334 1.0
25 26 inner 0.0 0.66078431372549 1.0 6880
25 26 outer 0.0 0.7549019607843137 1.0
26 26 disc 0.0 0.8960784313725491 0.9709044908285895
26 27 inner 0.0 0.66078431372549 1.0 6390
26 27 outer 0.0 0.7862745098039213 1.0
27 27 disc 0.0 0.8647058823529412 0.9962049335863378
27 28 inner 0.0 0.66078431372549 1.0 6802
27 28 outer 0.0 0.7705882352941177 1.0
28 28 disc 0.0 0.8803921568627451 0.9835547122074637
28 29 inner 0.0 0.7392156862745098 1.0 6164
28 29 outer 0.0 0.8019607843137255 1.0
29 29 disc 0.08538899430740036 1.0 0.8823529411764706
29 30 inner 0.0 0.692156862745098 1.0 7462
29 30 outer 0.0 0.7862745098039213 1.0
30 30 disc 0.0 0.8647058823529412 0.9962049335863378
30 31 inner 0.0 0.66078431372549 1.0 6156
30 31 outer 0.0 0.7862745098039213 1.0
31 31 disc 0.0 0.8960784313725491 0.9709044908285895
31 32 inner 0.0 0.6137254901960785 1.0 8991
31 32 outer 0.0 0.7235294117647059 1.0
32 32 disc 0.0 0.8176470588235294 1.0
32 33 inner 0.0 0.6137254901960785 1.0 7669
32 33 outer 0.0 0.7549019607843137 1.0
33 33 disc 0.0 0.8490196078431372 1.0
33 34 inner 0.0 0.6137254901960785 1.0 7890
33 34 outer 0.0 0.7549019607843137 1.0
34 34 disc 0.0 0.8803921568627451 0.9835547122074637
34 35 inner 0.0 0.6294117647058823 1.0 9401
34 35 outer 0.0 0.7235294117647059 1.0
35 35 disc 0.0 0.8176470588235294 1.0
35 36 inner 0.0 0.5980392156862745 1.0 9801
35 36 outer 0.0 0.7235294117647059 1.0
36 36 disc 0.0 0.8333333333333334 1.0
36 37 inner 0.0 0.5823529411764706 1.0 11758
36 37 outer 0.0 0.692156862745098 1.0
37 37 disc 0.0 0.8176470588235294 1.0
37 38 inner 0.0 0.5666666666666667 1.0 16770
37 38 outer 0.0 0.66078431372549 1.0
38 38 disc 0.0 0.7705882352941177 1.0
38 39 inner 0.0 0.6294117647058823 1.0 17686
38 39 outer 0.0 0.66078431372549 1.0
39 39 disc 0.0 0.8960784313725491 0.9709044908285895
39 40 inner 0.0 0.0 0.5 831436
