0 0 disc 0.0 0.0 0.517825311942959
0 1 inner 0.0 0.0 0.5 1451526
0 1 outer 0.0 0.0 0.5
1 1 disc 0.0 0.0 0.535650623885918
1 2 inner 0.0 0.0 0.517825311942959 897470
1 2 outer 0.0 0.0 0.517825311942959
2 2 disc 0.0 0.0 0.553475935828877
2 3 inner 0.0 0.0 0.5 1952748
2 3 outer 0.0 0.0 0.5
3 3 disc 0.0 0.0 0.571301247771836
3 4 inner 0.0 0.0 0.517825311942959 842879
3 4 outer 0.0 0.0 0.517825311942959
4 4 disc 0.0 0.0 0.535650623885918
4 5 inner 0.0 0.0 0.517825311942959 3468484
4 5 outer 0.0 0.0 0.5
5 5 disc 0.0 0.5509803921568628 1.0
5 6 inner 0.0 0.03333333333333333 1.0 14847
5 6 outer 0.0 0.00196078431372549 1.0
6 6 disc 0.0 0.6294117647058823 1.0
6 7 inner 0.0 0.19019607843137254 1.0 9978
6 7 outer 0.0 0.17450980392156862 1.0
7 7 disc 0.0 0.6450980392156863 1.0
7 8 inner 0.0 0.22156862745098038 1.0 9404
7 8 outer 0.0 0.2529411764705882 1.0
8 8 disc 0.0 0.5980392156862745 1.0
8 9 inner 0.0 0.26862745098039204 1.0 25808
8 9 outer 0.0 0.0 0.642602495543672
9 9 disc 0.6799493991144844 1.0 0.2877925363693865
9 10 inner 0.06008855154965211 0.9745098039215686 0.9076533839342189 1263
9 10 outer 0.0 0.6137254901960785 1.0
10 10 disc 1.0 0.872185911401598 0.0
10 11 inner 0.45224541429475007 1.0 0.5154965211891208 368
10 11 outer 0.21189120809614148 1.0 0.7558507273877295
11 11 disc 1.0 0.48002904865649987 0.0
11 12 inner 0.5660974067046173 1.0 0.4016445287792536 198
11 12 outer 0.2877925363693864 1.0 0.6799493991144845
12 12 disc 1.0 0.16049382716049398 0.0
12 13 inner 0.8950031625553446 1.0 0.07273877292852626 63
12 13 outer 0.5913978494623655 1.0 0.3763440860215054
13 13 disc 0.6604278074866311 0.0 0.0
13 14 inner 0.0 0.0 0.5 29
