0 0 disc 0.0 0.3941176470588234 1.0
0 1 inner 0.0 0.2372549019607843 1.0 32286
0 1 outer 0.0 0.2529411764705882 1.0
1 1 disc 0.0 0.4725490196078431 1.0
1 2 inner 0.0 0.3 1.0 24817
1 2 outer 0.0 0.3 1.0
2 2 disc 0.0 0.5352941176470586 1.0
2 3 inner 0.0 0.34705882352941175 1.0 22310
2 3 outer 0.0 0.3156862745098039 1.0
3 3 disc 0.0 0.5980392156862745 1.0
3 4 inner 0.0 0.3627450980392157 1.0 19047
3 4 outer 0.0 0.34705882352941175 1.0
4 4 disc 0.0 0.5509803921568628 1.0
4 5 inner 0.0 0.3627450980392157 1.0 17286
4 5 outer 0.0 0.3784313725490196 1.0
5 5 disc 0.0 0.6137254901960785 1.0
5 6 inner 0.0 0.26862745098039204 1.0 16448
5 6 outer 0.0 0.3941176470588234 1.0
6 6 disc 0.0 0.503921568627451 1.0
6 7 inner 0.0 0.0 0.5 618729
