0 0 disc 0.4901960784313725 1.0 0.4775458570524984
0 1 inner 0.07273877292852624 0.9901960784313726 0.8950031625553447 3826
0 1 outer 0.13598987982289687 1.0 0.8317520556609741
1 1 disc 0.3510436432637571 1.0 0.6166982922201139
1 2 inner 0.1865907653383934 1.0 0.7811511701454776 1287
1 2 outer 0.30044275774826057 1.0 0.6672991777356103
2 2 disc 0.46489563567362424 1.0 0.5028462998102468
2 3 inner 0.17394054395951927 1.0 0.7938013915243517 1219
2 3 outer 0.3383934218848829 1.0 0.629348513598988
3 3 disc 0.4142947501581275 1.0 0.5534471853257434
3 4 inner 0.26249209361163817 1.0 0.7052498418722328 28250
3 4 outer 0.0 0.0 0.803030303030303
4 4 disc 0.9991087344028523 0.07334785766158336 0.0
4 5 inner 0.3636938646426312 1.0 0.6040480708412397 678
4 5 outer 0.43959519291587595 1.0 0.5281467425679949
5 5 disc 1.0 0.46550472040668145 0.0
5 6 inner 1.0 0.7269426289034134 0.0 104
5 6 outer 1.0 0.5671750181554105 0.0
6 6 disc 1.0 0.5816993464052289 0.0
6 7 inner 1.0 0.5962236746550474 0.0 340
6 7 outer 1.0 0.6543209876543212 0.0
7 7 disc 1.0 0.3638344226579523 0.0
7 8 inner 0.0 0.0 0.5 1532
