0 0 9.152284842306582
1 0.028961557688287187 13.609871287178827
1 0.028961557688287187 8.744833837499545
2 0.056538258555422646 13.257535169222358
2 0.056538258555422646 8.339850002884624
3 0.08395764491592035 12.89973454235751
3 0.08395764491592035 8.060695931687555
4 0.1117942426000109 12.780129619625306
4 0.1117942426000109 8.005624549193879
5 0.1381665117366507 12.649705265471413
5 0.1381665117366507 7.6865005271832185
6 0.16749080001199854 12.406736482691723
6 0.16749080001199854 7.577428828035749
7 0.19702794261343948 12.377481688182957
7 0.19702794261343948 7.584962500721156
8 0.22693643546166134 12.387478865842379
8 0.22693643546166134 7.651051691178929
9 0.2577998394110998 12.397139806235604
9 0.2577998394110998 7.451211111832329
10 0.30091918421944014 12.287712379549449
10 0.30091918421944014 7.531381460516312
11 0.33332750898750535 12.901809684323629
11 0.33332750898750535 6.870364719583405
12 0.36579215640306584 11.088788238716907
12 0.36579215640306584 6.303780748177103
13 0.39798354132237845 10.720244258287567
13 0.39798354132237845 5.832890014164741
14 0.42956040287293656 10.376125389276174
14 0.42956040287293656 5.614709844115208
15 0.46291076864561587 10.265615046484458
15 0.46291076864561587 5.523561956057013
16 0.4967805948027762 10.253847484987404
16 0.4967805948027762 5.614709844115208
17 0.5515024769942531 10.199672344836364
17 0.5515024769942531 5.977279923499917
18 0.6199527689577925 10.810571634741146
