0 0 disc 0.0 0.0 0.606951871657754
0 1 inner 0.0 0.0 0.589126559714795 163947
0 1 outer 0.0 0.0 0.589126559714795
1 1 disc 0.0 0.0 0.67825311942959
1 2 inner 0.0 0.0 0.642602495543672 87178
1 2 outer 0.0 0.0 0.642602495543672
2 2 disc 0.0 0.0 0.749554367201426
2 3 inner 0.0 0.0 0.696078431372549 58360
2 3 outer 0.0 0.0 0.696078431372549
3 3 disc 0.0 0.0 0.785204991087344
3 4 inner 0.0 0.0 0.731729055258467 45630
3 4 outer 0.0 0.0 0.731729055258467
4 4 disc 0.0 0.0 0.838680926916221
4 5 inner 0.0 0.0 0.749554367201426 39611
4 5 outer 0.0 0.0 0.767379679144385
5 5 disc 0.0 0.0 0.85650623885918
5 6 inner 0.0 0.0 0.785204991087344 34307
5 6 outer 0.0 0.0 0.803030303030303
6 6 disc 0.0 0.0 0.874331550802139
6 7 inner 0.0 0.0 0.785204991087344 33092
6 7 outer 0.0 0.0 0.803030303030303
7 7 disc 0.0 0.0 0.892156862745098
7 8 inner 0.0 0.0 0.803030303030303 31174
7 8 outer 0.0 0.0 0.820855614973262
8 8 disc 0.0 0.0 0.927807486631016
8 9 inner 0.0 0.0 0.785204991087344 32061
8 9 outer 0.0 0.0 0.820855614973262
9 9 disc 0.0 0.0 0.945632798573975
9 10 inner 0.0 0.0 0.785204991087344 34308
9 10 outer 0.0 0.0 0.803030303030303
10 10 disc 0.0 0.0 0.963458110516934
10 11 inner 0.0 0.0 0.767379679144385 38591
10 11 outer 0.0 0.0 0.785204991087344
11 11 disc 0.0 0.0 0.981283422459893
11 12 inner 0.0 0.0 0.767379679144385 46440
11 12 outer 0.0 0.0 0.749554367201426
12 12 disc 0.0 0.0 0.999108734402852
12 13 inner 0.0 0.0 0.749554367201426 56788
12 13 outer 0.0 0.0 0.731729055258467
13 13 disc 0.0 0.00196078431372549 1.0
13 14 inner 0.0 0.0 0.785204991087344 51975
13 14 outer 0.0 0.0 0.731729055258467
14 14 disc 0.0 0.08039215686274499 1.0
14 15 inner 0.0 0.0 0.838680926916221 37547
14 15 outer 0.0 0.0 0.803030303030303
15 15 disc 0.0 0.1588235294117647 1.0
15 16 inner 0.0 0.0 0.927807486631016 23641
15 16 outer 0.0 0.0 0.909982174688057
16 16 disc 0.0 0.2372549019607843 1.0
16 17 inner 0.0 0.0 0.999108734402852 17021
16 17 outer 0.0 0.0 0.981283422459893
17 17 disc 0.0 0.26862745098039204 1.0
17 18 inner 0.0 0.0176470588235293 1.0 12282
17 18 outer 0.0 0.03333333333333333 1.0
18 18 disc 0.0 0.34705882352941175 1.0
18 19 inner 0.0 0.08039215686274499 1.0 10276
18 19 outer 0.0 0.08039215686274499 1.0
19 19 disc 0.0 0.4568627450980391 1.0
19 20 inner 0.0 0.12745098039215685 1.0 10009
19 20 outer 0.0 0.08039215686274499 1.0
20 20 disc 0.0 0.48823529411764705 1.0
20 21 inner 0.0 0.17450980392156862 1.0 7065
20 21 outer 0.0 0.19019607843137254 1.0
21 21 disc 0.0 0.503921568627451 1.0
21 22 inner 0.0 0.20588235294117635 1.0 6439
21 22 outer 0.0 0.2372549019607843 1.0
22 22 disc 0.0 0.66078431372549 1.0
22 23 inner 0.0 0.19019607843137254 1.0 6832
22 23 outer 0.0 0.19019607843137254 1.0
23 23 disc 0.0 0.5823529411764706 1.0
23 24 inner 0.0 0.28431372549019607 1.0 5291
23 24 outer 0.0 0.3156862745098039 1.0
24 24 disc 0.0 0.6450980392156863 1.0
24 25 inner 0.0 0.28431372549019607 1.0 5365
24 25 outer 0.0 0.3156862745098039 1.0
25 25 disc 0.0 0.66078431372549 1.0
25 26 inner 0.0 0.2372549019607843 1.0 6509
25 26 outer 0.0 0.2529411764705882 1.0
26 26 disc 0.0 0.66078431372549 1.0
26 27 inner 0.0 0.14313725490196066 1.0 13593
26 27 outer 0.0 0.0 1.0
27 27 disc 0.0 0.8647058823529412 0.9962049335863378
27 28 inner 0.0 0.3784313725490196 1.0 4660
27 28 outer 0.0 0.34705882352941175 1.0
28 28 disc 0.0 0.8960784313725491 0.9709044908285895
28 29 inner 0.0 0.5196078431372549 1.0 2907
28 29 outer 0.0 0.503921568627451 1.0
29 29 disc 0.022137887413029723 0.9274509803921569 0.9456040480708413
29 30 inner 0.0 0.5823529411764706 1.0 2466
29 30 outer 0.0 0.5823529411764706 1.0
30 30 disc 0.06008855154965211 0.9745098039215686 0.9076533839342189
30 31 inner 0.0 0.6137254901960785 1.0 2124
30 31 outer 0.0 0.6294117647058823 1.0
31 31 disc 0.04743833017077798 0.9588235294117647 0.920303605313093
31 32 inner 0.0 0.5509803921568628 1.0 2212
31 32 outer 0.0 0.6294117647058823 1.0
32 32 disc 0.04743833017077798 0.9588235294117647 0.920303605313093
32 33 inner 0.0 0.4568627450980391 1.0 2771
32 33 outer 0.0 0.5666666666666667 1.0
33 33 disc 0.0 0.8333333333333334 1.0
33 34 inner 0.0 0.40980392156862744 1.0 9600
33 34 outer 0.0 0.0 1.0
34 34 disc 0.47754585705249836 1.0 0.4901960784313726
34 35 inner 0.04743833017077798 0.9588235294117647 0.920303605313093 1280
34 35 outer 0.0 0.8019607843137255 1.0
35 35 disc 0.7052498418722326 1.0 0.26249209361163817
35 36 inner 0.06008855154965211 0.9745098039215686 0.9076533839342189 742
35 36 outer 0.009487666034155417 0.9117647058823527 0.9582542694497156
36 36 disc 0.9456040480708408 0.9883805374001459 0.022137887413030133
36 37 inner 0.45224541429475007 1.0 0.5154965211891208 263
36 37 outer 0.4016445287792536 1.0 0.5660974067046174
37 37 disc 0.932953826691967 1.0 0.03478810879190386
37 38 inner 0.5407969639468686 1.0 0.4269449715370023 218
37 38 outer 0.6166982922201137 1.0 0.35104364326375714
38 38 disc 0.8697027197975963 1.0 0.0980392156862745
38 39 inner 0.47754585705249836 1.0 0.4901960784313726 448
38 39 outer 0.38899430740037944 1.0 0.5787476280834916
39 39 disc 0.9835547122074635 0.9448075526506902 0.0
39 40 inner 0.730550284629981 1.0 0.23719165085388993 250
39 40 outer 0.5913978494623655 1.0 0.3763440860215054
40 40 disc 1.0 0.5816993464052289 0.0
40 41 inner 0.9709044908285893 0.9593318809005086 0.0 54
40 41 outer 1.0 0.9157588961510532 0.0
41 41 disc 1.0 0.712418300653595 0.0
41 42 inner 1.0 0.9157588961510532 0.0 85
41 42 outer 0.9835547122074635 0.9448075526506902 0.0
42 42 disc 1.0 0.6107480029048659 0.0
42 43 inner 0.0 0.0 0.5 223
