0 0 18.543722875586713
1 0.015642286725094462 20.81889808816161
1 0.015642286725094462 17.645201044946088
2 0.03287200827443336 20.253719399131157
2 0.03287200827443336 17.180715328111845
3 0.049929985948082 20.328564272175033
3 0.049929985948082 16.86836440707429
4 0.06912610739771179 19.692336252159663
4 0.06912610739771179 16.694725153065463
5 0.08302203215196371 19.98471745013001
5 0.08302203215196371 11.468114886378098
6 0.10791899939890875 13.811876378336393
6 0.10791899939890875 10.834471049984222
7 0.13451739159619805 13.455969302758032
7 0.13451739159619805 10.584962500721156
8 0.1655194939266197 13.259596162488423
8 0.1655194939266197 10.400879436282183
9 0.1914641494258099 13.229870272287243
9 0.1914641494258099 7.546894459887636
10 0.22828006977036513 9.167418145831737
10 0.22828006977036513 6.044394119358453
11 0.2755835854524792 7.562242424221073
11 0.2755835854524792 4.169925001442312
12 0.3312057132026364 6.491853096329675
12 0.3312057132026364 3.321928094887362
13 0.4015609227764054 5.20945336562895
13 0.4015609227764054 1.584962500721156
14 0.6604873647121665 3.807354922057604
