0 0 18.77275593994458
1 0.014161635527983291 22.780741193882786
1 0.014161635527983291 18.00252936605304
2 0.028833181197511704 22.308660659350824
2 0.028833181197511704 17.580714932549004
3 0.043835690652166345 22.020047049758436
3 0.043835690652166345 17.353413928221126
4 0.0592343350473518 21.858006804155217
4 0.0592343350473518 17.263993520831153
5 0.07791266426934607 21.869608150361525
5 0.07791266426934607 17.356546537377884
6 0.090932964312365 23.015211192514688
6 0.090932964312365 11.3437409184722
7 0.11560016917282655 15.384581413302264
7 0.11560016917282655 10.832890014164741
8 0.14580126241310407 15.068484403046998
8 0.14580126241310407 10.530406337099068
9 0.17154087996619366 15.104803481181238
9 0.17154087996619366 9.066089190457772
10 0.20608059774418724 13.458278436341518
10 0.20608059774418724 8.741466986401146
11 0.21004164660842428 13.651275973346639
11 0.21004164660842428 1.584962500721156
12 0.24627082746729465 5.523561956057013
12 0.24627082746729465 1.584962500721156
13 0.28778531219909326 5.087462841250339
13 0.28778531219909326 1.0
14 0.3221420065634662 4.700439718141092
14 0.3221420065634662 1.0
15 0.35649870092783914 4.700439718141092
15 0.35649870092783914 1.0
16 0.5179902717021718 4.700439718141092
16 0.5179902717021718 2.0
17 0.6797351187336211 6.954196310386875
