0 0 disc 0.0 0.0 0.5
0 1 inner 0.0 0.0 0.5 1954940
0 1 outer 0.0 0.0 0.5
1 1 disc 0.0 0.0 0.517825311942959
1 2 inner 0.0 0.0 0.517825311942959 1185688
1 2 outer 0.0 0.0 0.517825311942959
2 2 disc 0.0 0.0 0.553475935828877
2 3 inner 0.0 0.0 0.517825311942959 1000271
2 3 outer 0.0 0.0 0.517825311942959
3 3 disc 0.0 0.0 0.535650623885918
3 4 inner 0.0 0.0 0.517825311942959 846840
3 4 outer 0.0 0.0 0.517825311942959
4 4 disc 0.0 0.0 0.553475935828877
4 5 inner 0.0 0.0 0.5 937699
4 5 outer 0.0 0.0 0.517825311942959
5 5 disc 0.0 0.0 0.517825311942959
5 6 inner 0.0 0.0 0.5 30290343
5 6 outer 0.0 0.0 0.5
6 6 disc 0.0 0.6294117647058823 1.0
6 7 inner 0.0 0.3 1.0 20744
6 7 outer 0.0 0.2372549019607843 1.0
7 7 disc 0.0 0.7549019607843137 1.0
7 8 inner 0.0 0.34705882352941175 1.0 14530
7 8 outer 0.0 0.3313725490196077 1.0
8 8 disc 0.0 0.7549019607843137 1.0
8 9 inner 0.0 0.0 0.909982174688057 80382
8 9 outer 0.0 0.0 0.624777183600713
9 9 disc 0.5028462998102466 1.0 0.46489563567362435
9 10 inner 0.0 0.1588235294117647 1.0 10616
9 10 outer 0.0 0.22156862745098038 1.0
10 10 disc 0.08538899430740036 1.0 0.8823529411764706
10 11 inner 0.0 0.0 0.767379679144385 49156
10 11 outer 0.0 0.0 0.5
11 11 disc 0.0 0.0 0.5
11 12 inner 0.8386809269162212 0.0 0.0 7
11 12 outer 0.7852049910873442 0.0 0.0
12 12 disc 0.5 0.0 0.0
12 13 inner 0.5 0.0 0.0 7
12 13 outer 0.6426024955436721 0.0 0.0
13 13 disc 0.0 0.0 0.5
13 14 inner 0.5 0.0 0.0 3
13 14 outer 0.5 0.0 0.0
14 14 disc 0.0 0.0 0.5
14 15 inner 0.5 0.0 0.0 2
14 15 outer 0.5 0.0 0.0
15 15 disc 0.0 0.0 0.5
15 16 inner 1.0 0.3057371096586785 0.0 3
15 16 outer 0.5 0.0 0.0
16 16 disc 1.0 0.14596949891067557 0.0
16 17 inner 0.0 0.0 0.5 470
