0 0 disc 0.0 0.0 0.749554367201426
0 1 inner 0.0 0.0 0.606951871657754 401151
0 1 outer 0.0 0.0 0.589126559714795
1 1 disc 0.0 0.0 0.749554367201426
1 2 inner 0.0 0.0 0.660427807486631 211062
1 2 outer 0.0 0.0 0.642602495543672
2 2 disc 0.0 0.0 0.785204991087344
2 3 inner 0.0 0.0 0.660427807486631 148636
2 3 outer 0.0 0.0 0.67825311942959
3 3 disc 0.0 0.0 0.927807486631016
3 4 inner 0.0 0.0 0.606951871657754 529557
3 4 outer 0.0 0.0 0.553475935828877
4 4 disc 0.0 0.0 0.892156862745098
4 5 inner 0.0 0.0 0.713903743315508 245582
4 5 outer 0.0 0.0 0.660427807486631
5 5 disc 0.0 0.0 0.892156862745098
5 6 inner 0.0 0.0 0.749554367201426 128339
5 6 outer 0.0 0.0 0.731729055258467
6 6 disc 0.0 0.0 0.927807486631016
6 7 inner 0.0 0.0 0.767379679144385 110183
6 7 outer 0.0 0.0 0.749554367201426
7 7 disc 0.0 0.0 0.945632798573975
7 8 inner 0.0 0.0 0.713903743315508 107554
7 8 outer 0.0 0.0 0.749554367201426
8 8 disc 0.0 0.0 0.85650623885918
8 9 inner 0.0 0.0 0.696078431372549 935595
8 9 outer 0.0 0.0 0.5
9 9 disc 1.0 0.6833696441539581 0.0
9 10 inner 0.2245414294750158 1.0 0.7432005060088551 832
9 10 outer 0.13598987982289687 1.0 0.8317520556609741
10 10 disc 1.0 0.18954248366013093 0.0
10 11 inner 0.6546489563567361 1.0 0.31309297912713474 157
10 11 outer 0.8064516129032256 1.0 0.16129032258064513
11 11 disc 1.0 0.34931009440813376 0.0
11 12 inner 0.3510436432637571 1.0 0.6166982922201139 443
11 12 outer 0.2877925363693864 1.0 0.6799493991144845
12 12 disc 1.0 0.27668845315904156 0.0
12 13 inner 1.0 0.6397966594045028 0.0 134
12 13 outer 1.0 0.7850399419026872 0.0
13 13 disc 1.0 0.3057371096586785 0.0
13 14 inner 0.3257432005060088 1.0 0.6419987349778622 399
13 14 outer 0.06008855154965211 0.9745098039215686 0.9076533839342189
14 14 disc 0.7852049910873442 0.0 0.0
14 15 inner 0.7938013915243516 1.0 0.1739405439595193 98
14 15 outer 0.9076533839342187 1.0 0.06008855154965209
15 15 disc 1.0 0.4219317356572261 0.0
15 16 inner 1.0 0.6397966594045028 0.0 69
15 16 outer 1.0 0.5671750181554105 0.0
16 16 disc 1.0 0.6833696441539581 0.0
16 17 inner 1.0 0.6978939724037765 0.0 71
16 17 outer 1.0 0.6252723311546844 0.0
17 17 disc 1.0 0.5090777051561368 0.0
17 18 inner 0.0 0.0 0.5 836
