0 0 4.857980995127572
1 0.05589598417934783 4.169925001442312
1 0.05589598417934783 3.0
2 0.15518585370353236 3.0
2 0.15518585370353236 2.807354922057604
3 0.23596243688176452 2.807354922057604
3 0.23596243688176452 2.0
4 0.39511737997365987 2.0
4 0.39511737997365987 2.0
5 0.5212446882761917 2.0
5 0.5212446882761917 1.584962500721156
6 0.7220758663254895 1.584962500721156
6 0.7220758663254895 1.584962500721156
7 0.9229070443747872 1.584962500721156
7 0.9229070443747872 1.584962500721156
8 1.1237382224240848 1.584962500721156
8 1.1237382224240848 1.584962500721156
9 1.4206790348150222 1.0
