0 0 disc 0.0 0.0 1.0
0 1 inner 0.0 0.0 0.927807486631016 58019
0 1 outer 0.0 0.0 0.874331550802139
1 1 disc 0.0 0.3313725490196077 1.0
1 2 inner 0.0 0.0 0.927807486631016 38918
1 2 outer 0.0 0.0 0.945632798573975
2 2 disc 0.0 0.2372549019607843 1.0
2 3 inner 0.0 0.0176470588235293 1.0 19660
2 3 outer 0.0 0.049019607843137254 1.0
3 3 disc 0.0 0.1588235294117647 1.0
3 4 inner 0.0 0.09607843137254903 1.0 14681
3 4 outer 0.0 0.14313725490196066 1.0
4 4 disc 0.0 0.2529411764705882 1.0
4 5 inner 0.0 0.1588235294117647 1.0 12367
4 5 outer 0.0 0.19019607843137254 1.0
5 5 disc 0.0 0.2529411764705882 1.0
5 6 inner 0.0 0.19019607843137254 1.0 10707
5 6 outer 0.0 0.2372549019607843 1.0
6 6 disc 0.0 0.20588235294117635 1.0
6 7 inner 0.0 0.20588235294117635 1.0 10504
6 7 outer 0.0 0.2529411764705882 1.0
7 7 disc 0.0 0.2372549019607843 1.0
7 8 inner 0.0 0.22156862745098038 1.0 10491
7 8 outer 0.0 0.2529411764705882 1.0
8 8 disc 0.0 0.28431372549019607 1.0
8 9 inner 0.0 0.17450980392156862 1.0 11634
8 9 outer 0.0 0.2372549019607843 1.0
9 9 disc 0.0 0.3156862745098039 1.0
9 10 inner 0.0 0.0 0.945632798573975 15753
9 10 outer 0.0 0.1588235294117647 1.0
10 10 disc 0.0 0.06470588235294118 1.0
10 11 inner 0.0 0.0 0.731729055258467 289041
10 11 outer 0.0 0.0 0.5
11 11 disc 1.0 0.712418300653595 0.0
11 12 inner 0.3636938646426312 1.0 0.6040480708412397 599
11 12 outer 0.2245414294750158 1.0 0.7432005060088551
12 12 disc 0.8570524984187222 1.0 0.11068943706514867
12 13 inner 0.9203036053130929 1.0 0.04743833017077803 73
12 13 outer 1.0 0.741466957153232 0.0
13 13 disc 1.0 0.3057371096586785 0.0
13 14 inner 0.7558507273877292 1.0 0.2118912080961417 176
13 14 outer 0.8064516129032256 1.0 0.16129032258064513
14 14 disc 1.0 0.7559912854030507 0.0
14 15 inner 0.9962049335863377 0.9302832244008717 0.0 89
14 15 outer 1.0 0.7705156136528688 0.0
15 15 disc 1.0 0.39288307915758913 0.0
15 16 inner 0.45224541429475007 1.0 0.5154965211891208 320
15 16 outer 0.30044275774826057 1.0 0.6672991777356103
16 16 disc 1.0 0.27668845315904156 0.0
16 17 inner 1.0 0.6252723311546844 0.0 37
16 17 outer 1.0 0.48002904865649987 0.0
17 17 disc 1.0 0.4364560639070445 0.0
17 18 inner 0.6799493991144844 1.0 0.2877925363693865 297
17 18 outer 0.5534471853257431 1.0 0.4142947501581278
18 18 disc 1.0 0.4219317356572261 0.0
18 19 inner 1.0 0.4945533769063183 0.0 37
18 19 outer 1.0 0.46550472040668145 0.0
19 19 disc 1.0 0.3057371096586785 0.0
19 20 inner 0.0 0.0 0.5 269
