0 0 disc 1.0 0.7559912854030507 0.0
0 1 inner 1.0 0.26216412490922314 0.0 23
0 1 outer 1.0 0.1750181554103124 0.0
1 1 disc 0.9634581105169343 0.04429920116194641 0.0
1 2 inner 1.0 0.16049382716049398 0.0 42
1 2 outer 1.0 0.16049382716049398 0.0
2 2 disc 1.0 0.3057371096586785 0.0
2 3 inner 1.0 0.4364560639070445 0.0 14
2 3 outer 1.0 0.1750181554103124 0.0
3 3 disc 1.0 0.13144517066085715 0.0
3 4 inner 1.0 0.4509803921568629 0.0 97
3 4 outer 1.0 0.3202614379084969 0.0
4 4 disc 1.0 0.4509803921568629 0.0
4 5 inner 1.0 0.20406681190994935 0.0 29
4 5 outer 1.0 0.2912127814088604 0.0
5 5 disc 0.8921568627450983 0.0 0.0
5 6 inner 0.0 0.0 0.5 567
