0 0 disc 0.0 0.0 0.5
0 1 inner 0.0 0.0 0.5 31178516
0 1 outer 0.0 0.0 0.5
1 1 disc 0.0 0.0 0.5
1 2 inner 0.0 0.0 0.5 11706094
1 2 outer 0.0 0.0 0.5
2 2 disc 0.0 0.0 0.5
2 3 inner 0.0 0.0 0.5 4072414
2 3 outer 0.0 0.0 0.5
3 3 disc 0.0 0.0 0.517825311942959
3 4 inner 0.0 0.0 0.5 1275509
3 4 outer 0.0 0.0 0.5
4 4 disc 0.0 0.0 0.535650623885918
4 5 inner 0.0 0.0 0.517825311942959 562823
4 5 outer 0.0 0.0 0.517825311942959
5 5 disc 0.0 0.0 0.571301247771836
5 6 inner 0.0 0.0 0.535650623885918 319336
5 6 outer 0.0 0.0 0.517825311942959
6 6 disc 0.0 0.0 0.606951871657754
6 7 inner 0.0 0.0 0.553475935828877 192930
6 7 outer 0.0 0.0 0.535650623885918
7 7 disc 0.0 0.0 0.660427807486631
7 8 inner 0.0 0.0 0.571301247771836 126342
7 8 outer 0.0 0.0 0.553475935828877
8 8 disc 0.0 0.0 0.785204991087344
8 9 inner 0.0 0.0 0.624777183600713 76610
8 9 outer 0.0 0.0 0.571301247771836
9 9 disc 0.0 0.0 1.0
9 10 inner 0.0 0.0 0.785204991087344 25038
9 10 outer 0.0 0.0 0.749554367201426
10 10 disc 0.0 0.11176470588235295 1.0
10 11 inner 0.0 0.0 0.927807486631016 14661
10 11 outer 0.0 0.0 0.892156862745098
11 11 disc 0.0 0.26862745098039204 1.0
11 12 inner 0.0 0.00196078431372549 1.0 9112
11 12 outer 0.0 0.0 1.0
12 12 disc 0.0 0.42549019607843136 1.0
12 13 inner 0.0 0.11176470588235295 1.0 6368
12 13 outer 0.0 0.049019607843137254 1.0
13 13 disc 0.0 0.5980392156862745 1.0
13 14 inner 0.0 0.2529411764705882 1.0 4320
13 14 outer 0.0 0.19019607843137254 1.0
14 14 disc 0.0 0.8176470588235294 1.0
14 15 inner 0.0 0.42549019607843136 1.0 2417
14 15 outer 0.0 0.34705882352941175 1.0
15 15 disc 0.13598987982289687 1.0 0.8317520556609741
15 16 inner 0.0 0.6137254901960785 1.0 1461
15 16 outer 0.0 0.503921568627451 1.0
16 16 disc 0.3510436432637571 1.0 0.6166982922201139
16 17 inner 0.0 0.8803921568627451 0.9835547122074637 715
16 17 outer 0.0 0.7549019607843137 1.0
17 17 disc 0.5913978494623655 1.0 0.3763440860215054
17 18 inner 0.26249209361163817 1.0 0.7052498418722328 295
17 18 outer 0.19924098671726753 1.0 0.7685009487666035
18 18 disc 0.7685009487666034 1.0 0.19924098671726753
18 19 inner 0.4142947501581275 1.0 0.5534471853257434 197
18 19 outer 0.30044275774826057 1.0 0.6672991777356103
19 19 disc 0.9076533839342187 1.0 0.06008855154965209
19 20 inner 0.6293485135989879 1.0 0.338393421884883 90
19 20 outer 0.641998734977862 1.0 0.3257432005060089
20 20 disc 1.0 0.9157588961510532 0.0
20 21 inner 0.6799493991144844 1.0 0.2877925363693865 96
20 21 outer 0.5534471853257431 1.0 0.4142947501581278
21 21 disc 1.0 0.6543209876543212 0.0
21 22 inner 0.8191018342820998 1.0 0.14864010120177107 47
21 22 outer 0.7432005060088547 1.0 0.2245414294750162
22 22 disc 1.0 0.5671750181554105 0.0
22 23 inner 0.9582542694497153 0.973856209150327 0.009487666034155628 63
22 23 outer 0.7685009487666034 1.0 0.19924098671726753
23 23 disc 1.0 0.1023965141612202 0.0
23 24 inner 1.0 0.6688453159041396 0.0 23
23 24 outer 0.8823529411764705 1.0 0.08538899430740043
24 24 disc 0.0 0.0 0.5
24 25 inner 0.6960784313725497 0.0 0.0 0
24 25 outer 0.5 0.0 0.0
25 25 disc 0.6960784313725497 0.0 0.0
25 26 inner 0.9456327985739753 0.029774872912127992 0.0 4
25 26 outer 1.0 0.1023965141612202 0.0
26 26 disc 0.535650623885918 0.0 0.0
26 27 inner 0.0 0.0 0.5 2
