0 0 4.0
1 0.06412633027438487 3.4594316186372973
1 0.06412633027438487 2.584962500721156
2 0.18726540331509173 2.584962500721156
2 0.18726540331509173 2.584962500721156
3 0.3104044763557986 2.584962500721156
3 0.3104044763557986 2.584962500721156
4 0.405677868527912 2.584962500721156
4 0.405677868527912 2.0
5 0.5318051768304438 2.0
5 0.5318051768304438 1.584962500721156
6 0.7326363548797415 1.584962500721156
6 0.7326363548797415 1.584962500721156
7 0.9334675329290393 1.584962500721156
7 0.9334675329290393 1.584962500721156
8 1.134298710978337 1.584962500721156
8 1.134298710978337 1.584962500721156
9 1.4312395233692743 1.0
