0 0 disc 0.0 0.4725490196078431 1.0
0 1 inner 0.0 0.2529411764705882 1.0 21290
0 1 outer 0.0 0.3627450980392157 1.0
1 1 disc 0.0 0.48823529411764705 1.0
1 2 inner 0.0 0.3156862745098039 1.0 13602
1 2 outer 0.0 0.4411764705882353 1.0
2 2 disc 0.0 0.5509803921568628 1.0
2 3 inner 0.0 0.3784313725490196 1.0 10485
2 3 outer 0.0 0.48823529411764705 1.0
3 3 disc 0.0 0.6450980392156863 1.0
3 4 inner 0.0 0.4411764705882353 1.0 9113
3 4 outer 0.0 0.5196078431372549 1.0
4 4 disc 0.0 0.5980392156862745 1.0
4 5 inner 0.0 0.4725490196078431 1.0 8112
4 5 outer 0.0 0.5509803921568628 1.0
5 5 disc 0.0 0.707843137254902 1.0
5 6 inner 0.0 0.4725490196078431 1.0 8565
5 6 outer 0.0 0.5666666666666667 1.0
6 6 disc 0.0 0.6294117647058823 1.0
6 7 inner 0.0 0.503921568627451 1.0 7078
6 7 outer 0.0 0.5980392156862745 1.0
7 7 disc 0.0 0.6450980392156863 1.0
7 8 inner 0.0 0.5666666666666667 1.0 5630
7 8 outer 0.0 0.6450980392156863 1.0
8 8 disc 0.0 0.6450980392156863 1.0
8 9 inner 0.0 0.5980392156862745 1.0 4956
8 9 outer 0.0 0.6764705882352942 1.0
9 9 disc 0.0 0.6450980392156863 1.0
9 10 inner 0.0 0.6294117647058823 1.0 4603
9 10 outer 0.0 0.707843137254902 1.0
10 10 disc 0.0 0.6450980392156863 1.0
10 11 inner 0.0 0.6764705882352942 1.0 3920
10 11 outer 0.0 0.7549019607843137 1.0
11 11 disc 0.0 0.7549019607843137 1.0
11 12 inner 0.0 0.7392156862745098 1.0 3355
11 12 outer 0.0 0.8019607843137255 1.0
12 12 disc 0.0 0.7862745098039213 1.0
12 13 inner 0.0 0.7392156862745098 1.0 3274
12 13 outer 0.0 0.8176470588235294 1.0
13 13 disc 0.0 0.7549019607843137 1.0
13 14 inner 0.0 0.7392156862745098 1.0 3255
13 14 outer 0.0 0.8176470588235294 1.0
14 14 disc 0.0 0.7235294117647059 1.0
14 15 inner 0.0 0.7392156862745098 1.0 3375
14 15 outer 0.0 0.8019607843137255 1.0
15 15 disc 0.0 0.7862745098039213 1.0
15 16 inner 0.0 0.7235294117647059 1.0 3321
15 16 outer 0.0 0.8176470588235294 1.0
16 16 disc 0.0 0.7705882352941177 1.0
16 17 inner 0.0 0.707843137254902 1.0 3310
16 17 outer 0.0 0.8176470588235294 1.0
17 17 disc 0.03478810879190385 0.9431372549019608 0.9329538266919671
17 18 inner 0.0 0.7235294117647059 1.0 3719
17 18 outer 0.0 0.7862745098039213 1.0
18 18 disc 0.0 0.8176470588235294 1.0
18 19 inner 0.0 0.692156862745098 1.0 4116
18 19 outer 0.0 0.7705882352941177 1.0
19 19 disc 0.0 0.7235294117647059 1.0
19 20 inner 0.0 0.707843137254902 1.0 3746
19 20 outer 0.0 0.7862745098039213 1.0
20 20 disc 0.0 0.692156862745098 1.0
20 21 inner 0.0 0.7235294117647059 1.0 3383
20 21 outer 0.0 0.8176470588235294 1.0
21 21 disc 0.009487666034155417 0.9117647058823527 0.9582542694497156
21 22 inner 0.0 0.7549019607843137 1.0 3332
21 22 outer 0.0 0.8176470588235294 1.0
22 22 disc 0.0 0.7862745098039213 1.0
22 23 inner 0.0 0.8176470588235294 1.0 2946
22 23 outer 0.0 0.8490196078431372 1.0
23 23 disc 0.3383934218848829 1.0 0.629348513598988
23 24 inner 0.0 0.7549019607843137 1.0 3636
23 24 outer 0.0 0.8176470588235294 1.0
24 24 disc 0.0 0.7862745098039213 1.0
24 25 inner 0.0 0.7549019607843137 1.0 3277
24 25 outer 0.0 0.8333333333333334 1.0
25 25 disc 0.0 0.8176470588235294 1.0
25 26 inner 0.0 0.7705882352941177 1.0 2878
25 26 outer 0.0 0.8647058823529412 0.9962049335863378
26 26 disc 0.0 0.8019607843137255 1.0
26 27 inner 0.0 0.8176470588235294 1.0 2746
26 27 outer 0.0 0.8803921568627451 0.9835547122074637
27 27 disc 0.0 0.7235294117647059 1.0
27 28 inner 0.0 0.8490196078431372 1.0 2385
27 28 outer 0.022137887413029723 0.9274509803921569 0.9456040480708413
28 28 disc 0.0 0.8490196078431372 1.0
28 29 inner 0.0 0.8176470588235294 1.0 2436
28 29 outer 0.009487666034155417 0.9117647058823527 0.9582542694497156
29 29 disc 0.0 0.8490196078431372 1.0
29 30 inner 0.0 0.8333333333333334 1.0 2620
29 30 outer 0.0 0.8960784313725491 0.9709044908285895
30 30 disc 0.0 0.8803921568627451 0.9835547122074637
30 31 inner 0.0 0.8176470588235294 1.0 2564
30 31 outer 0.0 0.8960784313725491 0.9709044908285895
31 31 disc 0.0 0.707843137254902 1.0
31 32 inner 0.0 0.8490196078431372 1.0 2356
31 32 outer 0.022137887413029723 0.9274509803921569 0.9456040480708413
32 32 disc 0.0 0.8803921568627451 0.9835547122074637
32 33 inner 0.0 0.8647058823529412 0.9962049335863378 2505
32 33 outer 0.009487666034155417 0.9117647058823527 0.9582542694497156
33 33 disc 0.0 0.8333333333333334 1.0
33 34 inner 0.0 0.8647058823529412 0.9962049335863378 2451
33 34 outer 0.009487666034155417 0.9117647058823527 0.9582542694497156
34 34 disc 0.0 0.8019607843137255 1.0
34 35 inner 0.0 0.8019607843137255 1.0 2672
34 35 outer 0.0 0.8960784313725491 0.9709044908285895
35 35 disc 0.0 0.8803921568627451 0.9835547122074637
35 36 inner 0.0 0.8333333333333334 1.0 2571
35 36 outer 0.009487666034155417 0.9117647058823527 0.9582542694497156
36 36 disc 0.0 0.8333333333333334 1.0
36 37 inner 0.0 0.8176470588235294 1.0 2614
36 37 outer 0.009487666034155417 0.9117647058823527 0.9582542694497156
37 37 disc 0.0 0.8647058823529412 0.9962049335863378
37 38 inner 0.0 0.7862745098039213 1.0 2717
37 38 outer 0.0 0.8803921568627451 0.9835547122074637
38 38 disc 0.0 0.8490196078431372 1.0
38 39 inner 0.0 0.8019607843137255 1.0 2610
38 39 outer 0.0 0.8960784313725491 0.9709044908285895
39 39 disc 0.0 0.8647058823529412 0.9962049335863378
39 40 inner 0.0 0.8176470588235294 1.0 2716
39 40 outer 0.0 0.8960784313725491 0.9709044908285895
40 40 disc 0.30044275774826057 1.0 0.6672991777356103
40 41 inner 0.13598987982289687 1.0 0.8317520556609741 3058
40 41 outer 0.0 0.8647058823529412 0.9962049335863378
41 41 disc 0.2751423149905123 1.0 0.6925996204933587
41 42 inner 0.0 0.7705882352941177 1.0 3789
41 42 outer 0.0 0.8176470588235294 1.0
42 42 disc 0.022137887413029723 0.9274509803921569 0.9456040480708413
42 43 inner 0.0 0.7392156862745098 1.0 3974
42 43 outer 0.0 0.8019607843137255 1.0
43 43 disc 0.0 0.8960784313725491 0.9709044908285895
43 44 inner 0.0 0.7392156862745098 1.0 3964
43 44 outer 0.0 0.8019607843137255 1.0
44 44 disc 0.0 0.8960784313725491 0.9709044908285895
44 45 inner 0.0 0.692156862745098 1.0 4359
44 45 outer 0.0 0.7705882352941177 1.0
45 45 disc 0.0 0.8490196078431372 1.0
45 46 inner 0.0 0.6764705882352942 1.0 4483
45 46 outer 0.0 0.7705882352941177 1.0
46 46 disc 0.0 0.8019607843137255 1.0
46 47 inner 0.0 0.6450980392156863 1.0 4619
46 47 outer 0.0 0.7549019607843137 1.0
47 47 disc 0.0 0.8960784313725491 0.9709044908285895
47 48 inner 0.0 0.6764705882352942 1.0 5316
47 48 outer 0.0 0.7235294117647059 1.0
48 48 disc 0.0 0.8647058823529412 0.9962049335863378
48 49 inner 0.0 0.6137254901960785 1.0 5889
48 49 outer 0.0 0.707843137254902 1.0
49 49 disc 0.0 0.8176470588235294 1.0
49 50 inner 0.0 0.6137254901960785 1.0 6273
49 50 outer 0.0 0.692156862745098 1.0
50 50 disc 0.0 0.8333333333333334 1.0
50 51 inner 0.0 0.5823529411764706 1.0 6604
50 51 outer 0.0 0.6764705882352942 1.0
51 51 disc 0.0 0.7549019607843137 1.0
51 52 inner 0.0 0.5509803921568628 1.0 7674
51 52 outer 0.0 0.6450980392156863 1.0
52 52 disc 0.0 0.7705882352941177 1.0
52 53 inner 0.0 0.5352941176470586 1.0 8200
52 53 outer 0.0 0.6450980392156863 1.0
53 53 disc 0.0 0.7549019607843137 1.0
53 54 inner 0.0 0.5196078431372549 1.0 8524
53 54 outer 0.0 0.6294117647058823 1.0
54 54 disc 0.0 0.7549019607843137 1.0
54 55 inner 0.0 0.5352941176470586 1.0 12576
54 55 outer 0.0 0.5980392156862745 1.0
55 55 disc 0.0 0.7705882352941177 1.0
55 56 inner 0.0 0.0 0.5 357865
