0 0 17.167486750622302
1 0.014437898881597834 22.23108432982885
1 0.014437898881597834 16.398075622909868
2 0.029608315545268996 21.76988625800182
2 0.029608315545268996 15.895977552665405
3 0.045482329888359097 21.451481289949097
3 0.045482329888359097 15.580553013087457
4 0.06264143569801102 21.20193843272509
4 0.06264143569801102 15.349142980047198
5 0.08363815497539345 21.348707085674956
5 0.08363815497539345 15.530528263576292
6 0.0866385995052041 22.56805352442789
6 0.0866385995052041 1.0
7 0.11058750894655311 5.754887502163468
7 0.11058750894655311 1.0
8 0.13453641838790215 5.754887502163468
8 0.13453641838790215 1.0
9 0.2723596980223663 5.754887502163468
9 0.2723596980223663 2.0
10 0.47769560845923087 5.857980995127572
