0 0 disc 0.0 0.0 1.0
0 1 inner 0.0 0.0 0.927807486631016 68244
0 1 outer 0.0 0.0 0.927807486631016
1 1 disc 0.0 0.08039215686274499 1.0
1 2 inner 0.0 0.0 0.999108734402852 42667
1 2 outer 0.0 0.0 1.0
2 2 disc 0.0 0.28431372549019607 1.0
2 3 inner 0.0 0.0 1.0 30931
2 3 outer 0.0 0.00196078431372549 1.0
3 3 disc 0.0 0.19019607843137254 1.0
3 4 inner 0.0 0.049019607843137254 1.0 25186
3 4 outer 0.0 0.06470588235294118 1.0
4 4 disc 0.0 0.22156862745098038 1.0
4 5 inner 0.0 0.08039215686274499 1.0 22338
4 5 outer 0.0 0.09607843137254903 1.0
5 5 disc 0.0 0.4411764705882353 1.0
5 6 inner 0.0 0.11176470588235295 1.0 20212
5 6 outer 0.0 0.11176470588235295 1.0
6 6 disc 0.0 0.3156862745098039 1.0
6 7 inner 0.0 0.12745098039215685 1.0 19738
6 7 outer 0.0 0.12745098039215685 1.0
7 7 disc 0.0 0.28431372549019607 1.0
7 8 inner 0.0 0.12745098039215685 1.0 18484
7 8 outer 0.0 0.14313725490196066 1.0
8 8 disc 0.0 0.3313725490196077 1.0
8 9 inner 0.0 0.1588235294117647 1.0 18218
8 9 outer 0.0 0.1588235294117647 1.0
9 9 disc 0.0 0.3627450980392157 1.0
9 10 inner 0.0 0.11176470588235295 1.0 19951
9 10 outer 0.0 0.1588235294117647 1.0
10 10 disc 0.0 0.3784313725490196 1.0
10 11 inner 0.0 0.0 0.820855614973262 209702
10 11 outer 0.0 0.0 0.696078431372549
11 11 disc 0.0 0.40980392156862744 1.0
11 12 inner 0.0 0.0 0.731729055258467 231572
11 12 outer 0.0 0.0 0.624777183600713
12 12 disc 0.0 0.5196078431372549 1.0
12 13 inner 0.0 0.0 0.642602495543672 247082
12 13 outer 0.0 0.0 0.5
13 13 disc 0.8386809269162212 0.0 0.0
13 14 inner 0.9278074866310163 0.015250544662309573 0.0 39
13 14 outer 0.9812834224598939 0.058823529411765274 0.0
14 14 disc 0.7317290552584672 0.0 0.0
14 15 inner 0.0 0.0 0.5 184
