0 0 disc 0.0 0.0 0.5
0 1 inner 1.0 0.5090777051561368 0.0 3
0 1 outer 1.0 0.4509803921568629 0.0
1 1 disc 0.0 0.0 0.5
1 2 inner 0.8386809269162212 0.0 0.0 0
1 2 outer 0.8386809269162212 0.0 0.0
2 2 disc 0.0 0.0 0.5
2 3 inner 0.8386809269162212 0.0 0.0 5
2 3 outer 0.8386809269162212 0.0 0.0
3 3 disc 0.0 0.0 0.5
3 4 inner 0.8386809269162212 0.0 0.0 0
3 4 outer 0.8386809269162212 0.0 0.0
4 4 disc 0.0 0.0 0.5
4 5 inner 0.8386809269162212 0.0 0.0 2
4 5 outer 0.8386809269162212 0.0 0.0
5 5 disc 0.5 0.0 0.0
5 6 inner 0.0 0.0 0.5 2
