0 0 disc 0.0 0.0 0.5
0 1 inner 1.0 0.6833696441539581 0.0 12
0 1 outer 1.0 0.5816993464052289 0.0
1 1 disc 0.0 0.0 0.5
1 2 inner 1.0 0.3057371096586785 0.0 10
1 2 outer 1.0 0.3057371096586785 0.0
2 2 disc 0.0 0.0 0.5
2 3 inner 1.0 0.3057371096586785 0.0 9
2 3 outer 1.0 0.3057371096586785 0.0
3 3 disc 0.0 0.0 0.5
3 4 inner 1.0 0.3057371096586785 0.0 10
3 4 outer 1.0 0.3057371096586785 0.0
4 4 disc 0.0 0.0 0.5
4 5 inner 1.0 0.1023965141612202 0.0 3
4 5 outer 1.0 0.1023965141612202 0.0
5 5 disc 0.0 0.0 0.5
5 6 inner 0.8386809269162212 0.0 0.0 5
5 6 outer 0.8386809269162212 0.0 0.0
6 6 disc 0.0 0.0 0.5
6 7 inner 0.8386809269162212 0.0 0.0 1
6 7 outer 0.8386809269162212 0.0 0.0
7 7 disc 0.0 0.0 0.5
7 8 inner 0.8386809269162212 0.0 0.0 8
7 8 outer 0.8386809269162212 0.0 0.0
8 8 disc 0.5 0.0 0.0
8 9 inner 0.0 0.0 0.5 4
