0 0 disc 0.0 0.0 0.5
0 1 inner 0.0 0.0 0.5 3980021
0 1 outer 0.0 0.0 0.5
1 1 disc 0.0 0.0 0.5
1 2 inner 0.0 0.0 0.5 2415188
1 2 outer 0.0 0.0 0.5
2 2 disc 0.0 0.0 0.517825311942959
2 3 inner 0.0 0.0 0.5 1892642
2 3 outer 0.0 0.0 0.5
3 3 disc 0.0 0.0 0.517825311942959
3 4 inner 0.0 0.0 0.5 1850528
3 4 outer 0.0 0.0 0.5
4 4 disc 0.0 0.0 0.517825311942959
4 5 inner 0.0 0.0 0.5 6833065
4 5 outer 0.0 0.0 0.5
5 5 disc 0.0 0.0 0.642602495543672
5 6 inner 0.0 0.0 0.571301247771836 269465
5 6 outer 0.0 0.0 0.553475935828877
6 6 disc 0.0 0.0 0.713903743315508
6 7 inner 0.0 0.0 0.606951871657754 158767
6 7 outer 0.0 0.0 0.589126559714795
7 7 disc 0.0 0.0 0.785204991087344
7 8 inner 0.0 0.0 0.624777183600713 132312
7 8 outer 0.0 0.0 0.606951871657754
8 8 disc 0.0 0.0 0.803030303030303
8 9 inner 0.0 0.0 0.642602495543672 91133
8 9 outer 0.0 0.0 0.642602495543672
9 9 disc 0.0 0.0 0.803030303030303
9 10 inner 0.0 0.0 0.642602495543672 94459
9 10 outer 0.0 0.0 0.660427807486631
10 10 disc 0.0 0.0 0.820855614973262
10 11 inner 0.0 0.0 0.589126559714795 231517
10 11 outer 0.0 0.0 0.5
11 11 disc 0.0 0.7392156862745098 1.0
11 12 inner 0.0 0.3 1.0 6640
11 12 outer 0.0 0.22156862745098038 1.0
12 12 disc 0.0 0.8803921568627451 0.9835547122074637
12 13 inner 0.0 0.3784313725490196 1.0 5513
12 13 outer 0.0 0.28431372549019607 1.0
13 13 disc 0.12333965844402275 1.0 0.8444022770398483
13 14 inner 0.0 0.5666666666666667 1.0 3516
13 14 outer 0.0 0.4411764705882353 1.0
14 14 disc 0.2877925363693864 1.0 0.6799493991144845
14 15 inner 0.0 0.7235294117647059 1.0 2057
14 15 outer 0.0 0.6294117647058823 1.0
15 15 disc 0.4142947501581275 1.0 0.5534471853257434
15 16 inner 0.0 0.7705882352941177 1.0 1659
15 16 outer 0.0 0.66078431372549 1.0
16 16 disc 0.5787476280834913 1.0 0.38899430740037955
16 17 inner 0.0 0.8803921568627451 0.9835547122074637 1140
16 17 outer 0.0 0.6764705882352942 1.0
17 17 disc 0.8191018342820998 1.0 0.14864010120177107
17 18 inner 0.38899430740037944 1.0 0.5787476280834916 443
17 18 outer 0.26249209361163817 1.0 0.7052498418722328
18 18 disc 0.9203036053130929 1.0 0.04743833017077803
18 19 inner 0.5913978494623655 1.0 0.3763440860215054 234
18 19 outer 0.5281467425679949 1.0 0.439595192915876
19 19 disc 1.0 0.8140885984023241 0.0
19 20 inner 0.5534471853257431 1.0 0.4142947501581278 213
19 20 outer 0.46489563567362424 1.0 0.5028462998102468
20 20 disc 1.0 0.741466957153232 0.0
20 21 inner 0.831752055660974 1.0 0.1359898798228969 130
20 21 outer 0.7432005060088547 1.0 0.2245414294750162
21 21 disc 1.0 0.6833696441539581 0.0
21 22 inner 0.641998734977862 1.0 0.3257432005060089 121
21 22 outer 0.7938013915243516 1.0 0.1739405439595193
22 22 disc 1.0 0.6978939724037765 0.0
22 23 inner 0.7685009487666034 1.0 0.19924098671726753 174
22 23 outer 0.5787476280834913 1.0 0.38899430740037955
23 23 disc 1.0 0.4945533769063183 0.0
23 24 inner 0.6925996204933585 1.0 0.27514231499051234 137
23 24 outer 0.24984187223276405 1.0 0.717900063251107
24 24 disc 0.8743315508021392 0.0 0.0
24 25 inner 0.0 0.0 0.5 27
