0 0 disc 0.0 0.0 0.535650623885918
0 1 inner 0.0 0.0 0.517825311942959 1210735
0 1 outer 0.0 0.0 0.517825311942959
1 1 disc 0.0 0.0 0.517825311942959
1 2 inner 0.0 0.0 0.517825311942959 526780
1 2 outer 0.0 0.0 0.535650623885918
2 2 disc 0.0 0.0 0.535650623885918
2 3 inner 0.0 0.0 0.535650623885918 333934
2 3 outer 0.0 0.0 0.553475935828877
3 3 disc 0.0 0.0 0.553475935828877
3 4 inner 0.0 0.0 0.553475935828877 241739
3 4 outer 0.0 0.0 0.571301247771836
4 4 disc 0.0 0.0 0.571301247771836
4 5 inner 0.0 0.0 0.571301247771836 196946
4 5 outer 0.0 0.0 0.571301247771836
5 5 disc 0.0 0.0 0.749554367201426
5 6 inner 0.0 0.0 0.571301247771836 347968
5 6 outer 0.0 0.0 0.553475935828877
6 6 disc 0.0 0.0 0.606951871657754
6 7 inner 0.0 0.0 0.606951871657754 172520
6 7 outer 0.0 0.0 0.589126559714795
7 7 disc 0.0 0.0 0.624777183600713
7 8 inner 0.0 0.0 0.624777183600713 143859
7 8 outer 0.0 0.0 0.606951871657754
8 8 disc 0.0 0.0 0.660427807486631
8 9 inner 0.0 0.0 0.624777183600713 132956
8 9 outer 0.0 0.0 0.624777183600713
9 9 disc 0.0 0.0 0.642602495543672
9 10 inner 0.0 0.0 0.624777183600713 120963
9 10 outer 0.0 0.0 0.624777183600713
10 10 disc 0.0 0.0 0.642602495543672
10 11 inner 0.0 0.0 0.642602495543672 112612
10 11 outer 0.0 0.0 0.642602495543672
11 11 disc 0.0 0.0 0.696078431372549
11 12 inner 0.0 0.0 0.606951871657754 116888
11 12 outer 0.0 0.0 0.624777183600713
12 12 disc 0.0 0.0 0.838680926916221
12 13 inner 0.0 0.0 0.535650623885918 586606
12 13 outer 0.0 0.0 0.517825311942959
13 13 disc 0.0 0.0 0.606951871657754
13 14 inner 0.0 0.0 0.624777183600713 135495
13 14 outer 0.0 0.0 0.624777183600713
14 14 disc 0.0 0.0 0.606951871657754
14 15 inner 0.0 0.0 0.624777183600713 108522
14 15 outer 0.0 0.0 0.642602495543672
15 15 disc 0.0 0.0 0.624777183600713
15 16 inner 0.0 0.0 0.642602495543672 103687
15 16 outer 0.0 0.0 0.642602495543672
16 16 disc 0.0 0.0 0.624777183600713
16 17 inner 0.0 0.0 0.642602495543672 101489
16 17 outer 0.0 0.0 0.642602495543672
17 17 disc 0.0 0.0 0.642602495543672
17 18 inner 0.0 0.0 0.642602495543672 102276
17 18 outer 0.0 0.0 0.642602495543672
18 18 disc 0.0 0.0 0.624777183600713
18 19 inner 0.0 0.0 0.624777183600713 103867
18 19 outer 0.0 0.0 0.642602495543672
19 19 disc 0.0 0.0 0.624777183600713
19 20 inner 0.0 0.0 0.624777183600713 107642
19 20 outer 0.0 0.0 0.624777183600713
20 20 disc 0.0 0.0 0.642602495543672
20 21 inner 0.0 0.0 0.624777183600713 118159
20 21 outer 0.0 0.0 0.624777183600713
21 21 disc 0.0 0.0 0.642602495543672
21 22 inner 0.0 0.0 0.606951871657754 128219
21 22 outer 0.0 0.0 0.606951871657754
22 22 disc 0.0 0.0 0.624777183600713
22 23 inner 0.0 0.0 0.606951871657754 139166
22 23 outer 0.0 0.0 0.606951871657754
23 23 disc 0.0 0.0 0.624777183600713
23 24 inner 0.0 0.0 0.589126559714795 150842
23 24 outer 0.0 0.0 0.606951871657754
24 24 disc 0.0 0.0 0.624777183600713
24 25 inner 0.0 0.0 0.589126559714795 166767
24 25 outer 0.0 0.0 0.589126559714795
25 25 disc 0.0 0.0 0.606951871657754
25 26 inner 0.0 0.0 0.589126559714795 179435
25 26 outer 0.0 0.0 0.589126559714795
26 26 disc 0.0 0.0 0.606951871657754
26 27 inner 0.0 0.0 0.571301247771836 191156
26 27 outer 0.0 0.0 0.589126559714795
27 27 disc 0.0 0.0 0.606951871657754
27 28 inner 0.0 0.0 0.571301247771836 202452
27 28 outer 0.0 0.0 0.571301247771836
28 28 disc 0.0 0.0 0.606951871657754
28 29 inner 0.0 0.0 0.571301247771836 219308
28 29 outer 0.0 0.0 0.571301247771836
29 29 disc 0.0 0.0 0.606951871657754
29 30 inner 0.0 0.0 0.571301247771836 246597
29 30 outer 0.0 0.0 0.571301247771836
30 30 disc 0.0 0.0 0.606951871657754
30 31 inner 0.0 0.0 0.517825311942959 305338
30 31 outer 0.0 0.0 0.553475935828877
31 31 disc 0.0 0.0 0.535650623885918
31 32 inner 0.0 0.0 0.517825311942959 8364517
31 32 outer 0.0 0.0 0.5
32 32 disc 0.0 0.5666666666666667 1.0
32 33 inner 0.0 0.2372549019607843 1.0 16310
32 33 outer 0.0 0.1588235294117647 1.0
33 33 disc 0.0 0.7862745098039213 1.0
33 34 inner 0.0 0.17450980392156862 1.0 15708
33 34 outer 0.0 0.1588235294117647 1.0
34 34 disc 0.0 0.8490196078431372 1.0
34 35 inner 0.0 0.3784313725490196 1.0 7315
34 35 outer 0.0 0.3784313725490196 1.0
35 35 disc 0.04743833017077798 0.9588235294117647 0.920303605313093
35 36 inner 0.0 0.40980392156862744 1.0 6969
35 36 outer 0.0 0.40980392156862744 1.0
36 36 disc 0.13598987982289687 1.0 0.8317520556609741
36 37 inner 0.0 0.48823529411764705 1.0 5329
36 37 outer 0.0 0.4568627450980391 1.0
37 37 disc 0.16129032258064513 1.0 0.8064516129032259
37 38 inner 0.0 0.503921568627451 1.0 4689
37 38 outer 0.0 0.5196078431372549 1.0
38 38 disc 0.06008855154965211 0.9745098039215686 0.9076533839342189
38 39 inner 0.0 0.4411764705882353 1.0 5124
38 39 outer 0.0 0.5509803921568628 1.0
39 39 disc 0.0 0.7705882352941177 1.0
39 40 inner 0.0 0.0 0.785204991087344 37441
39 40 outer 0.0 0.0 0.5
40 40 disc 1.0 0.5381263616557737 0.0
40 41 inner 0.4142947501581275 1.0 0.5534471853257434 385
40 41 outer 0.3510436432637571 1.0 0.6166982922201139
41 41 disc 1.0 0.7995642701525056 0.0
41 42 inner 1.0 0.9157588961510532 0.0 99
41 42 outer 1.0 0.872185911401598 0.0
42 42 disc 1.0 0.7995642701525056 0.0
42 43 inner 1.0 0.8576615831517794 0.0 73
42 43 outer 1.0 0.8867102396514164 0.0
43 43 disc 1.0 0.7269426289034134 0.0
43 44 inner 0.7811511701454774 1.0 0.18659076533839347 118
43 44 outer 0.9962049335863377 0.9302832244008717 0.0
44 44 disc 1.0 0.7995642701525056 0.0
44 45 inner 0.2877925363693864 1.0 0.6799493991144845 1131
44 45 outer 0.0 0.8333333333333334 1.0
45 45 disc 1.0 0.5236020334059556 0.0
45 46 inner 0.0 0.0 0.5 444
