0 0 12.876325086063236
1 0.01875085622130353 19.375902749679653
1 0.01875085622130353 12.517669388133811
2 0.037688085306916745 19.219414344677237
2 0.037688085306916745 12.341240820538749
3 0.056493489626076906 19.11752642958552
3 0.056493489626076906 12.241089378860856
4 0.07519775207475105 19.0811427176124
4 0.07519775207475105 12.1901333218648
5 0.09432847503354977 19.00793337665061
5 0.09432847503354977 12.14306428063141
6 0.12088799540411277 19.05493017202956
6 0.12088799540411277 12.223700075986306
7 0.1538828263354952 19.383594614865725
