0 0 11.762382038710392
1 0.0250144667245215 15.315786404377047
1 0.0250144667245215 10.277287400130357
2 0.05471821879337451 13.7402023887679
2 0.05471821879337451 9.651051691178928
3 0.08250783115822541 13.399277924508967
3 0.08250783115822541 9.174925682500678
4 0.11350408240286794 12.728345714710978
4 0.11350408240286794 8.74819284958946
5 0.14160144101252312 12.428360172704291
5 0.14160144101252312 8.361943773735241
6 0.17966011753721994 12.190442018782825
6 0.17966011753721994 8.451211111832329
7 0.20910227803433096 12.425215903299383
7 0.20910227803433096 6.832890014164741
8 0.25583888977728303 10.510764167917891
8 0.25583888977728303 6.507794640198696
9 0.2867126364713881 11.25502856981873
9 0.2867126364713881 3.4594316186372973
10 0.3711952046408479 6.614709844115208
10 0.3711952046408479 2.584962500721156
11 0.5289821754762185 5.906890595608519
