0 0 9.714245517666123
1 0.019470914780227132 16.954344008184194
1 0.019470914780227132 9.262094845370179
2 0.039160785914311394 16.692642742657956
2 0.039160785914311394 8.985841937003341
3 0.058718078201693585 16.499534498370142
3 0.058718078201693585 8.734709620225837
4 0.07928426741733223 16.29045089935638
4 0.07928426741733223 8.599912842187127
5 0.09965868332366148 16.277632483828135
5 0.09965868332366148 8.554588851677638
6 0.12035193868133488 16.21319917064535
6 0.12035193868133488 8.422064766172813
7 0.14228731189677826 16.306328751320013
7 0.14228731189677826 8.643856189774725
8 0.16255526051703606 16.156379392613683
8 0.16255526051703606 8.483815777264256
9 0.18312548198161058 16.074371465948033
9 0.18312548198161058 8.370687406807217
10 0.20789418558076772 15.954173586306688
10 0.20789418558076772 8.20945336562895
11 0.23557268414364355 16.34822674717815
11 0.23557268414364355 8.784634845557521
12 0.26368341527014894 16.43567026093655
12 0.26368341527014894 8.900866807980748
13 0.289629631700254 16.690461838569785
13 0.289629631700254 9.076815597050832
14 0.31134689072290245 16.474102005147007
14 0.31134689072290245 8.885696373339394
15 0.3313781924675496 16.321611061633703
15 0.3313781924675496 8.558420713268664
16 0.3509678937444219 16.03043005825019
16 0.3509678937444219 8.344295907915816
17 0.3700196758306396 15.916019385147775
17 0.3700196758306396 8.118941072723507
18 0.38885452098254103 15.71346706817359
18 0.38885452098254103 7.864186144654281
19 0.4078097467005042 15.550716728923469
19 0.4078097467005042 7.727920454563199
20 0.4267302844118313 15.353181293144468
20 0.4267302844118313 7.577428828035749
21 0.44575896012334054 15.237396710142477
21 0.44575896012334054 7.475733430966398
22 0.4655116477756096 15.182045121827143
22 0.4655116477756096 7.483815777264256
23 0.4849980944090114 15.22060505365094
23 0.4849980944090114 7.614709844115208
24 0.5043542061873673 15.286702139395507
24 0.5043542061873673 7.562242424221073
25 0.5241877023626887 15.297990946846715
25 0.5241877023626887 7.78135971352466
26 0.543840457246843 15.346513733165635
26 0.543840457246843 7.813781191217037
27 0.562740891394009 15.365023751034274
27 0.562740891394009 7.622051819456376
28 0.5817827339307594 15.270477842133095
28 0.5817827339307594 7.592457037268081
29 0.6002645422941296 15.19913552807077
29 0.6002645422941296 7.247927513443585
30 0.6204499891251216 15.031959603596103
30 0.6204499891251216 7.247927513443585
31 0.6407305380603707 15.115328193371182
31 0.6407305380603707 7.483815777264256
32 0.6602126719621013 15.158096828160907
32 0.6602126719621013 7.483815777264256
33 0.6791793510038306 15.160186576600662
33 0.6791793510038306 7.383704292474052
34 0.697409915356259 15.023624421742532
34 0.697409915356259 7.044394119358453
35 0.7163965196524559 14.745516770076033
35 0.7163965196524559 6.954196310386875
36 0.7362295020355968 14.737458618570459
36 0.7362295020355968 7.118941072723508
37 0.7554004971569551 14.812377888766893
37 0.7554004971569551 7.139551352398794
38 0.7756478677428178 14.86573327085176
38 0.7756478677428178 7.383704292474052
39 0.7947150960892386 15.05379863917489
39 0.7947150960892386 7.2384047393250786
40 0.8132717884071372 14.954650716841508
40 0.8132717884071372 7.098032082960526
41 0.8321940469523835 14.713493918252984
41 0.8321940469523835 7.03342300153745
42 0.8501960297529485 14.62935662007961
42 0.8501960297529485 6.6293566200796095
43 0.8692830520414696 14.348520696585535
43 0.8692830520414696 6.6865005271832185
44 0.8877524736709412 14.4826189119723
44 0.8877524736709412 6.475733430966398
45 0.9067483993083951 14.276778705235968
45 0.9067483993083951 6.491853096329675
46 0.9252247274402572 14.187274739704142
46 0.9252247274402572 6.266786540694901
47 0.9439512375749729 14.060527067048643
47 0.9439512375749729 6.149747119504682
48 0.9639420282477856 13.945352384757273
48 0.9639420282477856 6.357552004618084
49 0.9828099236106599 14.13747150335196
49 0.9828099236106599 6.22881869049588
50 1.0018165064681208 14.025312619921719
50 1.0018165064681208 6.247927513443585
51 1.0207024395536661 14.070624122430266
51 1.0207024395536661 6.108524456778169
52 1.0409777349270974 13.94242286783542
52 1.0409777349270974 6.129283016944966
53 1.0618672084828942 14.134666963246291
53 1.0618672084828942 6.6293566200796095
54 1.0811555085102051 14.280190792216906
54 1.0811555085102051 6.539158811108031
55 1.1010008515906708 14.336715752160492
55 1.1010008515906708 6.700439718141092
56 1.1202286356348305 14.400479224977877
56 1.1202286356348305 6.599912842187128
57 1.1398569756118804 14.308125682093635
57 1.1398569756118804 6.78135971352466
58 1.1593571247725476 14.523194374830966
58 1.1593571247725476 6.845490050944375
59 1.178397732377776 14.57553924683453
59 1.178397732377776 6.857980995127572
60 1.197180608929369 14.570152184555836
60 1.197180608929369 6.6865005271832185
61 1.2164127246609238 14.393591562623907
61 1.2164127246609238 6.643856189774724
62 1.2356242707150284 14.514035936597969
62 1.2356242707150284 6.643856189774724
63 1.2541188219168078 14.405939193342396
63 1.2541188219168078 6.459431618637297
64 1.2736918515148774 14.16812363935923
64 1.2736918515148774 6.6293566200796095
65 1.2938165392702745 14.332036548361652
65 1.2938165392702745 6.807354922057604
66 1.3133369343090113 14.568193653850074
66 1.3133369343090113 6.894817763307944
67 1.3334164578910856 14.669161887789272
67 1.3334164578910856 7.108524456778169
68 1.3527828531320256 14.979201878296077
68 1.3527828531320256 7.266786540694901
69 1.3715374532270066 14.921050584809581
69 1.3715374532270066 7.1799090900149345
70 1.3899047650601979 14.878003000965887
70 1.3899047650601979 6.9886846867721655
71 1.4083607945830818 14.688796681054455
71 1.4083607945830818 6.894817763307944
72 1.427440614883474 14.651556277033407
72 1.427440614883474 6.894817763307944
73 1.4457031492909367 14.576720525080246
73 1.4457031492909367 6.584962500721156
74 1.4638319059915068 14.249706056969705
74 1.4638319059915068 6.303780748177103
75 1.4833084068220983 13.945352384757273
75 1.4833084068220983 6.3750394313469245
76 1.501643981314619 14.177263798253469
76 1.501643981314619 6.066089190457772
77 1.5207055873514743 13.916346013714147
77 1.5207055873514743 6.129283016944966
78 1.5399162553592445 13.875461397916377
78 1.5399162553592445 6.189824558880018
79 1.5593410322501955 13.969386521342283
79 1.5593410322501955 6.129283016944966
80 1.5784726448455455 13.939854651686113
80 1.5784726448455455 6.149747119504682
81 1.5973572542584564 13.938844457466171
81 1.5973572542584564 6.066089190457772
82 1.6176262784304591 13.840876250058946
82 1.6176262784304591 6.459431618637297
83 1.6366519408327909 14.254733389246674
83 1.6366519408327909 6.392317422778761
84 1.6555259893685692 14.084310133597755
84 1.6555259893685692 6.129283016944966
85 1.6741426178526455 13.789941128390916
85 1.6741426178526455 5.954196310386875
86 1.6939454003428973 13.704227883896943
86 1.6939454003428973 6.087462841250339
87 1.7136312803467977 13.900772486445565
87 1.7136312803467977 6.266786540694901
88 1.731544506482572 13.942606137022771
88 1.731544506482572 5.832890014164741
89 1.7505217198371308 13.603742238069026
89 1.7505217198371308 5.807354922057604
90 1.7692425043456064 13.556386304097808
90 1.7692425043456064 5.554588851677638
91 1.7900499574064803 13.319107575824983
91 1.7900499574064803 5.977279923499917
92 1.809674257410532 13.769424641552753
92 1.809674257410532 6.087462841250339
93 1.8287589884395548 13.888648131374513
93 1.8287589884395548 6.022367813028454
94 1.8481693593744888 13.754991860009431
94 1.8481693593744888 6.0
95 1.8671452031638534 13.924998023446696
95 1.8671452031638534 5.977279923499917
96 1.8871213078601083 13.7324854450719
96 1.8871213078601083 6.189824558880018
97 1.9061563007722184 13.914385132155443
97 1.9061563007722184 6.087462841250339
98 1.925694253572406 13.876516946565
98 1.925694253572406 6.321928094887363
99 1.9441604308533444 14.016285982108814
99 1.9441604308533444 6.129283016944966
100 1.9636594271767112 13.886934942709281
100 1.9636594271767112 6.247927513443585
101 1.9829044322632186 13.988773432507186
101 1.9829044322632186 6.303780748177103
102 2.000849848647924 14.094655044127212
102 2.000849848647924 5.954196310386875
103 2.019738736104443 13.692397555468485
103 2.019738736104443 5.754887502163468
104 2.038450228033276 13.43449792053815
104 2.038450228033276 5.643856189774724
105 2.058082019760104 13.37232095486726
105 2.058082019760104 5.727920454563199
106 2.077505864858458 13.57896229251368
106 2.077505864858458 5.906890595608519
107 2.095837293623635 13.62958430019385
107 2.095837293623635 5.643856189774724
108 2.1157720409876015 13.378023850925485
108 2.1157720409876015 5.727920454563199
109 2.135307809899205 13.56081046872794
109 2.135307809899205 5.954196310386875
110 2.1548933412970843 13.778898476008376
110 2.1548933412970843 6.108524456778169
111 2.1748435162836324 13.871616515792864
111 2.1748435162836324 6.22881869049588
112 2.193147421961178 13.996738276297684
112 2.193147421961178 5.977279923499917
113 2.212687763011748 13.834866038362017
113 2.212687763011748 6.087462841250339
114 2.2327582348948085 13.89519657256334
114 2.2327582348948085 6.303780748177103
115 2.253279403628224 14.154422579223475
115 2.253279403628224 6.599912842187128
116 2.2735074756398803 14.367209963571229
116 2.2735074756398803 6.794415866350106
117 2.2939228284918256 14.664113906143047
117 2.2939228284918256 6.794415866350106
118 2.313867669687302 14.70832951852814
118 2.313867669687302 7.011227255423254
119 2.333912464820515 14.641430875492489
119 2.333912464820515 7.149747119504682
120 2.354215161798677 14.850919331293387
120 2.354215161798677 7.312882955284356
121 2.374238638705258 15.013235425078477
121 2.374238638705258 7.285402218862249
122 2.3947007874231705 14.952149708311708
122 2.3947007874231705 7.189824558880018
123 2.415593082035468 15.021283650475826
123 2.415593082035468 7.499845887083206
124 2.4356195253980455 15.170668386431082
124 2.4356195253980455 7.442943495848728
125 2.456458243167335 15.050061195193578
125 2.456458243167335 7.442943495848728
126 2.4800718553777545 15.321153001682083
126 2.4800718553777545 7.807354922057604
127 2.5184966116987018 15.683817053939913
127 2.5184966116987018 8.129283016944967
128 2.566439141032685 16.906256459417605
