0 0 11.655977862486942
1 0.022144348801590916 14.022801250027625
1 0.022144348801590916 10.667111542075027
2 0.04583069291812891 13.43306376512207
2 0.04583069291812891 10.27262978497637
3 0.07005719547276007 13.139711216661896
3 0.07005719547276007 9.977279923499916
4 0.09486184730633418 12.875557388803728
4 0.09486184730633418 9.768184324776927
5 0.12069784714566363 12.74819284958946
5 0.12069784714566363 9.807354922057604
6 0.14725079000580948 12.774787059601174
6 0.14725079000580948 9.900866807980748
7 0.17988316717670888 12.964521373897238
7 0.17988316717670888 10.251482410620213
8 0.2165803515351873 13.64441963248483
