0 0 disc 0.0 0.40980392156862744 1.0
0 1 inner 0.0 0.0176470588235293 1.0 97536
0 1 outer 0.0 0.0 0.838680926916221
1 1 disc 0.03478810879190385 0.9431372549019608 0.9329538266919671
1 2 inner 0.0 0.4725490196078431 1.0 11816
1 2 outer 0.0 0.3941176470588234 1.0
2 2 disc 0.19924098671726753 1.0 0.7685009487666035
2 3 inner 0.0 0.42549019607843136 1.0 13945
2 3 outer 0.0 0.2529411764705882 1.0
3 3 disc 0.21189120809614148 1.0 0.7558507273877295
3 4 inner 0.0 0.8647058823529412 0.9962049335863378 3608
3 4 outer 0.0 0.7862745098039213 1.0
4 4 disc 0.5028462998102466 1.0 0.46489563567362435
4 5 inner 0.0 0.5509803921568628 1.0 4709
4 5 outer 0.0 0.5666666666666667 1.0
5 5 disc 0.3763440860215053 1.0 0.5913978494623656
5 6 inner 0.0 0.8647058823529412 0.9962049335863378 2203
5 6 outer 0.03478810879190385 0.9431372549019608 0.9329538266919671
6 6 disc 0.2877925363693864 1.0 0.6799493991144845
6 7 inner 0.0 0.6294117647058823 1.0 14030
6 7 outer 0.0 0.0 0.892156862745098
7 7 disc 0.831752055660974 1.0 0.1359898798228969
7 8 inner 0.2371916508538899 1.0 0.7305502846299811 642
7 8 outer 0.4142947501581275 1.0 0.5534471853257434
8 8 disc 0.5028462998102466 1.0 0.46489563567362435
8 9 inner 0.0 0.7392156862745098 1.0 7988
8 9 outer 0.0 0.0 0.874331550802139
9 9 disc 1.0 0.1023965141612202 0.0
9 10 inner 0.9076533839342187 1.0 0.06008855154965209 173
9 10 outer 0.7685009487666034 1.0 0.19924098671726753
10 10 disc 1.0 0.1023965141612202 0.0
10 11 inner 0.0 0.0 0.5 195
