0 0 18.197663049997157
1 0.01461115656978061 21.510248902178013
1 0.01461115656978061 17.137981743868544
2 0.029720171484872916 20.756762346607314
2 0.029720171484872916 16.49246348266757
3 0.04527718022852091 20.217663115660745
3 0.04527718022852091 16.021608984796945
4 0.06127934083218921 19.80361244685638
4 0.06127934083218921 15.682253959339604
5 0.07873974425490655 19.507151985018815
5 0.07873974425490655 15.44640486573325
6 0.09600485439391727 19.555598322004826
6 0.09600485439391727 15.406570417075324
7 0.11278507179213665 19.20447323557629
7 0.11278507179213665 15.152601744019199
8 0.12998038808946094 18.995756111604415
8 0.12998038808946094 14.986375379435334
9 0.14729003757857204 18.86891898838627
9 0.14729003757857204 14.891024190149498
10 0.16458083231086928 18.765244005689315
10 0.16458083231086928 14.808813383694574
11 0.18211422258135251 18.675016323496656
11 0.18211422258135251 14.75373906736318
12 0.20176135395892705 18.66628989362005
12 0.20176135395892705 14.747616075682568
13 0.21910238025140227 19.30220827487595
13 0.21910238025140227 14.969476462119774
14 0.23593989161082785 18.822010592450876
14 0.23593989161082785 14.823068638153233
15 0.25299968501905573 18.694398699154775
15 0.25299968501905573 14.759888183221834
16 0.27019539287336436 18.645704163180508
16 0.27019539287336436 14.738303411474638
17 0.28746427784895195 18.634268661618798
17 0.28746427784895195 14.734709620225837
18 0.30475397359078343 18.63699626261367
18 0.30475397359078343 14.778898476008376
19 0.3220141050600723 18.668884984266246
19 0.3220141050600723 14.813530701583472
20 0.33938432342094277 18.70973676652047
20 0.33938432342094277 14.882022052529859
21 0.35675398361212735 18.798702772790065
21 0.35675398361212735 14.979112541802094
22 0.37404734402501394 18.896075145458767
22 0.37404734402501394 15.084891413444812
23 0.39127148386694544 18.997196023487113
23 0.39127148386694544 15.177847735595007
24 0.40848810477435255 19.08996506119038
24 0.40848810477435255 15.28069828564088
25 0.42561736215676393 19.195821537697324
25 0.42561736215676393 15.384109183736607
26 0.44264768917150416 19.286038784636794
26 0.44264768917150416 15.478232426454584
27 0.45959233126630455 19.362260630301545
27 0.45959233126630455 15.546743769464486
28 0.47654163365723745 19.423591957737635
28 0.47654163365723745 15.624595575301253
29 0.4935201574534006 19.504621168219355
29 0.4935201574534006 15.720805363515701
30 0.5106781314897948 19.611957744707656
30 0.5106781314897948 15.850601963040182
31 0.5309157376627612 19.786309516164863
31 0.5309157376627612 16.045674352862367
32 0.5460640951931581 21.34492705729417
32 0.5460640951931581 11.44449728710381
33 0.5717358098323811 14.772675408770741
33 0.5717358098323811 10.851749041416058
34 0.5962804659228527 14.496728971380707
34 0.5962804659228527 10.492854620174748
35 0.6218277126582121 14.003605750097055
35 0.6218277126582121 10.167418145831737
36 0.6478758349615934 13.81257844413538
36 0.6478758349615934 9.917372079476841
37 0.6743713866595274 13.573173784686485
37 0.6743713866595274 9.7431513941125
38 0.7016845446175104 13.39700606857239
38 0.7016845446175104 9.67065624911844
39 0.7355325006978406 13.415609744035512
39 0.7355325006978406 9.640244936222345
40 0.7526937132704692 13.689124404913258
40 0.7526937132704692 5.20945336562895
41 0.7872357428388106 8.654636028527968
41 0.7872357428388106 4.392317422778761
42 0.8300283592808891 8.092757140919852
42 0.8300283592808891 4.459431618637297
43 0.875901193941182 8.164906926675688
43 0.875901193941182 4.643856189774724
44 0.9383800223702115 8.290018846932618
44 0.9383800223702115 4.954196310386875
45 0.9936520904464785 9.002815015607053
45 0.9936520904464785 4.0
46 1.0974370816063486 7.483815777264256
