0 0 disc 0.24984187223276405 1.0 0.717900063251107
0 1 inner 0.0980392156862745 1.0 0.8697027197975965 2727
0 1 outer 0.12333965844402275 1.0 0.8444022770398483
1 1 disc 0.38899430740037944 1.0 0.5787476280834916
1 2 inner 0.24984187223276405 1.0 0.717900063251107 2446
1 2 outer 0.17394054395951927 1.0 0.7938013915243517
2 2 disc 0.4016445287792536 1.0 0.5660974067046174
2 3 inner 0.13598987982289687 1.0 0.8317520556609741 10729
2 3 outer 0.0 0.8960784313725491 0.9709044908285895
3 3 disc 0.3636938646426312 1.0 0.6040480708412397
3 4 inner 0.16129032258064513 1.0 0.8064516129032259 3593
3 4 outer 0.16129032258064513 1.0 0.8064516129032259
4 4 disc 0.38899430740037944 1.0 0.5787476280834916
4 5 inner 0.2245414294750158 1.0 0.7432005060088551 1772
4 5 outer 0.24984187223276405 1.0 0.717900063251107
5 5 disc 0.42694497153700184 1.0 0.540796963946869
5 6 inner 0.2751423149905123 1.0 0.6925996204933587 1849
5 6 outer 0.26249209361163817 1.0 0.7052498418722328
6 6 disc 0.5028462998102466 1.0 0.46489563567362435
6 7 inner 0.2245414294750158 1.0 0.7432005060088551 3068
6 7 outer 0.19924098671726753 1.0 0.7685009487666035
7 7 disc 0.42694497153700184 1.0 0.540796963946869
7 8 inner 0.26249209361163817 1.0 0.7052498418722328 1520
7 8 outer 0.30044275774826057 1.0 0.6672991777356103
8 8 disc 0.5028462998102466 1.0 0.46489563567362435
8 9 inner 0.2371916508538899 1.0 0.7305502846299811 2085
8 9 outer 0.26249209361163817 1.0 0.7052498418722328
9 9 disc 0.4142947501581275 1.0 0.5534471853257434
9 10 inner 0.19924098671726753 1.0 0.7685009487666035 1452
9 10 outer 0.3130929791271345 1.0 0.6546489563567364
10 10 disc 0.4016445287792536 1.0 0.5660974067046174
10 11 inner 0.0 0.0 0.5 44676
