0 0 disc 0.7938013915243516 1.0 0.1739405439595193
0 1 inner 0.3130929791271345 1.0 0.6546489563567364 4882
0 1 outer 0.022137887413029723 0.9274509803921569 0.9456040480708413
1 1 disc 1.0 0.5090777051561368 0.0
1 2 inner 0.730550284629981 1.0 0.23719165085388993 835
1 2 outer 0.5281467425679949 1.0 0.439595192915876
2 2 disc 1.0 0.4364560639070445 0.0
2 3 inner 1.0 0.741466957153232 0.0 46
2 3 outer 1.0 0.4364560639070445 0.0
3 3 disc 1.0 0.33478576615831535 0.0
3 4 inner 0.2751423149905123 1.0 0.6925996204933587 719
3 4 outer 0.009487666034155417 0.9117647058823527 0.9582542694497156
4 4 disc 0.9099821746880573 0.0007262164124910431 0.0
4 5 inner 0.5913978494623655 1.0 0.3763440860215054 296
4 5 outer 0.3130929791271345 1.0 0.6546489563567364
5 5 disc 0.0 0.0 0.5
5 6 inner 1.0 0.20406681190994935 0.0 5
5 6 outer 0.5 0.0 0.0
6 6 disc 0.9634581105169343 0.04429920116194641 0.0
6 7 inner 0.0 0.0 0.5 301
