31, 12735, 50, 12860, 0.00065359477124183
31, 12735, 36, 12116, 0.0005714285714285715
31, 12735, 60, 12370, 0.0005521811154058532
31, 12735, 48, 13096, 0.0016137708445400753
31, 12735, 76, 12776, 0.0033849129593810446
31, 12735, 41, 13114, 0.004627487274409995
31, 12735, 14, 11452, 0.0016188714153561516
31, 12735, 34, 11472, 0.0022182786157941437
31, 12735, 119, 11833, 0.0007993605115907274
31, 12735, 28, 12051, 0.0025284450063211127
31, 12735, 105, 12960, 0.0005777007510109763
31, 12735, 32, 11773, 0.0018717828731867104
31, 12735, 30, 12673, 0.002770083102493075
31, 12735, 62, 12456, 0.0006365372374283895
31, 12735, 7, 11427, 0.0009971746717633372
31, 12735, 123, 11670, 0.0008223684210526315
31, 12735, 16, 11696, 0.0020297699594046007
31, 12735, 33, 11491, 0.002635740643120717
31, 12735, 15, 11645, 0.0013123359580052493
31, 12735, 35, 13487, 0.000554016620498615
31, 12735, 19, 11969, 0.002840909090909091
31, 12735, 88, 15399, 0.0018975332068311196
31, 12735, 86, 11457, 0.0021598272138228943
31, 12735, 3, 11465, 0.002395871728713601
31, 12735, 24, 14573, 0.00047664442326024784
31, 12735, 55, 19925, 0.0014089468122578373
31, 12735, 21, 18831, 0.002013693113169553
31, 12735, 38, 20447, 0.0013986013986013986
31, 12735, 33, 18261, 0.0010204081632653062
31, 12735, 20, 19427, 0.0027480076944215444
31, 12735, 10, 13932, 0.001820830298616169
31, 12735, 3, 410857, 0.003943722020891068
31, 12735, 1, 44624, 0.0010466820180029307
31, 12735, 29, 11432, 0.0018102824040550326
31, 12735, 13, 11413, 0.0018772292096865028
31, 12735, 27, 11403, 0.002888086642599278
31, 12735, 2, 11398, 0.002789103734647422
31, 12735, 4, 11398, 0.003364583673602718
31, 12735, 6, 11398, 0.0021785629406638678
31, 12735, 12, 11399, 0.0023834209240522924
31, 12735, 101, 11400, 5.4303556882975834e-05
31, 12735, 26, 11399, 0.0020819357375835667
31, 12735, 47, 11398, 0.004453670008013978
31, 12735, 84, 11398, 0.00277644375075039
31, 12735, 527, 11398, 0.003092464694361406
31, 12735, 185, 11398, 0.003949574413206087
31, 12735, 757, 11398, 0.0030673224390501876
31, 12735, 3114, 11398, 0.0006208288064566196
31, 12735, 283, 11398, 0.008339271613735724
31, 12735, 414, 11398, 0.006272599808132241
31, 12735, 2070, 11400, 0.0004968532626697582
31, 12735, 1246, 11398, 0.005177553475236651
50, 12860, 36, 12116, 0.00209351011863224
50, 12860, 60, 12370, 0.0006684491978609625
50, 12860, 48, 13096, 0.0012944983818770227
50, 12860, 76, 12776, 0.0011376564277588168
50, 12860, 41, 13114, 0.003243243243243243
50, 12860, 14, 11452, 0.0009970089730807576
50, 12860, 34, 11472, 0.0030959752321981426
50, 12860, 28, 12051, 0.001455604075691412
50, 12860, 105, 12960, 0.0014134275618374558
50, 12860, 32, 11773, 0.0016456390565002743
50, 12860, 53, 12597, 0.0007352941176470588
50, 12860, 30, 12673, 0.0026997840172786176
50, 12860, 7, 11427, 0.0019308407934000352
50, 12860, 16, 11696, 0.003411675511751327
50, 12860, 33, 11491, 0.0012618296529968455
50, 12860, 15, 11645, 0.017472118959107805
50, 12860, 35, 13487, 0.001343183344526528
50, 12860, 19, 11969, 0.002797761790567546
50, 12860, 88, 15399, 0.0011142061281337048
50, 12860, 3, 11465, 0.002347417840375587
50, 12860, 24, 14573, 0.003374578177727784
50, 12860, 55, 19925, 0.003572846367606193
50, 12860, 21, 18831, 0.003695150115473441
50, 12860, 38, 20447, 0.001178318931657502
50, 12860, 33, 18261, 0.015848473134905297
50, 12860, 20, 19427, 0.0024052916416115455
50, 12860, 10, 13932, 0.0009648784253184099
50, 12860, 7, 13692, 0.0019342359767891683
50, 12860, 3, 410857, 0.0008795074758135445
50, 12860, 1, 44624, 0.0011205737337516809
50, 12860, 29, 11432, 0.0008163265306122449
50, 12860, 13, 11413, 0.011073082343466881
50, 12860, 27, 11403, 0.0026028110359187923
50, 12860, 2, 11398, 0.0025609480529262597
50, 12860, 4, 11398, 0.002904496225795865
50, 12860, 6, 11398, 0.0016931596350742999
50, 12860, 12, 11399, 0.001996867190395906
50, 12860, 101, 11400, 0.0052760191047428635
50, 12860, 26, 11399, 0.0015663433424606675
50, 12860, 47, 11398, 0.0023828330700368613
50, 12860, 84, 11398, 0.002336202089016836
50, 12860, 527, 11398, 0.0036693400429836974
50, 12860, 185, 11398, 0.002070058543843193
50, 12860, 757, 11398, 0.003821107583014908
50, 12860, 3114, 11398, 0.00016310552927744252
50, 12860, 283, 11398, 0.003993517768260215
50, 12860, 414, 11398, 0.005349580206553236
50, 12860, 2070, 11400, 0.0013615862479788954
50, 12860, 1246, 11398, 0.003343594098291052
36, 12116, 60, 12370, 0.002335084646818447
36, 12116, 48, 13096, 0.0011331444759206798
36, 12116, 76, 12776, 0.0010111223458038423
36, 12116, 41, 13114, 0.0019305019305019305
36, 12116, 14, 11452, 0.001181753722524226
36, 12116, 34, 11472, 0.001851851851851852
36, 12116, 28, 12051, 0.003956043956043956
36, 12116, 32, 11773, 0.0029411764705882353
36, 12116, 30, 12673, 0.0009638554216867469
36, 12116, 62, 12456, 0.0013559322033898306
36, 12116, 7, 11427, 0.0013513513513513514
36, 12116, 123, 11670, 0.0008920606601248885
36, 12116, 16, 11696, 0.0031490552834149755
36, 12116, 33, 11491, 0.002774694783573807
36, 12116, 15, 11645, 0.001015572105619499
36, 12116, 35, 13487, 0.0005847953216374269
36, 12116, 19, 11969, 0.0018355359765051395
36, 12116, 88, 15399, 0.001987083954297069
36, 12116, 86, 11457, 0.0018628912071535022
36, 12116, 3, 11465, 0.0016869728209934396
36, 12116, 24, 14573, 0.0014992503748125937
36, 12116, 55, 19925, 0.002553812477198103
36, 12116, 21, 18831, 0.002933780385582565
36, 12116, 38, 20447, 0.002897500905469033
36, 12116, 33, 18261, 0.001054481546572935
36, 12116, 20, 19427, 0.0022560631697687537
36, 12116, 10, 13932, 0.0011109053878911312
36, 12116, 7, 13692, 0.0008733624454148472
36, 12116, 3, 410857, 0.0013961980453227366
36, 12116, 1, 44624, 0.0017097670442402222
36, 12116, 29, 11432, 0.003003003003003003
36, 12116, 13, 11413, 0.0013371537726838587
36, 12116, 27, 11403, 0.002955665024630542
36, 12116, 2, 11398, 0.002553894689401337
36, 12116, 4, 11398, 0.00295964418863235
36, 12116, 6, 11398, 0.0025606415498828855
36, 12116, 12, 11399, 0.0019318832283915283
36, 12116, 101, 11400, 5.458515283842795e-05
36, 12116, 26, 11399, 0.0018406186330802
36, 12116, 47, 11398, 0.003944202679428354
36, 12116, 84, 11398, 0.0026447870645869022
36, 12116, 527, 11398, 0.003003780620436066
36, 12116, 185, 11398, 0.002644393563159083
36, 12116, 757, 11398, 0.002869592942926985
36, 12116, 3114, 11398, 0.001103230890464933
36, 12116, 283, 11398, 0.008082249913197793
36, 12116, 414, 11398, 0.006436180706253699
36, 12116, 1246, 11398, 0.0040424191516169675
60, 12370, 48, 13096, 0.006607929515418502
60, 12370, 76, 12776, 0.0014720314033366045
60, 12370, 41, 13114, 0.0014058106841611997
60, 12370, 14, 11452, 0.003503035964502569
60, 12370, 34, 11472, 0.0013501350135013501
60, 12370, 119, 11833, 0.0008216926869350862
60, 12370, 28, 12051, 0.0017086715079026058
60, 12370, 105, 12960, 0.0005892751915144372
60, 12370, 32, 11773, 0.0019020446980504042
60, 12370, 53, 12597, 0.0006093845216331506
60, 12370, 30, 12673, 0.0028142589118198874
60, 12370, 62, 12456, 0.0006506180871828237
60, 12370, 7, 11427, 0.0016725204883759827
60, 12370, 16, 11696, 0.0013679890560875513
60, 12370, 33, 11491, 0.0026838432635534087
60, 12370, 15, 11645, 0.002324809033543673
60, 12370, 35, 13487, 0.0016958733747880158
60, 12370, 19, 11969, 0.0017953321364452424
60, 12370, 88, 15399, 0.0009633911368015414
60, 12370, 86, 11457, 0.02040816326530612
60, 12370, 3, 11465, 0.0022251066196921935
60, 12370, 24, 14573, 0.001454898157129001
60, 12370, 55, 19925, 0.001783166904422254
60, 12370, 21, 18831, 0.0012239902080783353
60, 12370, 33, 18261, 0.0006879944960440316
60, 12370, 20, 19427, 0.01430976430976431
60, 12370, 10, 13932, 0.0014652014652014652
60, 12370, 7, 13692, 0.002129471890971039
60, 12370, 3, 410857, 0.005248500428449015
60, 12370, 1, 44624, 0.0012652889076339097
60, 12370, 29, 11432, 0.0007323324789454412
60, 12370, 13, 11413, 0.0011327166320558807
60, 12370, 27, 11403, 0.0007263922518159806
60, 12370, 2, 11398, 0.004059183903581854
60, 12370, 4, 11398, 0.00471281296023564
60, 12370, 6, 11398, 0.00335324113573682
60, 12370, 12, 11399, 0.0032575233276853684
60, 12370, 101, 11400, 0.0026180866150321805
60, 12370, 26, 11399, 0.0028137701045610865
60, 12370, 47, 11398, 0.002794945478880447
60, 12370, 84, 11398, 0.0038782412626832017
60, 12370, 527, 11398, 0.009404062970852601
60, 12370, 185, 11398, 0.005508707311556977
60, 12370, 757, 11398, 0.007985944737262418
60, 12370, 3114, 11398, 0.00031196381219778506
60, 12370, 283, 11398, 0.0026060629287548384
60, 12370, 414, 11398, 0.010482076637824475
60, 12370, 2070, 11400, 0.005592187630414824
60, 12370, 1246, 11398, 0.004239727819942423
48, 13096, 76, 12776, 0.0009573958831977022
48, 13096, 41, 13114, 0.0009153318077803204
48, 13096, 14, 11452, 0.013522965726276521
48, 13096, 34, 11472, 0.00043975373790677223
48, 13096, 119, 11833, 0.0007892659826361484
48, 13096, 28, 12051, 0.0033514872224549644
48, 13096, 105, 12960, 0.0022935779816513763
48, 13096, 32, 11773, 0.00046382189239332097
48, 13096, 30, 12673, 0.007366482504604052
48, 13096, 62, 12456, 0.0018927444794952682
48, 13096, 7, 11427, 0.0028229823978744603
48, 13096, 16, 11696, 0.01465076660988075
48, 13096, 15, 11645, 0.0022868343678536427
48, 13096, 19, 11969, 0.0010574550581600281
48, 13096, 86, 11457, 0.0021474588403722263
48, 13096, 3, 11465, 0.0027573529411764708
48, 13096, 24, 14573, 0.000946521533364884
48, 13096, 55, 19925, 0.003157894736842105
48, 13096, 21, 18831, 0.0020008003201280513
48, 13096, 38, 20447, 0.003134796238244514
48, 13096, 33, 18261, 0.0010148849797023004
48, 13096, 20, 19427, 0.0060389788635739775
48, 13096, 10, 13932, 0.0010885341074020319
48, 13096, 7, 13692, 0.002085070892410342
48, 13096, 3, 410857, 0.0030831384222836486
48, 13096, 1, 44624, 0.0020885547201336674
48, 13096, 29, 11432, 0.0014393666786613889
48, 13096, 13, 11413, 0.008857896720693554
48, 13096, 27, 11403, 0.0014364376346660283
48, 13096, 2, 11398, 0.0040063600966534375
48, 13096, 4, 11398, 0.004314853556485356
48, 13096, 6, 11398, 0.003270370443779359
48, 13096, 12, 11399, 0.004129716052182424
48, 13096, 101, 11400, 0.005016357688113413
48, 13096, 26, 11399, 0.0029049917248243694
48, 13096, 47, 11398, 0.0038330270412181675
48, 13096, 84, 11398, 0.00395072855640679
48, 13096, 527, 11398, 0.003710192723899825
48, 13096, 185, 11398, 0.0030109812256464753
48, 13096, 757, 11398, 0.00444467961267792
48, 13096, 3114, 11398, 0.00030954960532425323
48, 13096, 283, 11398, 0.006476410108580763
48, 13096, 414, 11398, 0.008974358974358974
48, 13096, 2070, 11400, 0.0004134623335814107
48, 13096, 1246, 11398, 0.00533082470994042
76, 12776, 41, 13114, 0.0008340283569641367
76, 12776, 14, 11452, 0.0015374478365912585
76, 12776, 34, 11472, 0.0024174053182917004
76, 12776, 119, 11833, 0.0006756756756756757
76, 12776, 28, 12051, 0.002691272587466359
76, 12776, 105, 12960, 0.0005102040816326531
76, 12776, 32, 11773, 0.0029623360135421074
76, 12776, 53, 12597, 0.0015772870662460567
76, 12776, 30, 12673, 0.002086811352253756
76, 12776, 7, 11427, 0.0014416146083613647
76, 12776, 123, 11670, 0.0013850415512465374
76, 12776, 16, 11696, 0.0018838304552590266
76, 12776, 33, 11491, 0.0014097744360902255
76, 12776, 15, 11645, 0.0009151921903599756
76, 12776, 35, 13487, 0.0034516765285996054
76, 12776, 19, 11969, 0.0013119055428009183
76, 12776, 88, 15399, 0.0012831479897348161
76, 12776, 86, 11457, 0.0013293452974410102
76, 12776, 3, 11465, 0.0021216407355021216
76, 12776, 24, 14573, 0.0017211703958691911
76, 12776, 55, 19925, 0.002938295788442703
76, 12776, 21, 18831, 0.0007366482504604051
76, 12776, 38, 20447, 0.0016191709844559584
76, 12776, 33, 18261, 0.0018951358180669614
76, 12776, 20, 19427, 0.0020671834625322996
76, 12776, 10, 13932, 0.0017479461632581717
76, 12776, 3, 410857, 0.001141434056241569
76, 12776, 1, 44624, 0.000798881565807869
76, 12776, 29, 11432, 0.003013056578506863
76, 12776, 13, 11413, 0.0012592192840438928
76, 12776, 27, 11403, 0.002737226277372263
76, 12776, 2, 11398, 0.003306671990616538
76, 12776, 4, 11398, 0.0037440380264036075
76, 12776, 6, 11398, 0.003019061525711354
76, 12776, 12, 11399, 0.002484161981624333
76, 12776, 101, 11400, 0.0001072788714262726
76, 12776, 26, 11399, 0.0021457989640174895
76, 12776, 47, 11398, 0.004137804606581205
76, 12776, 84, 11398, 0.0027219430485762143
76, 12776, 527, 11398, 0.004437869822485207
76, 12776, 185, 11398, 0.005630992985391595
76, 12776, 757, 11398, 0.005236698785085882
76, 12776, 3114, 11398, 0.000149812734082397
76, 12776, 283, 11398, 0.009444647073503157
76, 12776, 414, 11398, 0.007815179577637317
76, 12776, 2070, 11400, 0.0006502479070145493
76, 12776, 1246, 11398, 0.0035603715170278638
41, 13114, 14, 11452, 0.002152389151958674
41, 13114, 34, 11472, 0.0019387359441644049
41, 13114, 119, 11833, 0.0006345177664974619
41, 13114, 28, 12051, 0.002223869532987398
41, 13114, 105, 12960, 0.0009732360097323601
41, 13114, 32, 11773, 0.0032546786004882017
41, 13114, 53, 12597, 0.0005
41, 13114, 30, 12673, 0.0032141422257934912
41, 13114, 7, 11427, 0.001419782300047326
41, 13114, 123, 11670, 0.001949317738791423
41, 13114, 16, 11696, 0.001828710758914965
41, 13114, 33, 11491, 0.0013489208633093526
41, 13114, 15, 11645, 0.0023745918670228555
41, 13114, 35, 13487, 0.00046948356807511736
41, 13114, 19, 11969, 0.0022278803309993636
41, 13114, 88, 15399, 0.002055921052631579
41, 13114, 86, 11457, 0.0019336126329358686
41, 13114, 3, 11465, 0.002086230876216968
41, 13114, 24, 14573, 0.0008257638315441783
41, 13114, 55, 19925, 0.002849002849002849
41, 13114, 21, 18831, 0.00285204991087344
41, 13114, 38, 20447, 0.001885014137606032
41, 13114, 33, 18261, 0.0015323322096230463
41, 13114, 20, 19427, 0.0025227043390514633
41, 13114, 10, 13932, 0.002063628546861565
41, 13114, 7, 13692, 0.0014771048744460858
41, 13114, 3, 410857, 0.0011301756909483202
41, 13114, 1, 44624, 0.002945797329143755
41, 13114, 29, 11432, 0.00226904376012966
41, 13114, 13, 11413, 0.001946558131304194
41, 13114, 27, 11403, 0.002007584207004238
41, 13114, 2, 11398, 0.0036279313311141865
41, 13114, 4, 11398, 0.004244178483153376
41, 13114, 6, 11398, 0.002815847511027095
41, 13114, 12, 11399, 0.002671796515977343
41, 13114, 101, 11400, 5.336179295624333e-05
41, 13114, 26, 11399, 0.002235821549170787
41, 13114, 47, 11398, 0.005289550519135342
41, 13114, 84, 11398, 0.0033623742845614716
41, 13114, 527, 11398, 0.003855715082948607
41, 13114, 185, 11398, 0.00904240744024113
41, 13114, 757, 11398, 0.004634692495964173
41, 13114, 3114, 11398, 0.0002954209748892171
41, 13114, 283, 11398, 0.006457405956861471
41, 13114, 414, 11398, 0.00883245253474261
41, 13114, 2070, 11400, 0.0006452133236551335
41, 13114, 1246, 11398, 0.005349519057661643
14, 11452, 34, 11472, 0.002747833439019235
14, 11452, 119, 11833, 0.0010715242432360033
14, 11452, 28, 12051, 0.0026798598227169654
14, 11452, 105, 12960, 0.002615311459819306
14, 11452, 32, 11773, 0.008282476024411508
14, 11452, 53, 12597, 0.011670313639679067
14, 11452, 30, 12673, 0.0025834230355220667
14, 11452, 62, 12456, 0.0004932182490752158
14, 11452, 7, 11427, 0.007460035523978685
14, 11452, 123, 11670, 0.0008110300081103001
14, 11452, 16, 11696, 0.004796163069544364
14, 11452, 33, 11491, 0.0015981735159817352
14, 11452, 15, 11645, 0.005082592121982211
14, 11452, 35, 13487, 0.0009330534173081409
14, 11452, 19, 11969, 0.0020762551906379767
14, 11452, 88, 15399, 0.002398604448320977
14, 11452, 86, 11457, 0.005726283641916396
14, 11452, 3, 11465, 0.0053285968028419185
14, 11452, 24, 14573, 0.0021862702229995625
14, 11452, 55, 19925, 0.00395703787450537
14, 11452, 21, 18831, 0.0022168480451430876
14, 11452, 38, 20447, 0.003188297074268567
14, 11452, 33, 18261, 0.0033271719038817007
14, 11452, 20, 19427, 0.005079469113550713
14, 11452, 10, 13932, 0.007441977800201816
14, 11452, 7, 13692, 0.004536082474226804
14, 11452, 3, 410857, 0.010440539852304559
14, 11452, 1, 44624, 0.00539568345323741
14, 11452, 1, 11477, 0.00028768699654775604
14, 11452, 29, 11432, 0.0019076688286913392
14, 11452, 13, 11413, 0.008899780730039985
14, 11452, 27, 11403, 0.011557177615571776
14, 11452, 2, 11398, 0.012295182345881605
14, 11452, 4, 11398, 0.013044029543221225
14, 11452, 6, 11398, 0.011084658603942482
14, 11452, 12, 11399, 0.012214650567484484
14, 11452, 101, 11400, 0.004565990579640488
14, 11452, 26, 11399, 0.010969190979627026
14, 11452, 47, 11398, 0.013506400133523347
14, 11452, 84, 11398, 0.016784530062501832
14, 11452, 527, 11398, 0.014890173410404625
14, 11452, 185, 11398, 0.01974554386848901
14, 11452, 757, 11398, 0.011934525213453465
14, 11452, 3114, 11398, 0.00903750564844103
14, 11452, 283, 11398, 0.017798151516276308
14, 11452, 414, 11398, 0.0208196104262727
14, 11452, 2070, 11400, 0.01040438371367136
14, 11452, 1246, 11398, 0.015818785978377874
34, 11472, 28, 12051, 0.0025134649910233393
34, 11472, 105, 12960, 0.0009332711152589828
34, 11472, 32, 11773, 0.0027483313702394976
34, 11472, 30, 12673, 0.001937984496124031
34, 11472, 62, 12456, 0.0005040322580645161
34, 11472, 7, 11427, 0.0028046120286693674
34, 11472, 123, 11670, 0.0012285012285012285
34, 11472, 16, 11696, 0.00267379679144385
34, 11472, 33, 11491, 0.00259852750108272
34, 11472, 15, 11645, 0.0008665511265164644
34, 11472, 35, 13487, 0.0013537906137184115
34, 11472, 19, 11969, 0.004655493482309125
34, 11472, 88, 15399, 0.0027799841143764893
34, 11472, 86, 11457, 0.0015664160401002505
34, 11472, 3, 11465, 0.0017117425539198905
34, 11472, 24, 14573, 0.0027944111776447107
34, 11472, 55, 19925, 0.002771789344009855
34, 11472, 21, 18831, 0.0024187975120939877
34, 11472, 38, 20447, 0.003060912151821243
34, 11472, 33, 18261, 0.001791044776119403
34, 11472, 20, 19427, 0.001973359644795264
34, 11472, 10, 13932, 0.0013543253766717454
34, 11472, 7, 13692, 0.0007147962830593281
34, 11472, 3, 410857, 0.0015279616990934095
34, 11472, 1, 44624, 0.0028957528957528956
34, 11472, 1, 11477, 0.0007122507122507123
34, 11472, 29, 11432, 0.003787878787878788
34, 11472, 13, 11413, 0.0027903732124171608
34, 11472, 27, 11403, 0.0035056967572304996
34, 11472, 2, 11398, 0.004036578376896818
34, 11472, 4, 11398, 0.00384690299961044
34, 11472, 6, 11398, 0.0034224346492004484
34, 11472, 12, 11399, 0.002823652239939256
34, 11472, 26, 11399, 0.002602936942124964
34, 11472, 47, 11398, 0.005993901401630655
34, 11472, 84, 11398, 0.0036275695284159614
34, 11472, 527, 11398, 0.005768938818885684
34, 11472, 185, 11398, 0.007019742020464877
34, 11472, 757, 11398, 0.004821900762171411
34, 11472, 3114, 11398, 0.00029163021289005544
34, 11472, 283, 11398, 0.008254198750406023
34, 11472, 414, 11398, 0.010985515756508123
34, 11472, 2070, 11400, 0.0005605381165919282
34, 11472, 1246, 11398, 0.004399652120530005
119, 11833, 28, 12051, 0.0005605381165919282
119, 11833, 105, 12960, 0.0017605633802816902
119, 11833, 32, 11773, 0.0012944983818770227
119, 11833, 53, 12597, 0.0009250693802035153
119, 11833, 7, 11427, 0.0005528934758569849
119, 11833, 16, 11696, 0.0004224757076468103
119, 11833, 15, 11645, 0.0020383204239706482
119, 11833, 19, 11969, 0.00044863167339614175
119, 11833, 88, 15399, 0.0006591957811470006
119, 11833, 86, 11457, 0.0013717421124828531
119, 11833, 3, 11465, 0.0006195786864931846
119, 11833, 24, 14573, 0.0006648936170212766
119, 11833, 55, 19925, 0.0008900756564307966
119, 11833, 21, 18831, 0.0005282620179609086
119, 11833, 33, 18261, 0.0008521516829995739
119, 11833, 20, 19427, 0.0003274394237066143
119, 11833, 10, 13932, 0.00040766408479412964
119, 11833, 7, 13692, 0.0011166945840312675
119, 11833, 3, 410857, 0.0011344299489506524
119, 11833, 1, 44624, 0.00047778308647873863
119, 11833, 29, 11432, 0.0013824884792626728
119, 11833, 13, 11413, 0.001689545934530095
119, 11833, 27, 11403, 0.0002799552071668533
119, 11833, 2, 11398, 0.0014345216373680303
119, 11833, 4, 11398, 0.0010860264595537418
119, 11833, 6, 11398, 0.0012613875262789068
119, 11833, 12, 11399, 0.0013788307515227088
119, 11833, 101, 11400, 0.0001683596161400752
119, 11833, 26, 11399, 0.0011635483570697199
119, 11833, 47, 11398, 0.00141244802323279
119, 11833, 84, 11398, 0.0014820415879017014
119, 11833, 527, 11398, 0.011255225640475935
119, 11833, 185, 11398, 0.0011848725856192176
119, 11833, 757, 11398, 0.003166803166803167
119, 11833, 283, 11398, 0.0016060682288743977
119, 11833, 414, 11398, 0.0012915404103124534
119, 11833, 2070, 11400, 0.0026182579856868565
119, 11833, 1246, 11398, 0.0032857527605709667
28, 12051, 105, 12960, 0.00044169611307420494
28, 12051, 32, 11773, 0.005263157894736842
28, 12051, 53, 12597, 0.002268602540834846
28, 12051, 30, 12673, 0.0007399186089530152
28, 12051, 62, 12456, 0.002380952380952381
28, 12051, 7, 11427, 0.0019868561821794286
28, 12051, 123, 11670, 0.0011441647597254005
28, 12051, 16, 11696, 0.002294235732721537
28, 12051, 33, 11491, 0.0053674649050371595
28, 12051, 15, 11645, 0.0025167785234899327
28, 12051, 35, 13487, 0.0017130620985010706
28, 12051, 19, 11969, 0.004488330341113106
28, 12051, 88, 15399, 0.0022735884804850324
28, 12051, 86, 11457, 0.0030238887208950713
28, 12051, 3, 11465, 0.0018453279651065259
28, 12051, 55, 19925, 0.0023752969121140144
28, 12051, 21, 18831, 0.0016578249336870027
28, 12051, 38, 20447, 0.010110020814748736
28, 12051, 33, 18261, 0.0008638065073423554
28, 12051, 20, 19427, 0.0031182537778843846
28, 12051, 10, 13932, 0.008017370970435945
28, 12051, 7, 13692, 0.0013717421124828531
28, 12051, 3, 410857, 0.001408734151740793
28, 12051, 1, 44624, 0.003398149896167642
28, 12051, 29, 11432, 0.0027347310847766638
28, 12051, 13, 11413, 0.007725321888412017
28, 12051, 27, 11403, 0.0021321961620469083
28, 12051, 2, 11398, 0.004905622789979581
28, 12051, 4, 11398, 0.0054519787762254785
28, 12051, 6, 11398, 0.004123711340206186
28, 12051, 12, 11399, 0.003306980217383574
28, 12051, 101, 11400, 0.004505937234944869
28, 12051, 26, 11399, 0.0030031066620642044
28, 12051, 47, 11398, 0.00587935562262376
28, 12051, 84, 11398, 0.003740741292716732
28, 12051, 527, 11398, 0.005026388539834129
28, 12051, 185, 11398, 0.009206741970210647
28, 12051, 757, 11398, 0.004740313272877164
28, 12051, 3114, 11398, 0.0014347202295552368
28, 12051, 283, 11398, 0.010489109667558272
28, 12051, 414, 11398, 0.0073654528659633425
28, 12051, 2070, 11400, 0.0016674606955693187
28, 12051, 1246, 11398, 0.005907215969852829
105, 12960, 32, 11773, 0.0004935834155972359
105, 12960, 53, 12597, 0.001282051282051282
105, 12960, 30, 12673, 0.00145985401459854
105, 12960, 62, 12456, 0.0013736263736263737
105, 12960, 7, 11427, 0.0030555084026481073
105, 12960, 16, 11696, 0.026306306306306305
105, 12960, 33, 11491, 0.0005595970900951316
105, 12960, 15, 11645, 0.0017047391749062393
105, 12960, 35, 13487, 0.0005913660555884093
105, 12960, 19, 11969, 0.0007385524372230429
105, 12960, 88, 15399, 0.002508780732563974
105, 12960, 86, 11457, 0.0003746721618583739
105, 12960, 3, 11465, 0.0018814675446848542
105, 12960, 24, 14573, 0.034392912975508075
105, 12960, 55, 19925, 0.00036656891495601173
105, 12960, 21, 18831, 0.021954369349978475
105, 12960, 38, 20447, 0.0025519504192489974
105, 12960, 33, 18261, 0.0024805102763997165
105, 12960, 20, 19427, 0.001984126984126984
105, 12960, 10, 13932, 0.004287045666356011
105, 12960, 7, 13692, 0.0013215859030837004
105, 12960, 3, 410857, 0.001291294522759066
105, 12960, 1, 44624, 0.0030081650193382035
105, 12960, 29, 11432, 0.0011320754716981133
105, 12960, 13, 11413, 0.0030727866333781447
105, 12960, 27, 11403, 0.001977750309023486
105, 12960, 2, 11398, 0.00328316687760805
105, 12960, 4, 11398, 0.004011592684164852
105, 12960, 6, 11398, 0.0024222689909859825
105, 12960, 12, 11399, 0.002853390639923591
105, 12960, 26, 11399, 0.0025607452811605624
105, 12960, 47, 11398, 0.0037735849056603774
105, 12960, 84, 11398, 0.0035204380989634267
105, 12960, 527, 11398, 0.010761675895935638
105, 12960, 185, 11398, 0.0045733678086619265
105, 12960, 757, 11398, 0.005332480136511492
105, 12960, 283, 11398, 0.002783269670038582
105, 12960, 414, 11398, 0.008130483133572224
105, 12960, 2070, 11400, 0.0011711560983771122
105, 12960, 1246, 11398, 0.008072600643697568
32, 11773, 53, 12597, 0.001015744032503809
32, 11773, 30, 12673, 0.0008113590263691683
32, 11773, 62, 12456, 0.0021470746108427268
32, 11773, 7, 11427, 0.0017440938639606786
32, 11773, 123, 11670, 0.0006618133686300463
32, 11773, 16, 11696, 0.0024622960911049553
32, 11773, 33, 11491, 0.001823985408116735
32, 11773, 15, 11645, 0.0011965300628178283
32, 11773, 35, 13487, 0.002385496183206107
32, 11773, 19, 11969, 0.0025715204114432656
32, 11773, 88, 15399, 0.0020815986677768525
32, 11773, 86, 11457, 0.0019524894240156199
32, 11773, 3, 11465, 0.0024475524475524478
32, 11773, 24, 14573, 0.0008361204013377926
32, 11773, 55, 19925, 0.0019157088122605363
32, 11773, 21, 18831, 0.0032444124008651765
32, 11773, 38, 20447, 0.0031756113051762463
32, 11773, 33, 18261, 0.0012368583797155227
32, 11773, 20, 19427, 0.002287166454891995
32, 11773, 10, 13932, 0.0013819312489203662
32, 11773, 7, 13692, 0.009029345372460496
32, 11773, 3, 410857, 0.001443298969072165
32, 11773, 1, 44624, 0.001775848460931334
32, 11773, 29, 11432, 0.00327653997378768
32, 11773, 13, 11413, 0.002135231316725979
32, 11773, 27, 11403, 0.0029220049449314453
32, 11773, 2, 11398, 0.004130220486392733
32, 11773, 4, 11398, 0.00473663649977212
32, 11773, 6, 11398, 0.002936076298573343
32, 11773, 12, 11399, 0.002970602913567338
32, 11773, 26, 11399, 0.002502421698417824
32, 11773, 47, 11398, 0.005436491301613918
32, 11773, 84, 11398, 0.003378883473372604
32, 11773, 527, 11398, 0.0035046728971962616
32, 11773, 185, 11398, 0.007389757377682611
32, 11773, 757, 11398, 0.0036473530637765737
32, 11773, 3114, 11398, 0.0007421701053881549
32, 11773, 283, 11398, 0.008852440169384353
32, 11773, 414, 11398, 0.007630040840282703
32, 11773, 1246, 11398, 0.0044263729476555665
53, 12597, 30, 12673, 0.001
53, 12597, 62, 12456, 0.0007137758743754461
53, 12597, 7, 11427, 0.001026167265264238
53, 12597, 123, 11670, 0.0019138755980861245
53, 12597, 16, 11696, 0.0014347202295552368
53, 12597, 15, 11645, 0.0027835768963117608
53, 12597, 19, 11969, 0.0003769317753486619
53, 12597, 88, 15399, 0.0005151983513652757
53, 12597, 86, 11457, 0.013964313421256789
53, 12597, 3, 11465, 0.002282670724747955
53, 12597, 24, 14573, 0.0005186721991701245
53, 12597, 55, 19925, 0.0011235955056179776
53, 12597, 21, 18831, 0.0012958963282937365
53, 12597, 38, 20447, 0.0011148272017837235
53, 12597, 33, 18261, 0.0007217610970768675
53, 12597, 20, 19427, 0.013694638694638694
53, 12597, 10, 13932, 0.0016907758782641368
53, 12597, 7, 13692, 0.0004512635379061372
53, 12597, 3, 410857, 0.0011907339250920113
53, 12597, 1, 44624, 0.0017376194613379669
53, 12597, 1, 11477, 0.001218026796589525
53, 12597, 29, 11432, 0.0007707129094412332
53, 12597, 13, 11413, 0.002522312766783081
53, 12597, 27, 11403, 0.002005515166708448
53, 12597, 2, 11398, 0.003726006774557772
53, 12597, 4, 11398, 0.003719177521094454
53, 12597, 6, 11398, 0.002783742941223256
53, 12597, 12, 11399, 0.0029631399725192666
53, 12597, 26, 11399, 0.0018654338582038538
53, 12597, 47, 11398, 0.0023519518572536033
53, 12597, 84, 11398, 0.003583851586381364
53, 12597, 527, 11398, 0.004896343369100948
53, 12597, 185, 11398, 0.003295478409770124
53, 12597, 757, 11398, 0.00443518221652239
53, 12597, 3114, 11398, 0.00015933715742511153
53, 12597, 283, 11398, 0.003094666025949063
53, 12597, 414, 11398, 0.00839129681427758
53, 12597, 2070, 11400, 0.0015133680847486128
53, 12597, 1246, 11398, 0.0038996627318718382
30, 12673, 62, 12456, 0.0005271481286241434
30, 12673, 7, 11427, 0.004906616017727129
30, 12673, 123, 11670, 0.0006485084306095979
30, 12673, 16, 11696, 0.003663003663003663
30, 12673, 33, 11491, 0.0008984725965858042
30, 12673, 15, 11645, 0.003267003267003267
30, 12673, 35, 13487, 0.0014091122592766556
30, 12673, 19, 11969, 0.004784688995215311
30, 12673, 88, 15399, 0.002055076037813399
30, 12673, 86, 11457, 0.001610305958132045
30, 12673, 3, 11465, 0.002434359241870979
30, 12673, 24, 14573, 0.00041254125412541255
30, 12673, 55, 19925, 0.0015802781289506952
30, 12673, 21, 18831, 0.0014234875444839859
30, 12673, 38, 20447, 0.0012554927809165098
30, 12673, 33, 18261, 0.0018387986515476554
30, 12673, 20, 19427, 0.015844620495783286
30, 12673, 10, 13932, 0.006389224658953549
30, 12673, 7, 13692, 0.001107011070110701
30, 12673, 3, 410857, 0.006299049979347377
30, 12673, 1, 44624, 0.0007836990595611285
30, 12673, 29, 11432, 0.0012949174490126255
30, 12673, 13, 11413, 0.0031886625332152346
30, 12673, 27, 11403, 0.002230649118893598
30, 12673, 2, 11398, 0.004078527240071842
30, 12673, 4, 11398, 0.004799635553096985
30, 12673, 6, 11398, 0.003724945308342695
30, 12673, 12, 11399, 0.0030052502791438006
30, 12673, 26, 11399, 0.002628666297731046
30, 12673, 47, 11398, 0.004868472712995681
30, 12673, 84, 11398, 0.004037503925351038
30, 12673, 527, 11398, 0.004670999187652315
30, 12673, 185, 11398, 0.007045765302018821
30, 12673, 757, 11398, 0.003589263420724095
30, 12673, 3114, 11398, 0.0013305736250739208
30, 12673, 283, 11398, 0.009407752294456898
30, 12673, 414, 11398, 0.00846214048131481
30, 12673, 2070, 11400, 0.00016121231662098983
30, 12673, 1246, 11398, 0.005452674897119342
62, 12456, 7, 11427, 0.0017424638438752395
62, 12456, 123, 11670, 0.0021253985122210413
62, 12456, 16, 11696, 0.0018635855385762206
62, 12456, 33, 11491, 0.0006146281499692685
62, 12456, 15, 11645, 0.0021645021645021645
62, 12456, 35, 13487, 0.0006531678641410843
62, 12456, 19, 11969, 0.0015710919088766694
62, 12456, 88, 15399, 0.0005443658138268917
62, 12456, 86, 11457, 0.0007974481658692185
62, 12456, 3, 11465, 0.0011630160883892228
62, 12456, 24, 14573, 0.0010970927043335162
62, 12456, 55, 19925, 0.0015594541910331384
62, 12456, 38, 20447, 0.0003862495171881035
62, 12456, 33, 18261, 0.0003748125937031484
62, 12456, 20, 19427, 0.0008896797153024911
62, 12456, 10, 13932, 0.010241545893719806
62, 12456, 7, 13692, 0.0009474182851729038
62, 12456, 3, 410857, 0.0016429353778751369
62, 12456, 1, 44624, 0.0011103708638685321
62, 12456, 29, 11432, 0.0032193158953722333
62, 12456, 13, 11413, 0.001780767708745548
62, 12456, 27, 11403, 0.0018013381369016985
62, 12456, 2, 11398, 0.002899387488703685
62, 12456, 4, 11398, 0.003758472976743423
62, 12456, 6, 11398, 0.00227028318795555
62, 12456, 12, 11399, 0.0024151990147901047
62, 12456, 101, 11400, 0.003262732953602831
62, 12456, 26, 11399, 0.0017979561298704311
62, 12456, 47, 11398, 0.0017488724375073965
62, 12456, 84, 11398, 0.0036046090733590735
62, 12456, 527, 11398, 0.0055549732732417985
62, 12456, 185, 11398, 0.0030251067684741815
62, 12456, 757, 11398, 0.003920515574650913
62, 12456, 283, 11398, 0.0023865429770199005
62, 12456, 414, 11398, 0.006514577295583464
62, 12456, 2070, 11400, 0.0006779661016949153
62, 12456, 1246, 11398, 0.0031238417959443005
7, 11427, 123, 11670, 0.0012994245405606088
7, 11427, 16, 11696, 0.0028093833403567917
7, 11427, 33, 11491, 0.0013177400757700543
7, 11427, 15, 11645, 0.004306751875520978
7, 11427, 35, 13487, 0.001003848084323239
7, 11427, 19, 11969, 0.00473593570608496
7, 11427, 88, 15399, 0.0027104591836734694
7, 11427, 86, 11457, 0.0040386557046011825
7, 11427, 3, 11465, 0.009553805774278215
7, 11427, 24, 14573, 0.002235707441711913
7, 11427, 55, 19925, 0.0030004286326618087
7, 11427, 21, 18831, 0.0013521634615384615
7, 11427, 38, 20447, 0.0024202733485193624
7, 11427, 33, 18261, 0.0046564131508395655
7, 11427, 20, 19427, 0.003590664272890485
7, 11427, 10, 13932, 0.006865702694268178
7, 11427, 7, 13692, 0.004283965728274173
7, 11427, 3, 410857, 0.006216696269982238
7, 11427, 1, 44624, 0.007421567525019678
7, 11427, 29, 11432, 0.0021648145475537594
7, 11427, 13, 11413, 0.006879034818499312
7, 11427, 27, 11403, 0.004816955684007707
7, 11427, 2, 11398, 0.01942064364871234
7, 11427, 4, 11398, 0.017919756725726876
7, 11427, 6, 11398, 0.017516160190207297
7, 11427, 12, 11399, 0.016346264533210544
7, 11427, 101, 11400, 0.023233695652173914
7, 11427, 26, 11399, 0.018356545336293703
7, 11427, 47, 11398, 0.022340277161440835
7, 11427, 84, 11398, 0.028317327887136257
7, 11427, 527, 11398, 0.019537652031398258
7, 11427, 185, 11398, 0.021536285797734155
7, 11427, 757, 11398, 0.019020781965480803
7, 11427, 3114, 11398, 0.013547033008967754
7, 11427, 283, 11398, 0.023369899713985735
7, 11427, 414, 11398, 0.023333408992895568
7, 11427, 2070, 11400, 0.02632243403610655
7, 11427, 1246, 11398, 0.015274463007159905
123, 11670, 16, 11696, 0.000858000858000858
123, 11670, 15, 11645, 0.00041288191577208916
123, 11670, 35, 13487, 0.0008503401360544217
123, 11670, 19, 11969, 0.00045578851412944393
123, 11670, 88, 15399, 0.0006747638326585695
123, 11670, 86, 11457, 0.0009289363678588017
123, 11670, 3, 11465, 0.0008322929671244278
123, 11670, 24, 14573, 0.0006807351940095302
123, 11670, 55, 19925, 0.0009041591320072332
123, 11670, 38, 20447, 0.0013440860215053765
123, 11670, 33, 18261, 0.0008650519031141869
123, 11670, 20, 19427, 0.0009943652635067948
123, 11670, 10, 13932, 0.0008215239268843705
123, 11670, 3, 410857, 0.0005691519635742744
123, 11670, 1, 44624, 0.0007228915662650603
123, 11670, 29, 11432, 0.0004679457182966776
123, 11670, 13, 11413, 0.0008503401360544217
123, 11670, 27, 11403, 0.0002827254735651682
123, 11670, 2, 11398, 0.0013973337361682843
123, 11670, 4, 11398, 0.0013504388926401081
123, 11670, 6, 11398, 0.0014227886657849384
123, 11670, 12, 11399, 0.0012713185732447408
123, 11670, 101, 11400, 0.00016869095816464237
123, 11670, 26, 11399, 0.001257261265875834
123, 11670, 47, 11398, 0.0016776750330250991
123, 11670, 84, 11398, 0.0016192248906644875
123, 11670, 527, 11398, 0.006574024585783004
123, 11670, 185, 11398, 0.0021457832108719684
123, 11670, 757, 11398, 0.004106663746372447
123, 11670, 283, 11398, 0.0022670025188916876
123, 11670, 414, 11398, 0.001715991047003233
123, 11670, 2070, 11400, 0.004561003420752566
123, 11670, 1246, 11398, 0.0051905920519059205
16, 11696, 33, 11491, 0.000663129973474801
16, 11696, 15, 11645, 0.002646139042578783
16, 11696, 35, 13487, 0.00034234851078397807
16, 11696, 19, 11969, 0.004077471967380225
16, 11696, 88, 15399, 0.002484472049689441
16, 11696, 86, 11457, 0.002570694087403599
16, 11696, 3, 11465, 0.0032139577594123047
16, 11696, 24, 14573, 0.001557632398753894
16, 11696, 55, 19925, 0.0038032454361054766
16, 11696, 21, 18831, 0.004739336492890996
16, 11696, 38, 20447, 0.0025188916876574307
16, 11696, 33, 18261, 0.0022222222222222222
16, 11696, 20, 19427, 0.004214963119072708
16, 11696, 10, 13932, 0.006846188954815153
16, 11696, 7, 13692, 0.003150057273768614
16, 11696, 3, 410857, 0.005631920580374188
16, 11696, 1, 44624, 0.0025497195308516064
16, 11696, 29, 11432, 0.00883346323720447
16, 11696, 13, 11413, 0.004983647406945959
16, 11696, 27, 11403, 0.0024667931688804553
16, 11696, 2, 11398, 0.0071235659951931415
16, 11696, 4, 11398, 0.00823701984299692
16, 11696, 6, 11398, 0.006304237848776121
16, 11696, 12, 11399, 0.0068875079743874485
16, 11696, 101, 11400, 0.0054566045506022854
16, 11696, 26, 11399, 0.0064801752514652075
16, 11696, 47, 11398, 0.00793908603058692
16, 11696, 84, 11398, 0.00948064492161379
16, 11696, 527, 11398, 0.009616328132666078
16, 11696, 185, 11398, 0.012214983713355049
16, 11696, 757, 11398, 0.009297416825811639
16, 11696, 3114, 11398, 0.00934205258241025
16, 11696, 283, 11398, 0.012094713531315655
16, 11696, 414, 11398, 0.01289498421268288
16, 11696, 2070, 11400, 0.008790032867079417
16, 11696, 1246, 11398, 0.012093763997412034
33, 11491, 15, 11645, 0.001288659793814433
33, 11491, 19, 11969, 0.0024364775495997215
33, 11491, 88, 15399, 0.002311604253351826
33, 11491, 86, 11457, 0.001763668430335097
33, 11491, 3, 11465, 0.0012755102040816326
33, 11491, 24, 14573, 0.00046425255338904364
33, 11491, 55, 19925, 0.002767208578346593
33, 11491, 21, 18831, 0.0015748031496062992
33, 11491, 38, 20447, 0.0010284538909838875
33, 11491, 33, 18261, 0.000333555703802535
33, 11491, 20, 19427, 0.0021639166892074655
33, 11491, 10, 13932, 0.0012610340479192938
33, 11491, 7, 13692, 0.0004095004095004095
33, 11491, 3, 410857, 0.0016915107305211967
33, 11491, 1, 44624, 0.001448975367418754
33, 11491, 29, 11432, 0.0024857954545454545
33, 11491, 13, 11413, 0.0020438498699368265
33, 11491, 27, 11403, 0.0026115859449192783
33, 11491, 2, 11398, 0.003414207103551776
33, 11491, 4, 11398, 0.0035252643948296123
33, 11491, 6, 11398, 0.0029499693123997703
33, 11491, 12, 11399, 0.002548984575069978
33, 11491, 101, 11400, 0.0017896849069906177
33, 11491, 26, 11399, 0.0020342587669617885
33, 11491, 47, 11398, 0.0038573565299535543
33, 11491, 84, 11398, 0.003150173259529274
33, 11491, 527, 11398, 0.0039607016099994855
33, 11491, 185, 11398, 0.003703524789462667
33, 11491, 757, 11398, 0.0032698697326090397
33, 11491, 3114, 11398, 0.0012317167051578138
33, 11491, 283, 11398, 0.009203989679208225
33, 11491, 414, 11398, 0.007030827474310438
33, 11491, 2070, 11400, 0.0009896091044037606
33, 11491, 1246, 11398, 0.005057615099848793
15, 11645, 35, 13487, 0.00033211557622052476
15, 11645, 19, 11969, 0.002238249191743347
15, 11645, 88, 15399, 0.0018115942028985507
15, 11645, 86, 11457, 0.0020090406830738324
15, 11645, 3, 11465, 0.003170289855072464
15, 11645, 24, 14573, 0.0012117540139351712
15, 11645, 55, 19925, 0.0012363996043521265
15, 11645, 21, 18831, 0.004623334239869459
15, 11645, 38, 20447, 0.0017228648781688408
15, 11645, 33, 18261, 0.0029006526468455403
15, 11645, 20, 19427, 0.0022708505367464906
15, 11645, 10, 13932, 0.00539568345323741
15, 11645, 7, 13692, 0.0047539149888143175
15, 11645, 3, 410857, 0.007873268829444129
15, 11645, 1, 44624, 0.0026791694574681848
15, 11645, 29, 11432, 0.002270433905146317
15, 11645, 13, 11413, 0.007235221674876847
15, 11645, 27, 11403, 0.013200075429002452
15, 11645, 2, 11398, 0.0077266930001609726
15, 11645, 4, 11398, 0.009199735769410475
15, 11645, 6, 11398, 0.007212706806384509
15, 11645, 12, 11399, 0.006999032174303047
15, 11645, 101, 11400, 0.0031697341513292434
15, 11645, 26, 11399, 0.00609309144218435
15, 11645, 47, 11398, 0.008505720259197215
15, 11645, 84, 11398, 0.008136467380027863
15, 11645, 527, 11398, 0.008096771046727149
15, 11645, 185, 11398, 0.013134375997446537
15, 11645, 757, 11398, 0.008196311659753111
15, 11645, 3114, 11398, 0.004594381727487529
15, 11645, 283, 11398, 0.010889874492780977
15, 11645, 414, 11398, 0.013695992297508725
15, 11645, 2070, 11400, 0.004915677229070559
15, 11645, 1246, 11398, 0.009239586936113445
35, 13487, 19, 11969, 0.0017992083483267362
35, 13487, 88, 15399, 0.0019342359767891683
35, 13487, 86, 11457, 0.0007293946024799417
35, 13487, 3, 11465, 0.00315867707172055
35, 13487, 24, 14573, 0.00048590864917395527
35, 13487, 55, 19925, 0.011913357400722021
35, 13487, 21, 18831, 0.0008176614881439084
35, 13487, 38, 20447, 0.0010634526763559022
35, 13487, 33, 18261, 0.0010344827586206897
35, 13487, 20, 19427, 0.001943364797334814
35, 13487, 10, 13932, 0.001834189288334556
35, 13487, 7, 13692, 0.0008528784648187633
35, 13487, 3, 410857, 0.0012810931995302659
35, 13487, 1, 44624, 0.001266891891891892
35, 13487, 29, 11432, 0.0018368846436443791
35, 13487, 13, 11413, 0.0013232514177693763
35, 13487, 27, 11403, 0.0009701673538685423
35, 13487, 2, 11398, 0.0028532455668322716
35, 13487, 4, 11398, 0.003170038236543678
35, 13487, 6, 11398, 0.002856122813280971
35, 13487, 12, 11399, 0.0023128554226922115
35, 13487, 26, 11399, 0.0015729453401494297
35, 13487, 47, 11398, 0.0035853591269059534
35, 13487, 84, 11398, 0.003004040434384247
35, 13487, 527, 11398, 0.00486341059602649
35, 13487, 185, 11398, 0.003725445924587943
35, 13487, 757, 11398, 0.004031616359874808
35, 13487, 3114, 11398, 0.0006247071685147587
35, 13487, 283, 11398, 0.006193022271800593
35, 13487, 414, 11398, 0.007568846921920071
35, 13487, 2070, 11400, 0.0006647831145088915
35, 13487, 1246, 11398, 0.0030331555276644703
19, 11969, 88, 15399, 0.0022705157314304248
19, 11969, 86, 11457, 0.002131060202450719
19, 11969, 3, 11465, 0.00265625
19, 11969, 24, 14573, 0.0009759271307742355
19, 11969, 55, 19925, 0.002098085496984002
19, 11969, 21, 18831, 0.0011554015020219526
19, 11969, 38, 20447, 0.0015641293013555788
19, 11969, 33, 18261, 0.0025568908207619537
19, 11969, 20, 19427, 0.003469963131641726
19, 11969, 10, 13932, 0.005118659841786877
19, 11969, 7, 13692, 0.001488095238095238
19, 11969, 3, 410857, 0.0016377649325626203
19, 11969, 1, 44624, 0.0017391304347826088
19, 11969, 29, 11432, 0.0010692328254477412
19, 11969, 13, 11413, 0.0030177890724269376
19, 11969, 27, 11403, 0.003119516474946383
19, 11969, 2, 11398, 0.005625704762022775
19, 11969, 4, 11398, 0.005623499460208505
19, 11969, 6, 11398, 0.004263935671034442
19, 11969, 12, 11399, 0.003976213512046629
19, 11969, 101, 11400, 0.00036106669417651006
19, 11969, 26, 11399, 0.004321461731565011
19, 11969, 47, 11398, 0.007337062573175491
19, 11969, 84, 11398, 0.004891425183428445
19, 11969, 527, 11398, 0.005460180038368833
19, 11969, 185, 11398, 0.012177169008224789
19, 11969, 757, 11398, 0.00488714228133817
19, 11969, 3114, 11398, 0.0017539125742039934
19, 11969, 283, 11398, 0.010821977522127248
19, 11969, 414, 11398, 0.013305593187536288
19, 11969, 2070, 11400, 0.0007662835249042146
19, 11969, 1246, 11398, 0.006678628389154705
88, 15399, 86, 11457, 0.00295955277869122
88, 15399, 3, 11465, 0.00140424784974548
88, 15399, 24, 14573, 0.0008463817181548879
88, 15399, 55, 19925, 0.0025798129635601417
88, 15399, 21, 18831, 0.0014545454545454545
88, 15399, 38, 20447, 0.0016
88, 15399, 33, 18261, 0.0006236357966947302
88, 15399, 20, 19427, 0.0017911975435005118
88, 15399, 10, 13932, 0.001388888888888889
88, 15399, 7, 13692, 0.0018882175226586104
88, 15399, 3, 410857, 0.00665211516474379
88, 15399, 1, 44624, 0.00099147332936744
88, 15399, 29, 11432, 0.0013205678441729944
88, 15399, 13, 11413, 0.002684323550465283
88, 15399, 27, 11403, 0.0065849227974568575
88, 15399, 2, 11398, 0.004558055895501885
88, 15399, 4, 11398, 0.004509858191823643
88, 15399, 6, 11398, 0.0037293553542887587
88, 15399, 12, 11399, 0.003591945478549425
88, 15399, 101, 11400, 0.00026770894683300313
88, 15399, 26, 11399, 0.004055318706457315
88, 15399, 47, 11398, 0.005043425861639834
88, 15399, 84, 11398, 0.004928543607873685
88, 15399, 527, 11398, 0.007301506254786826
88, 15399, 185, 11398, 0.007052572256662105
88, 15399, 757, 11398, 0.007121537414253548
88, 15399, 3114, 11398, 0.0005962140408406618
88, 15399, 283, 11398, 0.008045668748323818
88, 15399, 414, 11398, 0.0066746534314564435
88, 15399, 2070, 11400, 0.0017035775127768314
88, 15399, 1246, 11398, 0.00775755068266446
86, 11457, 3, 11465, 0.0036197670758577275
86, 11457, 24, 14573, 0.0016490765171503958
86, 11457, 55, 19925, 0.0013241525423728813
86, 11457, 21, 18831, 0.00029197080291970805
86, 11457, 38, 20447, 0.0015806111696522655
86, 11457, 33, 18261, 0.0025833118057349523
86, 11457, 20, 19427, 0.0032808398950131233
86, 11457, 10, 13932, 0.0024906600249066002
86, 11457, 7, 13692, 0.0018077734257306419
86, 11457, 3, 410857, 0.004169090556525112
86, 11457, 1, 44624, 0.004213483146067416
86, 11457, 29, 11432, 0.0013513513513513514
86, 11457, 13, 11413, 0.009004663129120438
86, 11457, 27, 11403, 0.004921259842519685
86, 11457, 2, 11398, 0.006839283054466015
86, 11457, 4, 11398, 0.006454736162659351
86, 11457, 6, 11398, 0.006876611705868563
86, 11457, 12, 11399, 0.005723272671372994
86, 11457, 101, 11400, 0.0071815154038301415
86, 11457, 26, 11399, 0.006771126720084611
86, 11457, 47, 11398, 0.0074982425993907675
86, 11457, 84, 11398, 0.010604975836763916
86, 11457, 527, 11398, 0.011302795954788817
86, 11457, 185, 11398, 0.008069017206461592
86, 11457, 757, 11398, 0.008409747200972694
86, 11457, 3114, 11398, 0.005719733079122974
86, 11457, 283, 11398, 0.008534716045644646
86, 11457, 414, 11398, 0.009797297297297298
86, 11457, 2070, 11400, 0.008754939180289766
86, 11457, 1246, 11398, 0.008101620324064814
3, 11465, 24, 14573, 0.0014074595355383533
3, 11465, 55, 19925, 0.004369538077403246
3, 11465, 21, 18831, 0.002472799208704253
3, 11465, 38, 20447, 0.003574759092322039
3, 11465, 33, 18261, 0.011764705882352941
3, 11465, 20, 19427, 0.0033250207813798837
3, 11465, 10, 13932, 0.004639346073124931
3, 11465, 7, 13692, 0.002514668901927913
3, 11465, 3, 410857, 0.006186204763377668
3, 11465, 1, 44624, 0.004437514991604701
3, 11465, 1, 11477, 0.0002181500872600349
3, 11465, 29, 11432, 0.003312825366777094
3, 11465, 13, 11413, 0.006537421100090171
3, 11465, 27, 11403, 0.014511700875931495
3, 11465, 2, 11398, 0.015147842947164324
3, 11465, 4, 11398, 0.011920509189374252
3, 11465, 6, 11398, 0.017287982880955063
3, 11465, 12, 11399, 0.014810357994122138
3, 11465, 101, 11400, 0.018322306019525284
3, 11465, 26, 11399, 0.01778825546506644
3, 11465, 47, 11398, 0.02033038468401866
3, 11465, 84, 11398, 0.019887886205947534
3, 11465, 527, 11398, 0.01590728827002732
3, 11465, 185, 11398, 0.018508496590540102
3, 11465, 757, 11398, 0.017774970675809798
3, 11465, 3114, 11398, 0.0129136400322841
3, 11465, 283, 11398, 0.018829099517436037
3, 11465, 414, 11398, 0.023929500011504568
3, 11465, 2070, 11400, 0.015746500777604977
3, 11465, 1246, 11398, 0.016712719493716017
24, 14573, 55, 19925, 0.0022661055357720947
24, 14573, 21, 18831, 0.001095690284879474
24, 14573, 38, 20447, 0.00128493414712496
24, 14573, 33, 18261, 0.0006261740763932373
24, 14573, 20, 19427, 0.0025693730729701952
24, 14573, 10, 13932, 0.0012178148921363954
24, 14573, 3, 410857, 0.0011385984887692785
24, 14573, 1, 44624, 0.0013922036595067622
24, 14573, 29, 11432, 0.0026560424966799467
24, 14573, 13, 11413, 0.0014331780723754925
24, 14573, 27, 11403, 0.0022675736961451248
24, 14573, 2, 11398, 0.002942863555876998
24, 14573, 4, 11398, 0.0028613698808304475
24, 14573, 6, 11398, 0.0027407524252701316
24, 14573, 12, 11399, 0.001923899102180419
24, 14573, 101, 11400, 0.0004287015701195006
24, 14573, 26, 11399, 0.0018909912714610213
24, 14573, 47, 11398, 0.003978797199136182
24, 14573, 84, 11398, 0.0027359576599339185
24, 14573, 527, 11398, 0.00586734693877551
24, 14573, 185, 11398, 0.006405716860876843
24, 14573, 757, 11398, 0.0035505430242272346
24, 14573, 3114, 11398, 0.00014927601134497685
24, 14573, 283, 11398, 0.007352800382958353
24, 14573, 414, 11398, 0.008674982233440341
24, 14573, 2070, 11400, 0.004642449910408861
24, 14573, 1246, 11398, 0.004798761609907121
55, 19925, 21, 18831, 0.004033419763756842
55, 19925, 38, 20447, 0.0015564202334630351
55, 19925, 33, 18261, 0.001525165226232842
55, 19925, 20, 19427, 0.002805957263112454
55, 19925, 10, 13932, 0.009474992233612924
55, 19925, 7, 13692, 0.0005913660555884093
55, 19925, 3, 410857, 0.003468208092485549
55, 19925, 1, 44624, 0.0022545959070412766
55, 19925, 29, 11432, 0.005073431241655541
55, 19925, 13, 11413, 0.006515175591927539
55, 19925, 27, 11403, 0.002134678827867262
55, 19925, 2, 11398, 0.006172839506172839
55, 19925, 4, 11398, 0.006189056330083004
55, 19925, 6, 11398, 0.005005648397023879
55, 19925, 12, 11399, 0.005303504565266179
55, 19925, 101, 11400, 0.003307664478784433
55, 19925, 26, 11399, 0.005138380721896613
55, 19925, 47, 11398, 0.008240041655818797
55, 19925, 84, 11398, 0.007667389818419567
55, 19925, 527, 11398, 0.008975686738669428
55, 19925, 185, 11398, 0.008672086720867209
55, 19925, 757, 11398, 0.0069605568445475635
55, 19925, 3114, 11398, 0.003910991233985165
55, 19925, 283, 11398, 0.01233326376107622
55, 19925, 414, 11398, 0.014427848652835943
55, 19925, 2070, 11400, 0.00538089015297102
55, 19925, 1246, 11398, 0.008228605625374027
21, 18831, 38, 20447, 0.004009163802978236
21, 18831, 33, 18261, 0.0033585222502099076
21, 18831, 20, 19427, 0.0025700934579439253
21, 18831, 10, 13932, 0.0026109660574412533
21, 18831, 7, 13692, 0.00033025099075297226
21, 18831, 3, 410857, 0.0013934507813277595
21, 18831, 1, 44624, 0.002032144836504711
21, 18831, 29, 11432, 0.003237198351971748
21, 18831, 13, 11413, 0.0016753224995811693
21, 18831, 27, 11403, 0.00291970802919708
21, 18831, 2, 11398, 0.004998943009562655
21, 18831, 4, 11398, 0.005360931603582592
21, 18831, 6, 11398, 0.0037018901184996574
21, 18831, 12, 11399, 0.0035284227476704124
21, 18831, 101, 11400, 0.0033166622795472492
21, 18831, 26, 11399, 0.0037260223561341368
21, 18831, 47, 11398, 0.0061729200652528545
21, 18831, 84, 11398, 0.005215395848544905
21, 18831, 527, 11398, 0.005099490050994901
21, 18831, 185, 11398, 0.007155205532078371
21, 18831, 757, 11398, 0.006467176512857363
21, 18831, 3114, 11398, 0.0018371961560203504
21, 18831, 283, 11398, 0.011875668244997709
21, 18831, 414, 11398, 0.01121954781084962
21, 18831, 2070, 11400, 0.0011802659532614682
21, 18831, 1246, 11398, 0.007507355179060566
38, 20447, 33, 18261, 0.002023779408044523
38, 20447, 20, 19427, 0.004520017219113216
38, 20447, 10, 13932, 0.003694581280788177
38, 20447, 7, 13692, 0.00176522506619594
38, 20447, 3, 410857, 0.0025936599423631124
38, 20447, 1, 44624, 0.0027662517289073307
38, 20447, 29, 11432, 0.005846399149614669
38, 20447, 13, 11413, 0.0025240574223063575
38, 20447, 27, 11403, 0.004066615027110767
38, 20447, 2, 11398, 0.006308405423493543
38, 20447, 4, 11398, 0.006770917298081574
38, 20447, 6, 11398, 0.004847092717681182
38, 20447, 12, 11399, 0.004851274787535411
38, 20447, 101, 11400, 0.008981880483879342
38, 20447, 26, 11399, 0.00597922763527859
38, 20447, 47, 11398, 0.008014780504306644
38, 20447, 84, 11398, 0.007290924210026134
38, 20447, 527, 11398, 0.00688298918387414
38, 20447, 185, 11398, 0.008669184554827812
38, 20447, 757, 11398, 0.0073084677419354835
38, 20447, 3114, 11398, 0.004575427264163639
38, 20447, 283, 11398, 0.014541238191184018
38, 20447, 414, 11398, 0.011898728066999735
38, 20447, 2070, 11400, 0.004601226993865031
38, 20447, 1246, 11398, 0.00967870684494113
33, 18261, 20, 19427, 0.0021114864864864866
33, 18261, 10, 13932, 0.0016697024893746206
33, 18261, 7, 13692, 0.0066454781854955215
33, 18261, 3, 410857, 0.004489445028178432
33, 18261, 1, 44624, 0.0017038677798602829
33, 18261, 1, 11477, 0.0004789272030651341
33, 18261, 29, 11432, 0.001295672454003628
33, 18261, 13, 11413, 0.00484148055598938
33, 18261, 27, 11403, 0.002475718910683679
33, 18261, 2, 11398, 0.005816543735458641
33, 18261, 4, 11398, 0.0056774318064848174
33, 18261, 6, 11398, 0.00485918093646135
33, 18261, 12, 11399, 0.004988972366046682
33, 18261, 101, 11400, 0.014136479392962944
33, 18261, 26, 11399, 0.004844694887300715
33, 18261, 47, 11398, 0.0077183955092971586
33, 18261, 84, 11398, 0.006222775357809583
33, 18261, 527, 11398, 0.010568226504128982
33, 18261, 185, 11398, 0.011750055876624413
33, 18261, 757, 11398, 0.008494596632319678
33, 18261, 3114, 11398, 0.0049287331823631274
33, 18261, 283, 11398, 0.010835854765506808
33, 18261, 414, 11398, 0.014123611781747947
33, 18261, 2070, 11400, 0.0074917819738552095
33, 18261, 1246, 11398, 0.008688312977857214
20, 19427, 10, 13932, 0.006059771381352431
20, 19427, 7, 13692, 0.0021525950729490554
20, 19427, 3, 410857, 0.004925226112653353
20, 19427, 1, 44624, 0.0013686131386861315
20, 19427, 1, 11477, 0.00035790980672870435
20, 19427, 29, 11432, 0.003513394817742644
20, 19427, 13, 11413, 0.004643309413254538
20, 19427, 27, 11403, 0.014098861899099712
20, 19427, 2, 11398, 0.008537755579066506
20, 19427, 4, 11398, 0.008870594617016864
20, 19427, 6, 11398, 0.007071891154370929
20, 19427, 12, 11399, 0.007245187460432835
20, 19427, 101, 11400, 0.010747850429914017
20, 19427, 26, 11399, 0.008138885405861366
20, 19427, 47, 11398, 0.010745605538119778
20, 19427, 84, 11398, 0.009741310809617706
20, 19427, 527, 11398, 0.007915442222011565
20, 19427, 185, 11398, 0.018177195881530443
20, 19427, 757, 11398, 0.010066624519768516
20, 19427, 3114, 11398, 0.007695126419934042
20, 19427, 283, 11398, 0.014080551238601682
20, 19427, 414, 11398, 0.014416682500475014
20, 19427, 2070, 11400, 0.005867864387134164
20, 19427, 1246, 11398, 0.014183028607265185
10, 13932, 7, 13692, 0.002987551867219917
10, 13932, 3, 410857, 0.00825107958050586
10, 13932, 1, 44624, 0.004882696201024175
10, 13932, 1, 11477, 0.00043047783039173483
10, 13932, 29, 11432, 0.0070555032925682035
10, 13932, 13, 11413, 0.00784489521461392
10, 13932, 27, 11403, 0.01124612202688728
10, 13932, 2, 11398, 0.01373689492968306
10, 13932, 4, 11398, 0.014021312394840156
10, 13932, 6, 11398, 0.01346732166539029
10, 13932, 12, 11399, 0.013756381528794845
10, 13932, 101, 11400, 0.019491916859122403
10, 13932, 26, 11399, 0.015178089584457636
10, 13932, 47, 11398, 0.018782984676034845
10, 13932, 84, 11398, 0.023394615317591703
10, 13932, 527, 11398, 0.01702520786590999
10, 13932, 185, 11398, 0.02313708451010211
10, 13932, 757, 11398, 0.015349400834791976
10, 13932, 3114, 11398, 0.012629046807657612
10, 13932, 283, 11398, 0.02222871117275614
10, 13932, 414, 11398, 0.022884293157665204
10, 13932, 2070, 11400, 0.01956465405545478
10, 13932, 1246, 11398, 0.01879397880110448
7, 13692, 3, 410857, 0.0024154589371980675
7, 13692, 1, 44624, 0.0016936394429808055
7, 13692, 29, 11432, 0.008229198415117342
7, 13692, 13, 11413, 0.006851661527920521
7, 13692, 27, 11403, 0.02236699239956569
7, 13692, 2, 11398, 0.004404957443631477
7, 13692, 4, 11398, 0.00450603776643164
7, 13692, 6, 11398, 0.004241365091208985
7, 13692, 12, 11399, 0.00499804114776869
7, 13692, 101, 11400, 0.005036581486586788
7, 13692, 26, 11399, 0.004875743464428973
7, 13692, 47, 11398, 0.005655399404419832
7, 13692, 84, 11398, 0.008579770906640713
7, 13692, 527, 11398, 0.006085906850417463
7, 13692, 185, 11398, 0.0077161236504804534
7, 13692, 757, 11398, 0.005981848184818482
7, 13692, 3114, 11398, 0.007206687806284232
7, 13692, 283, 11398, 0.007274112158430925
7, 13692, 414, 11398, 0.0068256898561989895
7, 13692, 2070, 11400, 0.009355509355509356
7, 13692, 1246, 11398, 0.00698124745209947
3, 410857, 1, 44624, 0.0040633888663145065
3, 410857, 1, 11477, 0.00011676786548341896
3, 410857, 29, 11432, 0.002909796314258002
3, 410857, 13, 11413, 0.01239021329987453
3, 410857, 27, 11403, 0.0029044934221766614
3, 410857, 2, 11398, 0.023037284025462262
3, 410857, 4, 11398, 0.02090484080956326
3, 410857, 6, 11398, 0.022425701681927625
3, 410857, 12, 11399, 0.024012687634024303
3, 410857, 101, 11400, 0.035789725399545655
3, 410857, 26, 11399, 0.03007872293898972
3, 410857, 47, 11398, 0.04136768660693262
3, 410857, 84, 11398, 0.03901001438607763
3, 410857, 527, 11398, 0.027517008095473375
3, 410857, 185, 11398, 0.03277985598746174
3, 410857, 757, 11398, 0.024631302602115667
3, 410857, 3114, 11398, 0.014692046030252587
3, 410857, 283, 11398, 0.034132284171110076
3, 410857, 414, 11398, 0.03214749526303464
3, 410857, 2070, 11400, 0.0332772579118915
3, 410857, 1246, 11398, 0.020685714285714286
1, 44624, 1, 11477, 0.0015298317185109638
1, 44624, 29, 11432, 0.002989799507562434
1, 44624, 13, 11413, 0.007919103313840156
1, 44624, 27, 11403, 0.004667609618104668
1, 44624, 2, 11398, 0.006332485773096017
1, 44624, 4, 11398, 0.010502519662789055
1, 44624, 6, 11398, 0.012979641262393097
1, 44624, 12, 11399, 0.01435612990433131
1, 44624, 101, 11400, 0.023046332231325763
1, 44624, 26, 11399, 0.017840098177355573
1, 44624, 47, 11398, 0.018316145913498536
1, 44624, 84, 11398, 0.015608392422940843
1, 44624, 527, 11398, 0.013346604533321269
1, 44624, 185, 11398, 0.015557355093904756
1, 44624, 757, 11398, 0.012761825495907892
1, 44624, 3114, 11398, 0.011426107577880781
1, 44624, 283, 11398, 0.016359692658358148
1, 44624, 414, 11398, 0.014203099699282906
1, 44624, 2070, 11400, 0.01356549908888439
1, 44624, 1246, 11398, 0.01298463789319678
1, 11477, 27, 11403, 0.0009063444108761329
1, 11477, 2, 11398, 0.0001386927577163607
1, 11477, 4, 11398, 0.00047895093230276305
1, 11477, 6, 11398, 0.00034183909432748184
1, 11477, 12, 11399, 0.0003484320557491289
1, 11477, 101, 11400, 0.0005697356426618049
1, 11477, 26, 11399, 0.0003265077662204394
1, 11477, 47, 11398, 0.0003704977902453225
1, 11477, 84, 11398, 0.0004094879883523417
1, 11477, 527, 11398, 0.0009144209563767415
1, 11477, 185, 11398, 0.000407179386950715
1, 11477, 757, 11398, 0.000718232044198895
1, 11477, 3114, 11398, 0.0023297491039426525
1, 11477, 283, 11398, 0.0004467841255657647
1, 11477, 414, 11398, 0.0004995753609431983
1, 11477, 2070, 11400, 0.0009806543639119193
1, 11477, 1246, 11398, 0.0010901558922925979
29, 11432, 13, 11413, 0.007080785323463148
29, 11432, 27, 11403, 0.013142174432497013
29, 11432, 2, 11398, 0.006653260842580869
29, 11432, 4, 11398, 0.006602737956864265
29, 11432, 6, 11398, 0.005954937717208794
29, 11432, 12, 11399, 0.005736318584489468
29, 11432, 101, 11400, 0.0029044136714900678
29, 11432, 26, 11399, 0.004370368670994976
29, 11432, 47, 11398, 0.007526139663276866
29, 11432, 84, 11398, 0.005985000371277939
29, 11432, 527, 11398, 0.008809700569166048
29, 11432, 185, 11398, 0.009198045415349238
29, 11432, 757, 11398, 0.007957021945162434
29, 11432, 3114, 11398, 0.007107709130672498
29, 11432, 283, 11398, 0.013660838296010199
29, 11432, 414, 11398, 0.013078543922110004
29, 11432, 2070, 11400, 0.004015133966489074
29, 11432, 1246, 11398, 0.009371554575523704
13, 11413, 27, 11403, 0.014842300556586271
13, 11413, 2, 11398, 0.017784589932608324
13, 11413, 4, 11398, 0.017346746897329825
13, 11413, 6, 11398, 0.016269938189264848
13, 11413, 12, 11399, 0.01608731456673278
13, 11413, 101, 11400, 0.008191817386902297
13, 11413, 26, 11399, 0.014714822904235437
13, 11413, 47, 11398, 0.01599989833265555
13, 11413, 84, 11398, 0.02406199021207178
13, 11413, 527, 11398, 0.01827780488886917
13, 11413, 185, 11398, 0.022432957636999613
13, 11413, 757, 11398, 0.017580425917535114
13, 11413, 3114, 11398, 0.014392160865571093
13, 11413, 283, 11398, 0.021772142634978137
13, 11413, 414, 11398, 0.024080267558528427
13, 11413, 2070, 11400, 0.016381673410781884
13, 11413, 1246, 11398, 0.019710847701149427
27, 11403, 2, 11398, 0.012059130221431638
27, 11403, 4, 11398, 0.012434492615531206
27, 11403, 6, 11398, 0.010964870389119181
27, 11403, 12, 11399, 0.013424943427640142
27, 11403, 101, 11400, 0.008559894946743835
27, 11403, 26, 11399, 0.008433939806155416
27, 11403, 47, 11398, 0.011634626497669222
27, 11403, 84, 11398, 0.010863367205205058
27, 11403, 527, 11398, 0.01453122816822691
27, 11403, 185, 11398, 0.016187135238874294
27, 11403, 757, 11398, 0.015455065827132226
27, 11403, 3114, 11398, 0.013993292471377356
27, 11403, 283, 11398, 0.018060960396223957
27, 11403, 414, 11398, 0.01909521676607181
27, 11403, 2070, 11400, 0.009886411442995372
27, 11403, 1246, 11398, 0.01574951666902438
2, 11398, 4, 11398, 0.18416125123912325
2, 11398, 6, 11398, 0.20504888124567733
2, 11398, 12, 11399, 0.2645689641750611
2, 11398, 101, 11400, 0.06335249442203489
2, 11398, 26, 11399, 0.26422714384244006
2, 11398, 47, 11398, 0.25254495136674815
2, 11398, 84, 11398, 0.2529500625836247
2, 11398, 527, 11398, 0.11168834121498727
2, 11398, 185, 11398, 0.2146405093252477
2, 11398, 757, 11398, 0.11476724602147088
2, 11398, 3114, 11398, 0.039442870980002695
2, 11398, 283, 11398, 0.19885331620952207
2, 11398, 414, 11398, 0.1841836075993366
2, 11398, 2070, 11400, 0.07503983258424295
2, 11398, 1246, 11398, 0.10260757519243159
4, 11398, 6, 11398, 0.1283973374295955
4, 11398, 12, 11399, 0.19050735683987274
4, 11398, 101, 11400, 0.06115063871468023
4, 11398, 26, 11399, 0.21414218576149593
4, 11398, 47, 11398, 0.2050845956240588
4, 11398, 84, 11398, 0.21001493337417676
4, 11398, 527, 11398, 0.11055226963008753
4, 11398, 185, 11398, 0.1932145305003427
4, 11398, 757, 11398, 0.11206591446409106
4, 11398, 3114, 11398, 0.042450745137661026
4, 11398, 283, 11398, 0.1790194323029122
4, 11398, 414, 11398, 0.1733373809079021
4, 11398, 2070, 11400, 0.07300275482093664
4, 11398, 1246, 11398, 0.10306118164130845
6, 11398, 12, 11399, 0.12899361022364217
6, 11398, 101, 11400, 0.0837339872866316
6, 11398, 26, 11399, 0.16375857385982706
6, 11398, 47, 11398, 0.1696808908153352
6, 11398, 84, 11398, 0.18479297159318073
6, 11398, 527, 11398, 0.10290527541105525
6, 11398, 185, 11398, 0.15712409854516654
6, 11398, 757, 11398, 0.10073953677366924
6, 11398, 3114, 11398, 0.046958863580328865
6, 11398, 283, 11398, 0.15857137946443917
6, 11398, 414, 11398, 0.15099934532290984
6, 11398, 2070, 11400, 0.09782196798816248
6, 11398, 1246, 11398, 0.0833864592630371
12, 11399, 101, 11400, 0.07279624084985775
12, 11399, 26, 11399, 0.18621391951682
12, 11399, 47, 11398, 0.23034408985558924
12, 11399, 84, 11398, 0.2735908694835039
12, 11399, 527, 11398, 0.1102755798090041
12, 11399, 185, 11398, 0.235651148079126
12, 11399, 757, 11398, 0.10985155787488762
12, 11399, 3114, 11398, 0.04168427974261425
12, 11399, 283, 11398, 0.20636414144129614
12, 11399, 414, 11398, 0.18972877950778502
12, 11399, 2070, 11400, 0.08057127150285177
12, 11399, 1246, 11398, 0.11168680373749877
101, 11400, 26, 11399, 0.10036889353263535
101, 11400, 47, 11398, 0.1004045517991909
101, 11400, 84, 11398, 0.053930738119312434
101, 11400, 527, 11398, 0.10317800502112547
101, 11400, 185, 11398, 0.051363424228281884
101, 11400, 757, 11398, 0.10924868121234822
101, 11400, 3114, 11398, 0.17319944951322697
101, 11400, 283, 11398, 0.058771121351766514
101, 11400, 414, 11398, 0.07123154912777695
101, 11400, 2070, 11400, 0.13293792012653222
101, 11400, 1246, 11398, 0.11321928460342146
26, 11399, 47, 11398, 0.18790057609288208
26, 11399, 84, 11398, 0.21255188630201627
26, 11399, 527, 11398, 0.12022779777574813
26, 11399, 185, 11398, 0.24879212696040554
26, 11399, 757, 11398, 0.12798686756680364
26, 11399, 3114, 11398, 0.05043864698703631
26, 11399, 283, 11398, 0.2627915327741306
26, 11399, 414, 11398, 0.21168305378831695
26, 11399, 2070, 11400, 0.08555676329855781
26, 11399, 1246, 11398, 0.14910071147642406
47, 11398, 84, 11398, 0.18690624055859545
47, 11398, 527, 11398, 0.1276641653280909
47, 11398, 185, 11398, 0.17463273151644126
47, 11398, 757, 11398, 0.15532865820534347
47, 11398, 3114, 11398, 0.057909162098668754
47, 11398, 283, 11398, 0.22499662312100804
47, 11398, 414, 11398, 0.24733295901179111
47, 11398, 2070, 11400, 0.08004534864888435
47, 11398, 1246, 11398, 0.17939113602654666
84, 11398, 527, 11398, 0.17087545589438505
84, 11398, 185, 11398, 0.18394462122480879
84, 11398, 757, 11398, 0.20146572577759328
84, 11398, 3114, 11398, 0.07205259839682969
84, 11398, 283, 11398, 0.20103799852591925
84, 11398, 414, 11398, 0.22361030856350397
84, 11398, 2070, 11400, 0.12619301655972756
84, 11398, 1246, 11398, 0.21768874746890368
527, 11398, 185, 11398, 0.19221930400525278
527, 11398, 757, 11398, 0.16792772084410817
527, 11398, 3114, 11398, 0.28021919557352626
527, 11398, 283, 11398, 0.12738053040311925
527, 11398, 414, 11398, 0.1354843716652762
527, 11398, 2070, 11400, 0.21678207071741715
527, 11398, 1246, 11398, 0.165474909827248
185, 11398, 757, 11398, 0.19117845622984023
185, 11398, 3114, 11398, 0.0846781387352612
185, 11398, 283, 11398, 0.1418230780133228
185, 11398, 414, 11398, 0.17773051623550193
185, 11398, 2070, 11400, 0.17891981530857776
185, 11398, 1246, 11398, 0.17173455727672596
757, 11398, 3114, 11398, 0.2983693256941384
757, 11398, 283, 11398, 0.19306590651509428
757, 11398, 414, 11398, 0.1522835583796664
757, 11398, 2070, 11400, 0.21968842668003175
757, 11398, 1246, 11398, 0.17266860277508875
3114, 11398, 283, 11398, 0.09913160941721343
3114, 11398, 414, 11398, 0.13812334317010955
3114, 11398, 2070, 11400, 0.28548312528895053
3114, 11398, 1246, 11398, 0.29504186147656847
283, 11398, 414, 11398, 0.15596075059430478
283, 11398, 2070, 11400, 0.21304676447217968
283, 11398, 1246, 11398, 0.21752339712250315
414, 11398, 2070, 11400, 0.2506174348942414
414, 11398, 1246, 11398, 0.2286708126910509
2070, 11400, 1246, 11398, 0.21412967313795803
