31, 12735, 50, 12860, 1
31, 12735, 36, 12116, 1
31, 12735, 60, 12370, 1
31, 12735, 48, 13096, 3
31, 12735, 76, 12776, 7
31, 12735, 41, 13114, 10
31, 12735, 14, 11452, 7
31, 12735, 34, 11472, 5
31, 12735, 119, 11833, 1
31, 12735, 28, 12051, 6
31, 12735, 105, 12960, 1
31, 12735, 32, 11773, 4
31, 12735, 30, 12673, 6
31, 12735, 62, 12456, 1
31, 12735, 7, 11427, 6
31, 12735, 123, 11670, 1
31, 12735, 16, 11696, 6
31, 12735, 33, 11491, 5
31, 12735, 15, 11645, 4
31, 12735, 35, 13487, 1
31, 12735, 19, 11969, 8
31, 12735, 88, 15399, 4
31, 12735, 86, 11457, 6
31, 12735, 3, 11465, 13
31, 12735, 24, 14573, 1
31, 12735, 55, 19925, 4
31, 12735, 21, 18831, 5
31, 12735, 38, 20447, 4
31, 12735, 33, 18261, 3
31, 12735, 20, 19427, 10
31, 12735, 10, 13932, 10
31, 12735, 3, 410857, 37
31, 12735, 1, 44624, 5
31, 12735, 29, 11432, 5
31, 12735, 13, 11413, 10
31, 12735, 27, 11403, 12
31, 12735, 2, 11398, 223
31, 12735, 4, 11398, 206
31, 12735, 6, 11398, 110
31, 12735, 12, 11399, 200
31, 12735, 101, 11400, 1
31, 12735, 26, 11399, 180
31, 12735, 47, 11398, 339
31, 12735, 84, 11398, 185
31, 12735, 527, 11398, 60
31, 12735, 185, 11398, 245
31, 12735, 757, 11398, 58
31, 12735, 3114, 11398, 4
31, 12735, 283, 11398, 433
31, 12735, 414, 11398, 255
31, 12735, 2070, 11400, 6
31, 12735, 1246, 11398, 99
50, 12860, 36, 12116, 3
50, 12860, 60, 12370, 1
50, 12860, 48, 13096, 2
50, 12860, 76, 12776, 2
50, 12860, 41, 13114, 6
50, 12860, 14, 11452, 4
50, 12860, 34, 11472, 6
50, 12860, 28, 12051, 3
50, 12860, 105, 12960, 2
50, 12860, 32, 11773, 3
50, 12860, 53, 12597, 1
50, 12860, 30, 12673, 5
50, 12860, 7, 11427, 11
50, 12860, 16, 11696, 9
50, 12860, 33, 11491, 2
50, 12860, 15, 11645, 47
50, 12860, 35, 13487, 2
50, 12860, 19, 11969, 7
50, 12860, 88, 15399, 2
50, 12860, 3, 11465, 12
50, 12860, 24, 14573, 6
50, 12860, 55, 19925, 9
50, 12860, 21, 18831, 8
50, 12860, 38, 20447, 3
50, 12860, 33, 18261, 41
50, 12860, 20, 19427, 8
50, 12860, 10, 13932, 5
50, 12860, 7, 13692, 4
50, 12860, 3, 410857, 8
50, 12860, 1, 44624, 5
50, 12860, 29, 11432, 2
50, 12860, 13, 11413, 55
50, 12860, 27, 11403, 10
50, 12860, 2, 11398, 204
50, 12860, 4, 11398, 177
50, 12860, 6, 11398, 85
50, 12860, 12, 11399, 167
50, 12860, 101, 11400, 95
50, 12860, 26, 11399, 135
50, 12860, 47, 11398, 181
50, 12860, 84, 11398, 155
50, 12860, 527, 11398, 70
50, 12860, 185, 11398, 128
50, 12860, 757, 11398, 71
50, 12860, 3114, 11398, 1
50, 12860, 283, 11398, 207
50, 12860, 414, 11398, 216
50, 12860, 2070, 11400, 16
50, 12860, 1246, 11398, 63
36, 12116, 60, 12370, 4
36, 12116, 48, 13096, 2
36, 12116, 76, 12776, 2
36, 12116, 41, 13114, 4
36, 12116, 14, 11452, 5
36, 12116, 34, 11472, 4
36, 12116, 28, 12051, 9
36, 12116, 32, 11773, 6
36, 12116, 30, 12673, 2
36, 12116, 62, 12456, 2
36, 12116, 7, 11427, 8
36, 12116, 123, 11670, 1
36, 12116, 16, 11696, 9
36, 12116, 33, 11491, 5
36, 12116, 15, 11645, 3
36, 12116, 35, 13487, 1
36, 12116, 19, 11969, 5
36, 12116, 88, 15399, 4
36, 12116, 86, 11457, 5
36, 12116, 3, 11465, 9
36, 12116, 24, 14573, 3
36, 12116, 55, 19925, 7
36, 12116, 21, 18831, 7
36, 12116, 38, 20447, 8
36, 12116, 33, 18261, 3
36, 12116, 20, 19427, 8
36, 12116, 10, 13932, 6
36, 12116, 7, 13692, 2
36, 12116, 3, 410857, 13
36, 12116, 1, 44624, 8
36, 12116, 29, 11432, 8
36, 12116, 13, 11413, 7
36, 12116, 27, 11403, 12
36, 12116, 2, 11398, 204
36, 12116, 4, 11398, 181
36, 12116, 6, 11398, 129
36, 12116, 12, 11399, 162
36, 12116, 101, 11400, 1
36, 12116, 26, 11399, 159
36, 12116, 47, 11398, 300
36, 12116, 84, 11398, 176
36, 12116, 527, 11398, 58
36, 12116, 185, 11398, 164
36, 12116, 757, 11398, 54
36, 12116, 3114, 11398, 7
36, 12116, 283, 11398, 419
36, 12116, 414, 11398, 261
36, 12116, 1246, 11398, 77
60, 12370, 48, 13096, 12
60, 12370, 76, 12776, 3
60, 12370, 41, 13114, 3
60, 12370, 14, 11452, 15
60, 12370, 34, 11472, 3
60, 12370, 119, 11833, 1
60, 12370, 28, 12051, 4
60, 12370, 105, 12960, 1
60, 12370, 32, 11773, 4
60, 12370, 53, 12597, 1
60, 12370, 30, 12673, 6
60, 12370, 62, 12456, 1
60, 12370, 7, 11427, 10
60, 12370, 16, 11696, 4
60, 12370, 33, 11491, 5
60, 12370, 15, 11645, 7
60, 12370, 35, 13487, 3
60, 12370, 19, 11969, 5
60, 12370, 88, 15399, 2
60, 12370, 86, 11457, 55
60, 12370, 3, 11465, 12
60, 12370, 24, 14573, 3
60, 12370, 55, 19925, 5
60, 12370, 21, 18831, 3
60, 12370, 33, 18261, 2
60, 12370, 20, 19427, 51
60, 12370, 10, 13932, 8
60, 12370, 7, 13692, 5
60, 12370, 3, 410857, 49
60, 12370, 1, 44624, 6
60, 12370, 29, 11432, 2
60, 12370, 13, 11413, 6
60, 12370, 27, 11403, 3
60, 12370, 2, 11398, 324
60, 12370, 4, 11398, 288
60, 12370, 6, 11398, 169
60, 12370, 12, 11399, 273
60, 12370, 101, 11400, 48
60, 12370, 26, 11399, 243
60, 12370, 47, 11398, 213
60, 12370, 84, 11398, 258
60, 12370, 527, 11398, 181
60, 12370, 185, 11398, 341
60, 12370, 757, 11398, 150
60, 12370, 3114, 11398, 2
60, 12370, 283, 11398, 136
60, 12370, 414, 11398, 424
60, 12370, 2070, 11400, 67
60, 12370, 1246, 11398, 81
48, 13096, 76, 12776, 2
48, 13096, 41, 13114, 2
48, 13096, 14, 11452, 58
48, 13096, 34, 11472, 1
48, 13096, 119, 11833, 1
48, 13096, 28, 12051, 8
48, 13096, 105, 12960, 4
48, 13096, 32, 11773, 1
48, 13096, 30, 12673, 16
48, 13096, 62, 12456, 3
48, 13096, 7, 11427, 17
48, 13096, 16, 11696, 43
48, 13096, 15, 11645, 7
48, 13096, 19, 11969, 3
48, 13096, 86, 11457, 6
48, 13096, 3, 11465, 15
48, 13096, 24, 14573, 2
48, 13096, 55, 19925, 9
48, 13096, 21, 18831, 5
48, 13096, 38, 20447, 9
48, 13096, 33, 18261, 3
48, 13096, 20, 19427, 22
48, 13096, 10, 13932, 6
48, 13096, 7, 13692, 5
48, 13096, 3, 410857, 29
48, 13096, 1, 44624, 10
48, 13096, 29, 11432, 4
48, 13096, 13, 11413, 47
48, 13096, 27, 11403, 6
48, 13096, 2, 11398, 320
48, 13096, 4, 11398, 264
48, 13096, 6, 11398, 165
48, 13096, 12, 11399, 346
48, 13096, 101, 11400, 92
48, 13096, 26, 11399, 251
48, 13096, 47, 11398, 292
48, 13096, 84, 11398, 263
48, 13096, 527, 11398, 72
48, 13096, 185, 11398, 187
48, 13096, 757, 11398, 84
48, 13096, 3114, 11398, 2
48, 13096, 283, 11398, 337
48, 13096, 414, 11398, 364
48, 13096, 2070, 11400, 5
48, 13096, 1246, 11398, 102
76, 12776, 41, 13114, 2
76, 12776, 14, 11452, 7
76, 12776, 34, 11472, 6
76, 12776, 119, 11833, 1
76, 12776, 28, 12051, 7
76, 12776, 105, 12960, 1
76, 12776, 32, 11773, 7
76, 12776, 53, 12597, 3
76, 12776, 30, 12673, 5
76, 12776, 7, 11427, 9
76, 12776, 123, 11670, 2
76, 12776, 16, 11696, 6
76, 12776, 33, 11491, 3
76, 12776, 15, 11645, 3
76, 12776, 35, 13487, 7
76, 12776, 19, 11969, 4
76, 12776, 88, 15399, 3
76, 12776, 86, 11457, 4
76, 12776, 3, 11465, 12
76, 12776, 24, 14573, 4
76, 12776, 55, 19925, 9
76, 12776, 21, 18831, 2
76, 12776, 38, 20447, 5
76, 12776, 33, 18261, 6
76, 12776, 20, 19427, 8
76, 12776, 10, 13932, 10
76, 12776, 3, 410857, 11
76, 12776, 1, 44624, 4
76, 12776, 29, 11432, 9
76, 12776, 13, 11413, 7
76, 12776, 27, 11403, 12
76, 12776, 2, 11398, 265
76, 12776, 4, 11398, 230
76, 12776, 6, 11398, 153
76, 12776, 12, 11399, 209
76, 12776, 101, 11400, 2
76, 12776, 26, 11399, 186
76, 12776, 47, 11398, 316
76, 12776, 84, 11398, 182
76, 12776, 527, 11398, 87
76, 12776, 185, 11398, 350
76, 12776, 757, 11398, 100
76, 12776, 3114, 11398, 1
76, 12776, 283, 11398, 492
76, 12776, 414, 11398, 319
76, 12776, 2070, 11400, 8
76, 12776, 1246, 11398, 69
41, 13114, 14, 11452, 10
41, 13114, 34, 11472, 5
41, 13114, 119, 11833, 1
41, 13114, 28, 12051, 6
41, 13114, 105, 12960, 2
41, 13114, 32, 11773, 8
41, 13114, 53, 12597, 1
41, 13114, 30, 12673, 8
41, 13114, 7, 11427, 9
41, 13114, 123, 11670, 3
41, 13114, 16, 11696, 6
41, 13114, 33, 11491, 3
41, 13114, 15, 11645, 8
41, 13114, 35, 13487, 1
41, 13114, 19, 11969, 7
41, 13114, 88, 15399, 5
41, 13114, 86, 11457, 6
41, 13114, 3, 11465, 12
41, 13114, 24, 14573, 2
41, 13114, 55, 19925, 9
41, 13114, 21, 18831, 8
41, 13114, 38, 20447, 6
41, 13114, 33, 18261, 5
41, 13114, 20, 19427, 10
41, 13114, 10, 13932, 12
41, 13114, 7, 13692, 4
41, 13114, 3, 410857, 11
41, 13114, 1, 44624, 15
41, 13114, 29, 11432, 7
41, 13114, 13, 11413, 11
41, 13114, 27, 11403, 9
41, 13114, 2, 11398, 291
41, 13114, 4, 11398, 261
41, 13114, 6, 11398, 143
41, 13114, 12, 11399, 225
41, 13114, 101, 11400, 1
41, 13114, 26, 11399, 194
41, 13114, 47, 11398, 404
41, 13114, 84, 11398, 225
41, 13114, 527, 11398, 76
41, 13114, 185, 11398, 561
41, 13114, 757, 11398, 89
41, 13114, 3114, 11398, 2
41, 13114, 283, 11398, 338
41, 13114, 414, 11398, 361
41, 13114, 2070, 11400, 8
41, 13114, 1246, 11398, 104
14, 11452, 34, 11472, 13
14, 11452, 119, 11833, 4
14, 11452, 28, 12051, 13
14, 11452, 105, 12960, 11
14, 11452, 32, 11773, 38
14, 11452, 53, 12597, 48
14, 11452, 30, 12673, 12
14, 11452, 62, 12456, 2
14, 11452, 7, 11427, 63
14, 11452, 123, 11670, 3
14, 11452, 16, 11696, 26
14, 11452, 33, 11491, 7
14, 11452, 15, 11645, 28
14, 11452, 35, 13487, 4
14, 11452, 19, 11969, 11
14, 11452, 88, 15399, 11
14, 11452, 86, 11457, 30
14, 11452, 3, 11465, 42
14, 11452, 24, 14573, 10
14, 11452, 55, 19925, 21
14, 11452, 21, 18831, 11
14, 11452, 38, 20447, 17
14, 11452, 33, 18261, 18
14, 11452, 20, 19427, 31
14, 11452, 10, 13932, 59
14, 11452, 7, 13692, 22
14, 11452, 3, 410857, 123
14, 11452, 1, 44624, 39
14, 11452, 1, 11477, 1
14, 11452, 29, 11432, 10
14, 11452, 13, 11413, 69
14, 11452, 27, 11403, 76
14, 11452, 2, 11398, 1004
14, 11452, 4, 11398, 823
14, 11452, 6, 11398, 582
14, 11452, 12, 11399, 1045
14, 11452, 101, 11400, 95
14, 11452, 26, 11399, 967
14, 11452, 47, 11398, 1052
14, 11452, 84, 11398, 1144
14, 11452, 527, 11398, 322
14, 11452, 185, 11398, 1254
14, 11452, 757, 11398, 253
14, 11452, 3114, 11398, 80
14, 11452, 283, 11398, 959
14, 11452, 414, 11398, 885
14, 11452, 2070, 11400, 150
14, 11452, 1246, 11398, 338
34, 11472, 28, 12051, 7
34, 11472, 105, 12960, 2
34, 11472, 32, 11773, 7
34, 11472, 30, 12673, 5
34, 11472, 62, 12456, 1
34, 11472, 7, 11427, 18
34, 11472, 123, 11670, 2
34, 11472, 16, 11696, 9
34, 11472, 33, 11491, 6
34, 11472, 15, 11645, 3
34, 11472, 35, 13487, 3
34, 11472, 19, 11969, 15
34, 11472, 88, 15399, 7
34, 11472, 86, 11457, 5
34, 11472, 3, 11465, 10
34, 11472, 24, 14573, 7
34, 11472, 55, 19925, 9
34, 11472, 21, 18831, 7
34, 11472, 38, 20447, 10
34, 11472, 33, 18261, 6
34, 11472, 20, 19427, 8
34, 11472, 10, 13932, 8
34, 11472, 7, 13692, 2
34, 11472, 3, 410857, 15
34, 11472, 1, 44624, 15
34, 11472, 1, 11477, 1
34, 11472, 29, 11432, 12
34, 11472, 13, 11413, 16
34, 11472, 27, 11403, 16
34, 11472, 2, 11398, 324
34, 11472, 4, 11398, 237
34, 11472, 6, 11398, 174
34, 11472, 12, 11399, 238
34, 11472, 26, 11399, 226
34, 11472, 47, 11398, 458
34, 11472, 84, 11398, 243
34, 11472, 527, 11398, 114
34, 11472, 185, 11398, 437
34, 11472, 757, 11398, 93
34, 11472, 3114, 11398, 2
34, 11472, 283, 11398, 432
34, 11472, 414, 11398, 449
34, 11472, 2070, 11400, 7
34, 11472, 1246, 11398, 86
119, 11833, 28, 12051, 1
119, 11833, 105, 12960, 2
119, 11833, 32, 11773, 2
119, 11833, 53, 12597, 1
119, 11833, 7, 11427, 3
119, 11833, 16, 11696, 1
119, 11833, 15, 11645, 5
119, 11833, 19, 11969, 1
119, 11833, 88, 15399, 1
119, 11833, 86, 11457, 3
119, 11833, 3, 11465, 3
119, 11833, 24, 14573, 1
119, 11833, 55, 19925, 2
119, 11833, 21, 18831, 1
119, 11833, 33, 18261, 2
119, 11833, 20, 19427, 1
119, 11833, 10, 13932, 2
119, 11833, 7, 13692, 2
119, 11833, 3, 410857, 10
119, 11833, 1, 44624, 2
119, 11833, 29, 11432, 3
119, 11833, 13, 11413, 8
119, 11833, 27, 11403, 1
119, 11833, 2, 11398, 114
119, 11833, 4, 11398, 66
119, 11833, 6, 11398, 63
119, 11833, 12, 11399, 115
119, 11833, 101, 11400, 3
119, 11833, 26, 11399, 100
119, 11833, 47, 11398, 107
119, 11833, 84, 11398, 98
119, 11833, 527, 11398, 210
119, 11833, 185, 11398, 73
119, 11833, 757, 11398, 58
119, 11833, 283, 11398, 83
119, 11833, 414, 11398, 52
119, 11833, 2070, 11400, 30
119, 11833, 1246, 11398, 61
28, 12051, 105, 12960, 1
28, 12051, 32, 11773, 14
28, 12051, 53, 12597, 5
28, 12051, 30, 12673, 2
28, 12051, 62, 12456, 5
28, 12051, 7, 11427, 13
28, 12051, 123, 11670, 2
28, 12051, 16, 11696, 8
28, 12051, 33, 11491, 13
28, 12051, 15, 11645, 9
28, 12051, 35, 13487, 4
28, 12051, 19, 11969, 15
28, 12051, 88, 15399, 6
28, 12051, 86, 11457, 10
28, 12051, 3, 11465, 11
28, 12051, 55, 19925, 8
28, 12051, 21, 18831, 5
28, 12051, 38, 20447, 34
28, 12051, 33, 18261, 3
28, 12051, 20, 19427, 13
28, 12051, 10, 13932, 48
28, 12051, 7, 13692, 4
28, 12051, 3, 410857, 14
28, 12051, 1, 44624, 18
28, 12051, 29, 11432, 9
28, 12051, 13, 11413, 45
28, 12051, 27, 11403, 10
28, 12051, 2, 11398, 394
28, 12051, 4, 11398, 336
28, 12051, 6, 11398, 210
28, 12051, 12, 11399, 279
28, 12051, 101, 11400, 85
28, 12051, 26, 11399, 261
28, 12051, 47, 11398, 450
28, 12051, 84, 11398, 251
28, 12051, 527, 11398, 100
28, 12051, 185, 11398, 573
28, 12051, 757, 11398, 92
28, 12051, 3114, 11398, 10
28, 12051, 283, 11398, 549
28, 12051, 414, 11398, 303
28, 12051, 2070, 11400, 21
28, 12051, 1246, 11398, 116
105, 12960, 32, 11773, 1
105, 12960, 53, 12597, 2
105, 12960, 30, 12673, 3
105, 12960, 62, 12456, 2
105, 12960, 7, 11427, 18
105, 12960, 16, 11696, 73
105, 12960, 33, 11491, 1
105, 12960, 15, 11645, 5
105, 12960, 35, 13487, 1
105, 12960, 19, 11969, 2
105, 12960, 88, 15399, 5
105, 12960, 86, 11457, 1
105, 12960, 3, 11465, 10
105, 12960, 24, 14573, 66
105, 12960, 55, 19925, 1
105, 12960, 21, 18831, 51
105, 12960, 38, 20447, 7
105, 12960, 33, 18261, 7
105, 12960, 20, 19427, 7
105, 12960, 10, 13932, 23
105, 12960, 7, 13692, 3
105, 12960, 3, 410857, 12
105, 12960, 1, 44624, 14
105, 12960, 29, 11432, 3
105, 12960, 13, 11413, 16
105, 12960, 27, 11403, 8
105, 12960, 2, 11398, 262
105, 12960, 4, 11398, 245
105, 12960, 6, 11398, 122
105, 12960, 12, 11399, 239
105, 12960, 26, 11399, 221
105, 12960, 47, 11398, 287
105, 12960, 84, 11398, 234
105, 12960, 527, 11398, 206
105, 12960, 185, 11398, 283
105, 12960, 757, 11398, 100
105, 12960, 283, 11398, 145
105, 12960, 414, 11398, 329
105, 12960, 2070, 11400, 14
105, 12960, 1246, 11398, 153
32, 11773, 53, 12597, 2
32, 11773, 30, 12673, 2
32, 11773, 62, 12456, 4
32, 11773, 7, 11427, 11
32, 11773, 123, 11670, 1
32, 11773, 16, 11696, 8
32, 11773, 33, 11491, 4
32, 11773, 15, 11645, 4
32, 11773, 35, 13487, 5
32, 11773, 19, 11969, 8
32, 11773, 88, 15399, 5
32, 11773, 86, 11457, 6
32, 11773, 3, 11465, 14
32, 11773, 24, 14573, 2
32, 11773, 55, 19925, 6
32, 11773, 21, 18831, 9
32, 11773, 38, 20447, 10
32, 11773, 33, 18261, 4
32, 11773, 20, 19427, 9
32, 11773, 10, 13932, 8
32, 11773, 7, 13692, 24
32, 11773, 3, 410857, 14
32, 11773, 1, 44624, 9
32, 11773, 29, 11432, 10
32, 11773, 13, 11413, 12
32, 11773, 27, 11403, 13
32, 11773, 2, 11398, 331
32, 11773, 4, 11398, 291
32, 11773, 6, 11398, 149
32, 11773, 12, 11399, 250
32, 11773, 26, 11399, 217
32, 11773, 47, 11398, 415
32, 11773, 84, 11398, 226
32, 11773, 527, 11398, 69
32, 11773, 185, 11398, 459
32, 11773, 757, 11398, 70
32, 11773, 3114, 11398, 5
32, 11773, 283, 11398, 462
32, 11773, 414, 11398, 312
32, 11773, 1246, 11398, 86
53, 12597, 30, 12673, 2
53, 12597, 62, 12456, 1
53, 12597, 7, 11427, 6
53, 12597, 123, 11670, 2
53, 12597, 16, 11696, 4
53, 12597, 15, 11645, 8
53, 12597, 19, 11969, 1
53, 12597, 88, 15399, 1
53, 12597, 86, 11457, 36
53, 12597, 3, 11465, 12
53, 12597, 24, 14573, 1
53, 12597, 55, 19925, 3
53, 12597, 21, 18831, 3
53, 12597, 38, 20447, 3
53, 12597, 33, 18261, 2
53, 12597, 20, 19427, 47
53, 12597, 10, 13932, 9
53, 12597, 7, 13692, 1
53, 12597, 3, 410857, 11
53, 12597, 1, 44624, 8
53, 12597, 1, 11477, 1
53, 12597, 29, 11432, 2
53, 12597, 13, 11413, 13
53, 12597, 27, 11403, 8
53, 12597, 2, 11398, 297
53, 12597, 4, 11398, 227
53, 12597, 6, 11398, 140
53, 12597, 12, 11399, 248
53, 12597, 26, 11399, 161
53, 12597, 47, 11398, 179
53, 12597, 84, 11398, 238
53, 12597, 527, 11398, 94
53, 12597, 185, 11398, 204
53, 12597, 757, 11398, 83
53, 12597, 3114, 11398, 1
53, 12597, 283, 11398, 161
53, 12597, 414, 11398, 339
53, 12597, 2070, 11400, 18
53, 12597, 1246, 11398, 74
30, 12673, 62, 12456, 1
30, 12673, 7, 11427, 31
30, 12673, 123, 11670, 1
30, 12673, 16, 11696, 12
30, 12673, 33, 11491, 2
30, 12673, 15, 11645, 11
30, 12673, 35, 13487, 3
30, 12673, 19, 11969, 15
30, 12673, 88, 15399, 5
30, 12673, 86, 11457, 5
30, 12673, 3, 11465, 14
30, 12673, 24, 14573, 1
30, 12673, 55, 19925, 5
30, 12673, 21, 18831, 4
30, 12673, 38, 20447, 4
30, 12673, 33, 18261, 6
30, 12673, 20, 19427, 62
30, 12673, 10, 13932, 37
30, 12673, 7, 13692, 3
30, 12673, 3, 410857, 61
30, 12673, 1, 44624, 4
30, 12673, 29, 11432, 4
30, 12673, 13, 11413, 18
30, 12673, 27, 11403, 10
30, 12673, 2, 11398, 327
30, 12673, 4, 11398, 295
30, 12673, 6, 11398, 189
30, 12673, 12, 11399, 253
30, 12673, 26, 11399, 228
30, 12673, 47, 11398, 372
30, 12673, 84, 11398, 270
30, 12673, 527, 11398, 92
30, 12673, 185, 11398, 438
30, 12673, 757, 11398, 69
30, 12673, 3114, 11398, 9
30, 12673, 283, 11398, 491
30, 12673, 414, 11398, 346
30, 12673, 2070, 11400, 2
30, 12673, 1246, 11398, 106
62, 12456, 7, 11427, 10
62, 12456, 123, 11670, 2
62, 12456, 16, 11696, 5
62, 12456, 33, 11491, 1
62, 12456, 15, 11645, 6
62, 12456, 35, 13487, 1
62, 12456, 19, 11969, 4
62, 12456, 88, 15399, 1
62, 12456, 86, 11457, 2
62, 12456, 3, 11465, 6
62, 12456, 24, 14573, 2
62, 12456, 55, 19925, 4
62, 12456, 38, 20447, 1
62, 12456, 33, 18261, 1
62, 12456, 20, 19427, 3
62, 12456, 10, 13932, 53
62, 12456, 7, 13692, 2
62, 12456, 3, 410857, 15
62, 12456, 1, 44624, 5
62, 12456, 29, 11432, 8
62, 12456, 13, 11413, 9
62, 12456, 27, 11403, 7
62, 12456, 2, 11398, 231
62, 12456, 4, 11398, 229
62, 12456, 6, 11398, 114
62, 12456, 12, 11399, 202
62, 12456, 101, 11400, 59
62, 12456, 26, 11399, 155
62, 12456, 47, 11398, 133
62, 12456, 84, 11398, 239
62, 12456, 527, 11398, 106
62, 12456, 185, 11398, 187
62, 12456, 757, 11398, 73
62, 12456, 283, 11398, 124
62, 12456, 414, 11398, 263
62, 12456, 2070, 11400, 8
62, 12456, 1246, 11398, 59
7, 11427, 123, 11670, 7
7, 11427, 16, 11696, 20
7, 11427, 33, 11491, 8
7, 11427, 15, 11645, 31
7, 11427, 35, 13487, 6
7, 11427, 19, 11969, 33
7, 11427, 88, 15399, 17
7, 11427, 86, 11457, 28
7, 11427, 3, 11465, 91
7, 11427, 24, 14573, 14
7, 11427, 55, 19925, 21
7, 11427, 21, 18831, 9
7, 11427, 38, 20447, 17
7, 11427, 33, 18261, 33
7, 11427, 20, 19427, 28
7, 11427, 10, 13932, 66
7, 11427, 7, 13692, 28
7, 11427, 3, 410857, 84
7, 11427, 1, 44624, 66
7, 11427, 29, 11432, 15
7, 11427, 13, 11413, 65
7, 11427, 27, 11403, 40
7, 11427, 2, 11398, 1607
7, 11427, 4, 11398, 1155
7, 11427, 6, 11398, 943
7, 11427, 12, 11399, 1420
7, 11427, 101, 11400, 513
7, 11427, 26, 11399, 1637
7, 11427, 47, 11398, 1762
7, 11427, 84, 11398, 1955
7, 11427, 527, 11398, 453
7, 11427, 185, 11398, 1401
7, 11427, 757, 11398, 432
7, 11427, 3114, 11398, 142
7, 11427, 283, 11398, 1291
7, 11427, 414, 11398, 1028
7, 11427, 2070, 11400, 417
7, 11427, 1246, 11398, 352
123, 11670, 16, 11696, 2
123, 11670, 15, 11645, 1
123, 11670, 35, 13487, 1
123, 11670, 19, 11969, 1
123, 11670, 88, 15399, 1
123, 11670, 86, 11457, 2
123, 11670, 3, 11465, 4
123, 11670, 24, 14573, 1
123, 11670, 55, 19925, 2
123, 11670, 38, 20447, 3
123, 11670, 33, 18261, 2
123, 11670, 20, 19427, 3
123, 11670, 10, 13932, 4
123, 11670, 3, 410857, 5
123, 11670, 1, 44624, 3
123, 11670, 29, 11432, 1
123, 11670, 13, 11413, 4
123, 11670, 27, 11403, 1
123, 11670, 2, 11398, 111
123, 11670, 4, 11398, 82
123, 11670, 6, 11398, 71
123, 11670, 12, 11399, 106
123, 11670, 101, 11400, 3
123, 11670, 26, 11399, 108
123, 11670, 47, 11398, 127
123, 11670, 84, 11398, 107
123, 11670, 527, 11398, 123
123, 11670, 185, 11398, 132
123, 11670, 757, 11398, 75
123, 11670, 283, 11398, 117
123, 11670, 414, 11398, 69
123, 11670, 2070, 11400, 52
123, 11670, 1246, 11398, 96
16, 11696, 33, 11491, 2
16, 11696, 15, 11645, 11
16, 11696, 35, 13487, 1
16, 11696, 19, 11969, 16
16, 11696, 88, 15399, 8
16, 11696, 86, 11457, 10
16, 11696, 3, 11465, 21
16, 11696, 24, 14573, 5
16, 11696, 55, 19925, 15
16, 11696, 21, 18831, 17
16, 11696, 38, 20447, 10
16, 11696, 33, 18261, 9
16, 11696, 20, 19427, 20
16, 11696, 10, 13932, 45
16, 11696, 7, 13692, 11
16, 11696, 3, 410857, 59
16, 11696, 1, 44624, 15
16, 11696, 29, 11432, 34
16, 11696, 13, 11413, 32
16, 11696, 27, 11403, 13
16, 11696, 2, 11398, 575
16, 11696, 4, 11398, 511
16, 11696, 6, 11398, 324
16, 11696, 12, 11399, 583
16, 11696, 101, 11400, 106
16, 11696, 26, 11399, 565
16, 11696, 47, 11398, 611
16, 11696, 84, 11398, 638
16, 11696, 527, 11398, 196
16, 11696, 185, 11398, 765
16, 11696, 757, 11398, 185
16, 11696, 3114, 11398, 70
16, 11696, 283, 11398, 639
16, 11696, 414, 11398, 535
16, 11696, 2070, 11400, 115
16, 11696, 1246, 11398, 243
33, 11491, 15, 11645, 4
33, 11491, 19, 11969, 7
33, 11491, 88, 15399, 5
33, 11491, 86, 11457, 5
33, 11491, 3, 11465, 7
33, 11491, 24, 14573, 1
33, 11491, 55, 19925, 8
33, 11491, 21, 18831, 4
33, 11491, 38, 20447, 3
33, 11491, 33, 18261, 1
33, 11491, 20, 19427, 8
33, 11491, 10, 13932, 7
33, 11491, 7, 13692, 1
33, 11491, 3, 410857, 16
33, 11491, 1, 44624, 7
33, 11491, 29, 11432, 7
33, 11491, 13, 11413, 11
33, 11491, 27, 11403, 11
33, 11491, 2, 11398, 273
33, 11491, 4, 11398, 216
33, 11491, 6, 11398, 149
33, 11491, 12, 11399, 214
33, 11491, 101, 11400, 33
33, 11491, 26, 11399, 176
33, 11491, 47, 11398, 294
33, 11491, 84, 11398, 210
33, 11491, 527, 11398, 77
33, 11491, 185, 11398, 230
33, 11491, 757, 11398, 62
33, 11491, 3114, 11398, 8
33, 11491, 283, 11398, 478
33, 11491, 414, 11398, 286
33, 11491, 2070, 11400, 12
33, 11491, 1246, 11398, 97
15, 11645, 35, 13487, 1
15, 11645, 19, 11969, 9
15, 11645, 88, 15399, 6
15, 11645, 86, 11457, 8
15, 11645, 3, 11465, 21
15, 11645, 24, 14573, 4
15, 11645, 55, 19925, 5
15, 11645, 21, 18831, 17
15, 11645, 38, 20447, 7
15, 11645, 33, 18261, 12
15, 11645, 20, 19427, 11
15, 11645, 10, 13932, 36
15, 11645, 7, 13692, 17
15, 11645, 3, 410857, 83
15, 11645, 1, 44624, 16
15, 11645, 29, 11432, 9
15, 11645, 13, 11413, 47
15, 11645, 27, 11403, 70
15, 11645, 2, 11398, 624
15, 11645, 4, 11398, 571
15, 11645, 6, 11398, 371
15, 11645, 12, 11399, 593
15, 11645, 101, 11400, 62
15, 11645, 26, 11399, 532
15, 11645, 47, 11398, 655
15, 11645, 84, 11398, 549
15, 11645, 527, 11398, 166
15, 11645, 185, 11398, 823
15, 11645, 757, 11398, 164
15, 11645, 3114, 11398, 35
15, 11645, 283, 11398, 577
15, 11645, 414, 11398, 569
15, 11645, 2070, 11400, 65
15, 11645, 1246, 11398, 187
35, 13487, 19, 11969, 5
35, 13487, 88, 15399, 4
35, 13487, 86, 11457, 2
35, 13487, 3, 11465, 17
35, 13487, 24, 14573, 1
35, 13487, 55, 19925, 33
35, 13487, 21, 18831, 2
35, 13487, 38, 20447, 3
35, 13487, 33, 18261, 3
35, 13487, 20, 19427, 7
35, 13487, 10, 13932, 10
35, 13487, 7, 13692, 2
35, 13487, 3, 410857, 12
35, 13487, 1, 44624, 6
35, 13487, 29, 11432, 5
35, 13487, 13, 11413, 7
35, 13487, 27, 11403, 4
35, 13487, 2, 11398, 228
35, 13487, 4, 11398, 194
35, 13487, 6, 11398, 144
35, 13487, 12, 11399, 194
35, 13487, 26, 11399, 136
35, 13487, 47, 11398, 273
35, 13487, 84, 11398, 200
35, 13487, 527, 11398, 94
35, 13487, 185, 11398, 231
35, 13487, 757, 11398, 76
35, 13487, 3114, 11398, 4
35, 13487, 283, 11398, 322
35, 13487, 414, 11398, 307
35, 13487, 2070, 11400, 8
35, 13487, 1246, 11398, 58
19, 11969, 88, 15399, 7
19, 11969, 86, 11457, 8
19, 11969, 3, 11465, 17
19, 11969, 24, 14573, 3
19, 11969, 55, 19925, 8
19, 11969, 21, 18831, 4
19, 11969, 38, 20447, 6
19, 11969, 33, 18261, 10
19, 11969, 20, 19427, 16
19, 11969, 10, 13932, 33
19, 11969, 7, 13692, 5
19, 11969, 3, 410857, 17
19, 11969, 1, 44624, 10
19, 11969, 29, 11432, 4
19, 11969, 13, 11413, 19
19, 11969, 27, 11403, 16
19, 11969, 2, 11398, 454
19, 11969, 4, 11398, 349
19, 11969, 6, 11398, 219
19, 11969, 12, 11399, 337
19, 11969, 101, 11400, 7
19, 11969, 26, 11399, 377
19, 11969, 47, 11398, 564
19, 11969, 84, 11398, 330
19, 11969, 527, 11398, 111
19, 11969, 185, 11398, 761
19, 11969, 757, 11398, 97
19, 11969, 3114, 11398, 13
19, 11969, 283, 11398, 571
19, 11969, 414, 11398, 550
19, 11969, 2070, 11400, 10
19, 11969, 1246, 11398, 134
88, 15399, 86, 11457, 9
88, 15399, 3, 11465, 8
88, 15399, 24, 14573, 2
88, 15399, 55, 19925, 8
88, 15399, 21, 18831, 4
88, 15399, 38, 20447, 5
88, 15399, 33, 18261, 2
88, 15399, 20, 19427, 7
88, 15399, 10, 13932, 8
88, 15399, 7, 13692, 5
88, 15399, 3, 410857, 64
88, 15399, 1, 44624, 5
88, 15399, 29, 11432, 4
88, 15399, 13, 11413, 15
88, 15399, 27, 11403, 29
88, 15399, 2, 11398, 365
88, 15399, 4, 11398, 277
88, 15399, 6, 11398, 189
88, 15399, 12, 11399, 302
88, 15399, 101, 11400, 5
88, 15399, 26, 11399, 351
88, 15399, 47, 11398, 385
88, 15399, 84, 11398, 329
88, 15399, 527, 11398, 143
88, 15399, 185, 11398, 438
88, 15399, 757, 11398, 136
88, 15399, 3114, 11398, 4
88, 15399, 283, 11398, 420
88, 15399, 414, 11398, 273
88, 15399, 2070, 11400, 21
88, 15399, 1246, 11398, 150
86, 11457, 3, 11465, 23
86, 11457, 24, 14573, 5
86, 11457, 55, 19925, 5
86, 11457, 21, 18831, 1
86, 11457, 38, 20447, 6
86, 11457, 33, 18261, 10
86, 11457, 20, 19427, 15
86, 11457, 10, 13932, 16
86, 11457, 7, 13692, 6
86, 11457, 3, 410857, 43
86, 11457, 1, 44624, 24
86, 11457, 29, 11432, 5
86, 11457, 13, 11413, 56
86, 11457, 27, 11403, 25
86, 11457, 2, 11398, 551
86, 11457, 4, 11398, 400
86, 11457, 6, 11398, 352
86, 11457, 12, 11399, 484
86, 11457, 101, 11400, 138
86, 11457, 26, 11399, 589
86, 11457, 47, 11398, 576
86, 11457, 84, 11398, 711
86, 11457, 527, 11398, 228
86, 11457, 185, 11398, 506
86, 11457, 757, 11398, 166
86, 11457, 3114, 11398, 42
86, 11457, 283, 11398, 451
86, 11457, 414, 11398, 406
86, 11457, 2070, 11400, 113
86, 11457, 1246, 11398, 162
3, 11465, 24, 14573, 8
3, 11465, 55, 19925, 28
3, 11465, 21, 18831, 15
3, 11465, 38, 20447, 23
3, 11465, 33, 18261, 76
3, 11465, 20, 19427, 24
3, 11465, 10, 13932, 42
3, 11465, 7, 13692, 15
3, 11465, 3, 410857, 80
3, 11465, 1, 44624, 37
3, 11465, 1, 11477, 1
3, 11465, 29, 11432, 21
3, 11465, 13, 11413, 58
3, 11465, 27, 11403, 111
3, 11465, 2, 11398, 1250
3, 11465, 4, 11398, 766
3, 11465, 6, 11398, 921
3, 11465, 12, 11399, 1280
3, 11465, 101, 11400, 396
3, 11465, 26, 11399, 1577
3, 11465, 47, 11398, 1595
3, 11465, 84, 11398, 1373
3, 11465, 527, 11398, 361
3, 11465, 185, 11398, 1197
3, 11465, 757, 11398, 394
3, 11465, 3114, 11398, 128
3, 11465, 283, 11398, 1034
3, 11465, 414, 11398, 1040
3, 11465, 2070, 11400, 243
3, 11465, 1246, 11398, 375
24, 14573, 55, 19925, 7
24, 14573, 21, 18831, 3
24, 14573, 38, 20447, 4
24, 14573, 33, 18261, 2
24, 14573, 20, 19427, 10
24, 14573, 10, 13932, 7
24, 14573, 3, 410857, 11
24, 14573, 1, 44624, 7
24, 14573, 29, 11432, 8
24, 14573, 13, 11413, 8
24, 14573, 27, 11403, 10
24, 14573, 2, 11398, 236
24, 14573, 4, 11398, 176
24, 14573, 6, 11398, 139
24, 14573, 12, 11399, 162
24, 14573, 101, 11400, 8
24, 14573, 26, 11399, 164
24, 14573, 47, 11398, 304
24, 14573, 84, 11398, 183
24, 14573, 527, 11398, 115
24, 14573, 185, 11398, 398
24, 14573, 757, 11398, 68
24, 14573, 3114, 11398, 1
24, 14573, 283, 11398, 384
24, 14573, 414, 11398, 354
24, 14573, 2070, 11400, 57
24, 14573, 1246, 11398, 93
55, 19925, 21, 18831, 14
55, 19925, 38, 20447, 6
55, 19925, 33, 18261, 6
55, 19925, 20, 19427, 13
55, 19925, 10, 13932, 61
55, 19925, 7, 13692, 2
55, 19925, 3, 410857, 36
55, 19925, 1, 44624, 13
55, 19925, 29, 11432, 19
55, 19925, 13, 11413, 41
55, 19925, 27, 11403, 11
55, 19925, 2, 11398, 498
55, 19925, 4, 11398, 384
55, 19925, 6, 11398, 257
55, 19925, 12, 11399, 449
55, 19925, 101, 11400, 64
55, 19925, 26, 11399, 448
55, 19925, 47, 11398, 633
55, 19925, 84, 11398, 516
55, 19925, 527, 11398, 182
55, 19925, 185, 11398, 544
55, 19925, 757, 11398, 138
55, 19925, 3114, 11398, 29
55, 19925, 283, 11398, 650
55, 19925, 414, 11398, 596
55, 19925, 2070, 11400, 70
55, 19925, 1246, 11398, 165
21, 18831, 38, 20447, 14
21, 18831, 33, 18261, 12
21, 18831, 20, 19427, 11
21, 18831, 10, 13932, 16
21, 18831, 7, 13692, 1
21, 18831, 3, 410857, 14
21, 18831, 1, 44624, 11
21, 18831, 29, 11432, 11
21, 18831, 13, 11413, 10
21, 18831, 27, 11403, 14
21, 18831, 2, 11398, 402
21, 18831, 4, 11398, 331
21, 18831, 6, 11398, 189
21, 18831, 12, 11399, 298
21, 18831, 101, 11400, 63
21, 18831, 26, 11399, 324
21, 18831, 47, 11398, 473
21, 18831, 84, 11398, 350
21, 18831, 527, 11398, 102
21, 18831, 185, 11398, 447
21, 18831, 757, 11398, 126
21, 18831, 3114, 11398, 13
21, 18831, 283, 11398, 622
21, 18831, 414, 11398, 461
21, 18831, 2070, 11400, 15
21, 18831, 1246, 11398, 148
38, 20447, 33, 18261, 8
38, 20447, 20, 19427, 21
38, 20447, 10, 13932, 24
38, 20447, 7, 13692, 6
38, 20447, 3, 410857, 27
38, 20447, 1, 44624, 16
38, 20447, 29, 11432, 22
38, 20447, 13, 11413, 16
38, 20447, 27, 11403, 21
38, 20447, 2, 11398, 509
38, 20447, 4, 11398, 420
38, 20447, 6, 11398, 249
38, 20447, 12, 11399, 411
38, 20447, 101, 11400, 173
38, 20447, 26, 11399, 521
38, 20447, 47, 11398, 616
38, 20447, 84, 11398, 491
38, 20447, 527, 11398, 140
38, 20447, 185, 11398, 544
38, 20447, 757, 11398, 145
38, 20447, 3114, 11398, 34
38, 20447, 283, 11398, 765
38, 20447, 414, 11398, 493
38, 20447, 2070, 11400, 60
38, 20447, 1246, 11398, 194
33, 18261, 20, 19427, 10
33, 18261, 10, 13932, 11
33, 18261, 7, 13692, 23
33, 18261, 3, 410857, 47
33, 18261, 1, 44624, 10
33, 18261, 1, 11477, 1
33, 18261, 29, 11432, 5
33, 18261, 13, 11413, 31
33, 18261, 27, 11403, 13
33, 18261, 2, 11398, 470
33, 18261, 4, 11398, 353
33, 18261, 6, 11398, 250
33, 18261, 12, 11399, 423
33, 18261, 101, 11400, 272
33, 18261, 26, 11399, 423
33, 18261, 47, 11398, 594
33, 18261, 84, 11398, 420
33, 18261, 527, 11398, 215
33, 18261, 185, 11398, 736
33, 18261, 757, 11398, 169
33, 18261, 3114, 11398, 37
33, 18261, 283, 11398, 573
33, 18261, 414, 11398, 585
33, 18261, 2070, 11400, 98
33, 18261, 1246, 11398, 175
20, 19427, 10, 13932, 44
20, 19427, 7, 13692, 9
20, 19427, 3, 410857, 55
20, 19427, 1, 44624, 9
20, 19427, 1, 11477, 1
20, 19427, 29, 11432, 16
20, 19427, 13, 11413, 33
20, 19427, 27, 11403, 83
20, 19427, 2, 11398, 694
20, 19427, 4, 11398, 556
20, 19427, 6, 11398, 368
20, 19427, 12, 11399, 618
20, 19427, 101, 11400, 215
20, 19427, 26, 11399, 714
20, 19427, 47, 11398, 832
20, 19427, 84, 11398, 662
20, 19427, 527, 11398, 167
20, 19427, 185, 11398, 1144
20, 19427, 757, 11398, 207
20, 19427, 3114, 11398, 63
20, 19427, 283, 11398, 752
20, 19427, 414, 11398, 607
20, 19427, 2070, 11400, 81
20, 19427, 1246, 11398, 294
10, 13932, 7, 13692, 18
10, 13932, 3, 410857, 107
10, 13932, 1, 44624, 41
10, 13932, 1, 11477, 2
10, 13932, 29, 11432, 45
10, 13932, 13, 11413, 70
10, 13932, 27, 11403, 87
10, 13932, 2, 11398, 1136
10, 13932, 4, 11398, 900
10, 13932, 6, 11398, 721
10, 13932, 12, 11399, 1191
10, 13932, 101, 11400, 422
10, 13932, 26, 11399, 1350
10, 13932, 47, 11398, 1477
10, 13932, 84, 11398, 1611
10, 13932, 527, 11398, 387
10, 13932, 185, 11398, 1491
10, 13932, 757, 11398, 342
10, 13932, 3114, 11398, 126
10, 13932, 283, 11398, 1218
10, 13932, 414, 11398, 997
10, 13932, 2070, 11400, 302
10, 13932, 1246, 11398, 422
7, 13692, 3, 410857, 24
7, 13692, 1, 44624, 9
7, 13692, 29, 11432, 27
7, 13692, 13, 11413, 40
7, 13692, 27, 11403, 103
7, 13692, 2, 11398, 354
7, 13692, 4, 11398, 278
7, 13692, 6, 11398, 216
7, 13692, 12, 11399, 421
7, 13692, 101, 11400, 95
7, 13692, 26, 11399, 423
7, 13692, 47, 11398, 433
7, 13692, 84, 11398, 573
7, 13692, 527, 11398, 121
7, 13692, 185, 11398, 481
7, 13692, 757, 11398, 116
7, 13692, 3114, 11398, 50
7, 13692, 283, 11398, 382
7, 13692, 414, 11398, 281
7, 13692, 2070, 11400, 117
7, 13692, 1246, 11398, 137
3, 410857, 1, 44624, 50
3, 410857, 1, 11477, 1
3, 410857, 29, 11432, 30
3, 410857, 13, 11413, 158
3, 410857, 27, 11403, 34
3, 410857, 2, 11398, 1976
3, 410857, 4, 11398, 1413
3, 410857, 6, 11398, 1276
3, 410857, 12, 11399, 2150
3, 410857, 101, 11400, 898
3, 410857, 26, 11399, 2751
3, 410857, 47, 11398, 3338
3, 410857, 84, 11398, 2793
3, 410857, 527, 11398, 724
3, 410857, 185, 11398, 2217
3, 410857, 757, 11398, 638
3, 410857, 3114, 11398, 203
3, 410857, 283, 11398, 1978
3, 410857, 414, 11398, 1510
3, 410857, 2070, 11400, 633
3, 410857, 1246, 11398, 543
1, 44624, 1, 11477, 6
1, 44624, 29, 11432, 17
1, 44624, 13, 11413, 65
1, 44624, 27, 11403, 33
1, 44624, 2, 11398, 523
1, 44624, 4, 11398, 669
1, 44624, 6, 11398, 686
1, 44624, 12, 11399, 1232
1, 44624, 101, 11400, 481
1, 44624, 26, 11399, 1570
1, 44624, 47, 11398, 1428
1, 44624, 84, 11398, 1072
1, 44624, 527, 11398, 295
1, 44624, 185, 11398, 999
1, 44624, 757, 11398, 276
1, 44624, 3114, 11398, 106
1, 44624, 283, 11398, 890
1, 44624, 414, 11398, 614
1, 44624, 2070, 11400, 201
1, 44624, 1246, 11398, 284
1, 11477, 27, 11403, 3
1, 11477, 2, 11398, 11
1, 11477, 4, 11398, 29
1, 11477, 6, 11398, 17
1, 11477, 12, 11399, 29
1, 11477, 101, 11400, 10
1, 11477, 26, 11399, 28
1, 11477, 47, 11398, 28
1, 11477, 84, 11398, 27
1, 11477, 527, 11398, 17
1, 11477, 185, 11398, 25
1, 11477, 757, 11398, 13
1, 11477, 3114, 11398, 13
1, 11477, 283, 11398, 23
1, 11477, 414, 11398, 20
1, 11477, 2070, 11400, 11
1, 11477, 1246, 11398, 20
29, 11432, 13, 11413, 44
29, 11432, 27, 11403, 66
29, 11432, 2, 11398, 536
29, 11432, 4, 11398, 409
29, 11432, 6, 11398, 305
29, 11432, 12, 11399, 485
29, 11432, 101, 11400, 56
29, 11432, 26, 11399, 381
29, 11432, 47, 11398, 578
29, 11432, 84, 11398, 403
29, 11432, 527, 11398, 178
29, 11432, 185, 11398, 576
29, 11432, 757, 11398, 157
29, 11432, 3114, 11398, 52
29, 11432, 283, 11398, 718
29, 11432, 414, 11398, 540
29, 11432, 2070, 11400, 52
29, 11432, 1246, 11398, 187
13, 11413, 27, 11403, 112
13, 11413, 2, 11398, 1462
13, 11413, 4, 11398, 1107
13, 11413, 6, 11398, 866
13, 11413, 12, 11399, 1387
13, 11413, 101, 11400, 178
13, 11413, 26, 11399, 1307
13, 11413, 47, 11398, 1259
13, 11413, 84, 11398, 1652
13, 11413, 527, 11398, 412
13, 11413, 185, 11398, 1443
13, 11413, 757, 11398, 388
13, 11413, 3114, 11398, 141
13, 11413, 283, 11398, 1190
13, 11413, 414, 11398, 1044
13, 11413, 2070, 11400, 251
13, 11413, 1246, 11398, 439
27, 11403, 2, 11398, 983
27, 11403, 4, 11398, 783
27, 11403, 6, 11398, 574
27, 11403, 12, 11399, 1145
27, 11403, 101, 11400, 176
27, 11403, 26, 11399, 744
27, 11403, 47, 11398, 906
27, 11403, 84, 11398, 743
27, 11403, 527, 11398, 312
27, 11403, 185, 11398, 1029
27, 11403, 757, 11398, 324
27, 11403, 3114, 11398, 121
27, 11403, 283, 11398, 970
27, 11403, 414, 11398, 810
27, 11403, 2070, 11400, 141
27, 11403, 1246, 11398, 334
2, 11398, 4, 11398, 21736
2, 11398, 6, 11398, 21939
2, 11398, 12, 11399, 33986
2, 11398, 101, 11400, 5764
2, 11398, 26, 11399, 34479
2, 11398, 47, 11398, 31209
2, 11398, 84, 11398, 29303
2, 11398, 527, 11398, 9825
2, 11398, 185, 11398, 24847
2, 11398, 757, 11398, 10017
2, 11398, 3114, 11398, 3217
2, 11398, 283, 11398, 21677
2, 11398, 414, 11398, 18546
2, 11398, 2070, 11400, 6311
2, 11398, 1246, 11398, 9078
4, 11398, 6, 11398, 12538
4, 11398, 12, 11399, 22995
4, 11398, 101, 11400, 4495
4, 11398, 26, 11399, 25790
4, 11398, 47, 11398, 23152
4, 11398, 84, 11398, 21939
4, 11398, 527, 11398, 7869
4, 11398, 185, 11398, 19733
4, 11398, 757, 11398, 7916
4, 11398, 3114, 11398, 2689
4, 11398, 283, 11398, 16997
4, 11398, 414, 11398, 14846
4, 11398, 2070, 11400, 4876
4, 11398, 1246, 11398, 7363
6, 11398, 12, 11399, 15181
6, 11398, 101, 11400, 5190
6, 11398, 26, 11399, 19052
6, 11398, 47, 11398, 18164
6, 11398, 84, 11398, 18026
6, 11398, 527, 11398, 6365
6, 11398, 185, 11398, 15077
6, 11398, 757, 11398, 6198
6, 11398, 3114, 11398, 2476
6, 11398, 283, 11398, 13839
6, 11398, 414, 11398, 11763
6, 11398, 2070, 11400, 5421
6, 11398, 1246, 11398, 5232
12, 11399, 101, 11400, 6832
12, 11399, 26, 11399, 26515
12, 11399, 47, 11398, 29716
12, 11399, 84, 11398, 32026
12, 11399, 527, 11398, 10104
12, 11399, 185, 11398, 27566
12, 11399, 757, 11398, 10020
12, 11399, 3114, 11398, 3550
12, 11399, 283, 11398, 23029
12, 11399, 414, 11398, 19643
12, 11399, 2070, 11400, 7035
12, 11399, 1246, 11398, 10196
101, 11400, 26, 11399, 9414
101, 11400, 47, 11398, 8488
101, 11400, 84, 11398, 4267
101, 11400, 527, 11398, 3370
101, 11400, 185, 11398, 3852
101, 11400, 757, 11398, 3500
101, 11400, 3114, 11398, 3398
101, 11400, 283, 11398, 3826
101, 11400, 414, 11398, 3822
101, 11400, 2070, 11400, 3362
101, 11400, 1246, 11398, 3640
26, 11399, 47, 11398, 25506
26, 11399, 84, 11398, 26576
26, 11399, 527, 11398, 11189
26, 11399, 185, 11398, 29300
26, 11399, 757, 11398, 11773
26, 11399, 3114, 11398, 4381
26, 11399, 283, 11398, 28541
26, 11399, 414, 11398, 21960
26, 11399, 2070, 11400, 7635
26, 11399, 1246, 11398, 13496
47, 11398, 84, 11398, 22271
47, 11398, 527, 11398, 10650
47, 11398, 185, 11398, 20351
47, 11398, 757, 11398, 12581
47, 11398, 3114, 11398, 4437
47, 11398, 283, 11398, 23320
47, 11398, 414, 11398, 22906
47, 11398, 2070, 11400, 6425
47, 11398, 1246, 11398, 14272
84, 11398, 527, 11398, 12322
84, 11398, 185, 11398, 19770
84, 11398, 757, 11398, 14075
84, 11398, 3114, 11398, 4800
84, 11398, 283, 11398, 19639
84, 11398, 414, 11398, 19349
84, 11398, 2070, 11400, 8634
84, 11398, 1246, 11398, 15051
527, 11398, 185, 11398, 12881
527, 11398, 757, 11398, 5260
527, 11398, 3114, 11398, 5267
527, 11398, 283, 11398, 7906
527, 11398, 414, 11398, 6983
527, 11398, 2070, 11400, 5291
527, 11398, 1246, 11398, 5230
185, 11398, 757, 11398, 12743
185, 11398, 3114, 11398, 5221
185, 11398, 283, 11398, 14009
185, 11398, 414, 11398, 15293
185, 11398, 2070, 11400, 11005
185, 11398, 1246, 11398, 11674
757, 11398, 3114, 11398, 5416
757, 11398, 283, 11398, 11243
757, 11398, 414, 11398, 7669
757, 11398, 2070, 11400, 5260
757, 11398, 1246, 11398, 5351
3114, 11398, 283, 11398, 5137
3114, 11398, 414, 11398, 5523
3114, 11398, 2070, 11400, 3705
3114, 11398, 1246, 11398, 5427
283, 11398, 414, 11398, 12334
283, 11398, 2070, 11400, 10993
283, 11398, 1246, 11398, 12458
414, 11398, 2070, 11400, 10249
414, 11398, 1246, 11398, 10847
2070, 11400, 1246, 11398, 5195
