wavemap_1246_11398_1 -4.0077410915347755 48.1952659214911 -31.55458836795959 -3.8675870114953366 -28.684190935924384 -19.195913385566058 -10.867763411385756 -35.28583189887163 25.357331998678696 -35.559317557179604 50.572508436581536 -0.31434493482749915 30.49707960730574 38.44742639686639
wavemap_2070_11400_1 -4.937736924716027 50.42777303250735 -39.85104124066463 72.91990030691309 -83.49398357310187 58.18217618913328 -90.80646621679554 19.84975528702558 -31.55458836795959 -3.8675870114953366 -4.0077410915347755 48.1952659214911
wavemap_414_11398_1 -80.6600738740261 -56.692810809996125 -28.684190935924384 -19.195913385566058 -31.55458836795959 -3.8675870114953366 -90.80646621679554 19.84975528702558 -99.9638714336846 14.724200639916159 -109.53404822194528 -31.315522155753953
wavemap_283_11398_1 -80.6600738740261 -56.692810809996125 -28.684190935924384 -19.195913385566058 -10.867763411385756 -35.28583189887163 -14.849373649307427 -91.62004131480391 -45.44178669828859 -101.14287620583579 -81.14202628720598 -69.57159275473104
wavemap_3114_11398_1 25.357331998678696 -35.559317557179604 54.0279452210801 -68.50939941127434 48.34255527769807 -88.31494554987165 2.985448698779072 -104.31160796379473 -14.849373649307427 -91.62004131480391 -10.867763411385756 -35.28583189887163
wavemap_757_11398_1 25.357331998678696 -35.559317557179604 50.572508436581536 -0.31434493482749915 92.27334737279216 -5.923769199323974 93.81008003227035 -7.914972578044747 85.67356482582424 -56.22642764420477 54.0279452210801 -68.50939941127434
wavemap_185_11398_1 73.73791750141157 64.13944061433706 30.49707960730574 38.44742639686639 50.572508436581536 -0.31434493482749915 92.27334737279216 -5.923769199323974 100.73537324168349 40.981078346145665
wavemap_527_11398_1 73.73791750141157 64.13944061433706 30.49707960730574 38.44742639686639 -4.0077410915347755 48.1952659214911 -4.937736924716027 50.42777303250735 21.126699389002095 111.00899728469376 36.76744765283091 114.88564681595876 74.94601836984748 83.87816831562161
wavemap_84_11398_1 -4.937736924716027 50.42777303250735 -39.85104124066463 72.91990030691309 -48.70970830223772 119.5842556468948 -9.394289154410437 135.0931527964699 21.126699389002095 111.00899728469376
wavemap_47_11398_1 -105.11853343544826 106.96643863156993 -58.91843509737561 125.36548279131212 -48.70970830223772 119.5842556468948 -39.85104124066463 72.91990030691309 -83.49398357310187 58.18217618913328 -109.91587584896503 86.41746911380135
wavemap_26_11399_1 -148.01638744194483 28.501109859453482 -142.50603284018808 72.25349216590172 -109.91587584896503 86.41746911380135 -83.49398357310187 58.18217618913328 -90.80646621679554 19.84975528702558 -99.9638714336846 14.724200639916159
wavemap_101_11400_1 -109.53404822194528 -31.315522155753953 -99.9638714336846 14.724200639916159 -148.01638744194483 28.501109859453482 -156.25891959524625 23.286287501395293 -162.496298416386 -26.50093162150439 -147.0712658574423 -40.42244721046169
wavemap_12_11399_1 -80.6600738740261 -56.692810809996125 -109.53404822194528 -31.315522155753953 -147.0712658574423 -40.42244721046169 -150.54694660482673 -76.53700334908638 -116.41746846001925 -101.50194974239739 -81.14202628720598 -69.57159275473104
wavemap_6_11398_1 -81.14202628720598 -69.57159275473104 -45.44178669828859 -101.14287620583579 -59.510294759344475 -139.09802701258036 -74.96474917126045 -143.97302570988154 -115.9044994154327 -114.4535887661809 -116.41746846001925 -101.50194974239739
wavemap_4_11398_1 -26.57940496493345 -162.13850789287793 -59.510294759344475 -139.09802701258036 -45.44178669828859 -101.14287620583579 -14.849373649307427 -91.62004131480391 2.985448698779072 -104.31160796379473 7.641257178792805 -146.6743741643383
wavemap_2_11398_1 7.641257178792805 -146.6743741643383 2.985448698779072 -104.31160796379473 48.34255527769807 -88.31494554987165 72.6825551748548 -127.17119453571021 70.84321470863894 -134.24245915200657 24.98698142298229 -156.31001428082948
wavemap_27_11403_1 54.0279452210801 -68.50939941127434 85.67356482582424 -56.22642764420477 117.97758687814155 -77.11766857206027 114.71080786974835 -106.99011771450486 72.6825551748548 -127.17119453571021 48.34255527769807 -88.31494554987165
wavemap_13_11413_1 93.81008003227035 -7.914972578044747 85.67356482582424 -56.22642764420477 117.97758687814155 -77.11766857206027 143.11340546212068 -63.06137718702092 145.61473605328544 -15.684973910041801
wavemap_29_11432_1 100.73537324168349 40.981078346145665 92.27334737279216 -5.923769199323974 93.81008003227035 -7.914972578044747 145.61473605328544 -15.684973910041801 150.6284702018277 -11.832835486617654 153.39797858791792 39.35980516897118 138.5079436634751 51.24382250838033
wavemap_14_11452_1 73.73791750141157 64.13944061433706 100.73537324168349 40.981078346145665 138.5079436634751 51.24382250838033 139.8034066504454 89.97894908585562 108.34909378398282 110.30252040547443 74.94601836984748 83.87816831562161
wavemap_34_11472_1 74.94601836984748 83.87816831562161 36.76744765283091 114.88564681595876 60.26384120453462 157.18828192657597 63.05764759376514 158.02365690749485 107.11182061638029 131.1095671827427 108.34909378398282 110.30252040547443
wavemap_119_11833_1 21.126699389002095 111.00899728469376 -9.394289154410437 135.0931527964699 -4.784405590073124 172.90436559243602 17.66683686113251 183.36537805278638 60.26384120453462 157.18828192657597 36.76744765283091 114.88564681595876
wavemap_28_12051_1 -4.784405590073124 172.90436559243602 -34.765800525992745 189.8368678500129 -70.54543344250574 169.76664698976097 -58.91843509737561 125.36548279131212 -48.70970830223772 119.5842556468948 -9.394289154410437 135.0931527964699
wavemap_32_11773_1 -131.706191235461 143.7557499762378 -105.11853343544826 106.96643863156993 -58.91843509737561 125.36548279131212 -70.54543344250574 169.76664698976097 -85.70896685395924 176.35189599945326 -130.4970210522732 150.4179464434764
wavemap_53_12597_1 -131.706191235461 143.7557499762378 -105.11853343544826 106.96643863156993 -109.91587584896503 86.41746911380135 -142.50603284018808 72.25349216590172 -174.38341715774058 93.25686521251275 -173.06618389407362 119.81530330194119
wavemap_30_12673_1 -156.25891959524625 23.286287501395293 -201.63362344871368 33.76958712781 -202.3280418165921 75.49518739859286 -174.38341715774058 93.25686521251275 -142.50603284018808 72.25349216590172 -148.01638744194483 28.501109859453482
wavemap_62_12456_1 -162.496298416386 -26.50093162150439 -207.70635667681063 -32.04388469245884 -212.62398444541395 -28.080221794253966 -214.11407892839037 23.90612776417035 -201.63362344871368 33.76958712781 -156.25891959524625 23.286287501395293
wavemap_7_11427_1 -147.0712658574423 -40.42244721046169 -162.496298416386 -26.50093162150439 -207.70635667681063 -32.04388469245884 -206.33342073226436 -80.33511962040959 -184.69919704844963 -93.66671866704213 -150.54694660482673 -76.53700334908638
wavemap_123_11670_1 -116.41746846001925 -101.50194974239739 -115.9044994154327 -114.4535887661809 -147.03642811404777 -146.63549763227695 -182.48417176664555 -128.0195597627331 -184.69919704844963 -93.66671866704213 -150.54694660482673 -76.53700334908638
wavemap_16_11696_1 -147.03642811404777 -146.63549763227695 -144.1626355934493 -164.94136499732852 -97.38903685346534 -188.5000381224416 -95.42467216122402 -187.74146749974483 -74.96474917126045 -143.97302570988154 -115.9044994154327 -114.4535887661809
wavemap_33_11491_1 -30.862026574223357 -200.55800183286152 -49.742281836367724 -210.85254306985144 -95.42467216122402 -187.74146749974483 -74.96474917126045 -143.97302570988154 -59.510294759344475 -139.09802701258036 -26.57940496493345 -162.13850789287793
wavemap_15_11645_1 33.67798753887672 -197.04060995133815 24.98698142298229 -156.31001428082948 7.641257178792805 -146.6743741643383 -26.57940496493345 -162.13850789287793 -30.862026574223357 -200.55800183286152 3.354466310360537 -216.86223361283308
wavemap_35_13487_1 33.67798753887672 -197.04060995133815 55.69059738047283 -205.62889164969044 96.03005691888666 -177.56054086579502 70.84321470863894 -134.24245915200657 24.98698142298229 -156.31001428082948
wavemap_31_12735_1 70.84321470863894 -134.24245915200657 72.6825551748548 -127.17119453571021 114.71080786974835 -106.99011771450486 232.11686817786858 -212.54461113092617 96.03005691888666 -177.56054086579502
wavemap_50_12860_1 -80.6600738740261 -56.692810809996125 232.11686817786858 -212.54461113092617 114.71080786974835 -106.99011771450486 117.97758687814155 -77.11766857206027 143.11340546212068 -63.06137718702092
wavemap_36_12116_1 145.61473605328544 -15.684973910041801 143.11340546212068 -63.06137718702092 -80.6600738740261 -56.692810809996125 150.6284702018277 -11.832835486617654
wavemap_60_12370_2 153.39797858791792 39.35980516897118 -80.6600738740261 -56.692810809996125 150.6284702018277 -11.832835486617654
wavemap_48_13096_2 139.8034066504454 89.97894908585562 -80.6600738740261 -56.692810809996125 153.39797858791792 39.35980516897118 138.5079436634751 51.24382250838033
wavemap_76_12776_2 139.8034066504454 89.97894908585562 -80.6600738740261 -56.692810809996125 107.11182061638029 131.1095671827427 108.34909378398282 110.30252040547443
wavemap_41_13114_2 107.11182061638029 131.1095671827427 -80.6600738740261 -56.692810809996125 63.05764759376514 158.02365690749485
wavemap_57_15545_3 60.26384120453462 157.18828192657597 63.05764759376514 158.02365690749485 -80.6600738740261 -56.692810809996125 17.66683686113251 183.36537805278638
wavemap_38_15906_3 17.66683686113251 183.36537805278638 -80.6600738740261 -56.692810809996125 -34.765800525992745 189.8368678500129 -4.784405590073124 172.90436559243602
wavemap_18_13639_3 -34.765800525992745 189.8368678500129 -70.54543344250574 169.76664698976097 -85.70896685395924 176.35189599945326 -80.6600738740261 -56.692810809996125
wavemap_8_11589_3 -130.4970210522732 150.4179464434764 -85.70896685395924 176.35189599945326 -80.6600738740261 -56.692810809996125
wavemap_56_16757_5 -131.706191235461 143.7557499762378 -173.06618389407362 119.81530330194119 -80.6600738740261 -56.692810809996125 -130.4970210522732 150.4179464434764
wavemap_40_13169_6 -173.06618389407362 119.81530330194119 -174.38341715774058 93.25686521251275 -202.3280418165921 75.49518739859286 -80.6600738740261 -56.692810809996125
wavemap_37_12382_9 -80.6600738740261 -56.692810809996125 -202.3280418165921 75.49518739859286 -201.63362344871368 33.76958712781 -214.11407892839037 23.90612776417035
wavemap_37_23740_12 -80.6600738740261 -56.692810809996125 -212.62398444541395 -28.080221794253966 -214.11407892839037 23.90612776417035
wavemap_46_11766_17 -206.33342073226436 -80.33511962040959 -207.70635667681063 -32.04388469245884 -212.62398444541395 -28.080221794253966 -80.6600738740261 -56.692810809996125
wavemap_24_12180_23 -206.33342073226436 -80.33511962040959 -80.6600738740261 -56.692810809996125 -182.48417176664555 -128.0195597627331 -184.69919704844963 -93.66671866704213
wavemap_29_13695_43 -182.48417176664555 -128.0195597627331 -147.03642811404777 -146.63549763227695 -144.1626355934493 -164.94136499732852 -80.6600738740261 -56.692810809996125
wavemap_9_12922_89 -80.6600738740261 -56.692810809996125 -97.38903685346534 -188.5000381224416 -144.1626355934493 -164.94136499732852
wavemap_15_17754_35 -80.6600738740261 -56.692810809996125 -49.742281836367724 -210.85254306985144 -95.42467216122402 -187.74146749974483 -97.38903685346534 -188.5000381224416
wavemap_14_14781_337 3.354466310360537 -216.86223361283308 -80.6600738740261 -56.692810809996125 -49.742281836367724 -210.85254306985144 -30.862026574223357 -200.55800183286152
wavemap_5_16664_287 33.67798753887672 -197.04060995133815 55.69059738047283 -205.62889164969044 -80.6600738740261 -56.692810809996125 3.354466310360537 -216.86223361283308
wavemap_2_15608_15 -80.6600738740261 -56.692810809996125 232.11686817786858 -212.54461113092617 96.03005691888666 -177.56054086579502 55.69059738047283 -205.62889164969044
